0 0.28436120234375 0.50127511171875 0.1572842546875 0.16025845468749997
0 0.41362479609375 0.48937788437500007 0.14602666093749997 0.14984214375000002
0 0.5319090140625 0.46907555468749995 0.14293981249999996 0.15144180000000002
0 0.58654684609375 0.564930496875 0.1232800078125 0.13015000625000006
0 0.63361062890625 0.65854523203125 0.12067324531250004 0.12526495468750004
0 0.5907510109375 0.766185253125 0.1291929874999999 0.13557161562500006
0 0.545689115625 0.8827566757812502 0.13090727187500004 0.1329436515625
0 0.42349095625000005 0.8982593015625 0.142383203125 0.140082478125
0 0.30191278671875 0.9216302265625 0.1494174546875 0.14565981249999993
0 0.23513958046875 0.8482854015625 0.1480867703125 0.14494859374999997
0 0.15548151796875 0.7402573734375 0.1682430390625 0.16685974062500009
0 0.2065524296875 0.6174420781250001 0.15261940312500002 0.14814123437499999
0 0.35170547812499997 0.6042714171875 0.157480184375 0.15584230000000004
0 0.47929031796874993 0.5807377976562501 0.14585064531249997 0.1469287890625
0 0.51997649921875 0.67244614765625 0.13461636718749997 0.13461636718749997
0 0.46114836953125 0.7738645484375001 0.1352401859375 0.137167521875
0 0.35082715468750003 0.79989879296875 0.145135921875 0.14461876406249993
0 0.292097471875 0.7244270226562499 0.1548845 0.15045675468750003
0 0.40869237109374995 0.6891844476562501 0.1355345453125 0.1333465484375
0 0.5410530296875 0.2931315953125 0.07889074687499997 0.08616562812500002
0 0.5082444531249999 0.2278356359375 0.07600564687500003 0.08170274375000001
0 0.494403371875 0.15119491406250002 0.07811910937499995 0.086748378125
0 0.5400863835937499 0.09636923124999999 0.07429631093750003 0.08432351249999999
0 0.58215288984375 0.04107817265625 0.0777073578125 0.0821563453125
0 0.6437759140624999 0.04881911875 0.07034709062499997 0.07950911875
0 0.696285646875 0.06824204765625 0.06916034374999995 0.0800573078125
0 0.7515169375 0.0852143375 0.06810024375000001 0.081346853125
0 0.77362759921875 0.15137869609375001 0.07139320156249998 0.0781141484375
0 0.7875496226562501 0.2171893390625 0.06306279843750007 0.0738648
0 0.7559057874999999 0.27220640703125004 0.06718025937499998 0.07622750468750002
0 0.7179207765625 0.32014746484375 0.07511349062499999 0.07988192656249997
0 0.6569810890625 0.31652900390625 0.06632562499999999 0.0763636359375
0 0.6024373109375001 0.3062305921875 0.06777981249999998 0.07518149687500002
0 0.5830408617187499 0.23706936562500003 0.0726820703125 0.08064909375
0 0.56071568515625 0.16791985859374997 0.07732103593750006 0.0837227765625
0 0.5987643765625 0.1131941484375 0.07492067499999999 0.08303919374999999
0 0.6581787132812501 0.12101696171875001 0.0697849953125 0.0777823140625
0 0.7191019171875 0.13654153203125002 0.06334265312499995 0.07423688593750001
0 0.7383593203125 0.2026922109375 0.07009740312500004 0.0761826125
0 0.69988185625 0.253075203125 0.06606589999999998 0.07345298125
0 0.63886631171875 0.25028643749999996 0.07505215781249994 0.079313496875
0 0.68280275390625 0.18844459218749998 0.07330689843750005 0.07809150624999998
0 0.62189592890625 0.18203047187500002 0.07699026406250002 0.08126785312499998
0 0.8005584484374999 0.43678547187499994 0.06219133750000001 0.06844104687499994
0 0.8474413921874999 0.4301283710937501 0.0561700343750001 0.06298964531250002
0 0.8866893390625 0.42540057265625003 0.052748018750000014 0.062251607812499984
0 0.9363670234375 0.42376724531250004 0.05612759374999996 0.06510612187500002
0 0.9766312460937498 0.41892195703125 0.04567978906249994 0.05852785468750006
0 0.98384439921875 0.46667662187500003 0.0323112015625 0.05407627187499999
0 0.99181073125 0.5166207468749999 0.016378537499999977 0.046659287499999993
0 0.9939545445312501 0.7017109546875 0.012090910937500077 0.04487087499999998
0 0.97742568984375 0.7462872484374999 0.04514862031250004 0.05072755624999994
0 0.9619657187499999 0.791897903125 0.050414634374999955 0.05700849687499998
0 0.9223007867187499 0.80282108359375 0.05248482968749997 0.05445104531249996
0 0.878700359375 0.8140319984375 0.053198912500000084 0.05592239062499997
0 0.82920192578125 0.8225495445312501 0.054078320312499886 0.05540837656249993
0 0.78451030703125 0.8330455687499999 0.0610332265624999 0.06557768124999992
0 0.7577609953125 0.7937299765625 0.060891190625000036 0.06290899999999996
0 0.73181865546875 0.75122021640625 0.05600045781249996 0.056221589062499966
0 0.71352024921875 0.70473400625 0.05523454531249996 0.058665165624999994
0 0.6962679953124999 0.65138426875 0.06041474999999998 0.06303481562500002
0 0.72681195625 0.601929759375 0.06166438437499995 0.06472284999999997
0 0.7487926328125 0.54650220859375 0.06582979375000005 0.06689388281250004
0 0.7769851296875 0.49028350781249996 0.06181559999999999 0.06739201249999996
0 0.82438707421875 0.48449182734375 0.052372245312499996 0.06252494531250008
0 0.8682330984375 0.47971946562499995 0.0547486718750001 0.06240666250000002
0 0.9120917609374999 0.47515230078125 0.049832368749999925 0.058565823437499984
0 0.9527969804687502 0.471764428125 0.04911816093749995 0.05834699062500004
0 0.97253533984375 0.5184426515625 0.05017814843750017 0.053955065625000034
0 0.9831447421874999 0.5622244375000001 0.03371051562500007 0.04957625624999995
0 0.9921471773437499 0.6077367390624999 0.01570564531249996 0.04856500312500005
0 0.9791333039062501 0.65487563046875 0.04173339218750005 0.054005529687499984
0 0.9649236554687501 0.70301857265625 0.04965875468750003 0.050786879687499994
0 0.9361129765625 0.7498188148437499 0.0488055093749999 0.053590867187500016
0 0.893465396875 0.7607429445312499 0.0556414468749999 0.05680702656250007
0 0.8512478109374999 0.7727945609375 0.050781712500000076 0.05587341875000007
0 0.8076168320312501 0.77883833984375 0.05375623593750003 0.05479313281249994
0 0.78593294296875 0.7446699734375001 0.059608401562500024 0.06078921250000002
0 0.76369721796875 0.6979782265625 0.05894614218749998 0.06323721875000006
0 0.74351683359375 0.6485582421875 0.05561120781250004 0.06139723124999996
0 0.77457943359375 0.5930278023437501 0.05506618906250003 0.06391529531249995
0 0.7990713507812501 0.5380117882812501 0.05528549218750003 0.06167127968750004
0 0.84591872265625 0.5337669835937501 0.056199676562500044 0.06340551718750005
0 0.8914383781249999 0.52611769921875 0.04946113125 0.06114486718749994
0 0.92921071875 0.5218391718750001 0.04914650937499996 0.05722689999999995
0 0.9473840914062499 0.56447653671875 0.0526700703125 0.05990976718749996
0 0.96679262265625 0.61138535703125 0.047929823437500116 0.05426471093750003
0 0.9429678078125001 0.66001818671875 0.047499590624999935 0.05252127968750005
0 0.9233101304687501 0.71014019453125 0.05202811406250003 0.05469086406249994
0 0.87886851953125 0.71908198828125 0.04730626093750008 0.05425850468749997
0 0.8357480718750001 0.72730463046875 0.05733776562500008 0.06438747031250003
0 0.8088080812499999 0.680854225 0.05335555937500001 0.05798525000000003
0 0.7854084648437499 0.6369402242187501 0.053040467187499996 0.0591503484375
0 0.8154779515625 0.58507028359375 0.04903574999999991 0.0567778234375
0 0.8619568843749998 0.57703207109375 0.05111005624999994 0.055874976562500046
0 0.9041727570312499 0.5728700234375 0.04612248593749992 0.05204267812500003
0 0.9245277296875001 0.61641486640625 0.04855584999999998 0.05479502968749994
0 0.9021550765625002 0.6667219023437501 0.046563274999999925 0.05693889843750002
0 0.8632574804687501 0.67605906171875 0.05755276718749993 0.059523998437500045
0 0.8338480148437502 0.6300880953125001 0.05567689843749992 0.059310743749999964
0 0.8801806015625001 0.6225053546875 0.050508468750000014 0.05433838125000001