0 0.4338942307692308 0.13822115384615385 0.17067307692307693 0.23557692307692307
0 0.5853365384615384 0.039663461538461536 0.06009615384615385 0.07932692307692307
0 0.671875 0.09975961538461539 0.06009615384615385 0.07932692307692307
0 0.6153846153846154 0.10216346153846154 0.06009615384615385 0.07932692307692307
0 0.7896634615384616 0.09254807692307693 0.0625 0.07932692307692307
0 0.9423076923076923 0.03125 0.0625 0.0625
0 0.7019230769230769 0.03485576923076923 0.06009615384615385 0.06971153846153846
0 0.5877403846153846 0.1658653846153846 0.06009615384615385 0.07451923076923077
0 0.7608173076923077 0.03365384615384615 0.0625 0.0673076923076923
0 0.8197115384615384 0.03245192307692308 0.0625 0.0625
0 0.7307692307692307 0.09495192307692307 0.0625 0.08173076923076923
0 0.7019230769230769 0.1622596153846154 0.06009615384615385 0.07932692307692307
0 0.5444711538461539 0.040865384615384616 0.02403846153846154 0.07932692307692307
0 0.8810096153846154 0.03125 0.0625 0.0625
0 0.8485576923076923 0.09134615384615384 0.0625 0.08173076923076923
0 0.6430288461538461 0.037259615384615384 0.0625 0.07451923076923077
0 0.546875 0.1658653846153846 0.028846153846153848 0.07451923076923077
0 0.7596153846153846 0.15745192307692307 0.06009615384615385 0.07932692307692307
0 0.9086538461538461 0.09014423076923077 0.0625 0.08173076923076923
0 0.9675480769230769 0.08653846153846154 0.06009615384615385 0.07932692307692307
0 0.8762019230769231 0.15384615384615385 0.06009615384615385 0.07932692307692307
0 0.6177884615384616 0.22596153846153846 0.055288461538461536 0.07211538461538461
0 0.5588942307692307 0.10336538461538461 0.052884615384615384 0.07932692307692307
0 0.7295673076923077 0.22355769230769232 0.06009615384615385 0.07932692307692307
0 0.8173076923076923 0.15504807692307693 0.0625 0.07451923076923077
0 0.6442307692307693 0.16466346153846154 0.057692307692307696 0.07932692307692307
0 0.6454326923076923 0.2860576923076923 0.057692307692307696 0.07211538461538461
0 0.9338942307692307 0.15264423076923078 0.0625 0.07692307692307693
0 0.5612980769230769 0.22716346153846154 0.055288461538461536 0.07451923076923077
0 0.7860576923076923 0.21754807692307693 0.06009615384615385 0.07451923076923077
0 0.7007211538461539 0.2848557692307692 0.06009615384615385 0.07211538461538461
0 0.7572115384615384 0.2824519230769231 0.06009615384615385 0.07211538461538461
0 0.8137019230769231 0.27884615384615385 0.06009615384615385 0.07451923076923077
0 0.84375 0.21634615384615385 0.06009615384615385 0.07451923076923077
0 0.671875 0.2247596153846154 0.06009615384615385 0.07451923076923077
0 0.5913461538461539 0.2860576923076923 0.057692307692307696 0.07451923076923077
0 0.5637019230769231 0.34615384615384615 0.055288461538461536 0.07211538461538461
0 0.8701923076923077 0.2764423076923077 0.06009615384615385 0.07451923076923077
0 0.9591346153846154 0.21514423076923078 0.06009615384615385 0.07451923076923077
0 0.6742788461538461 0.34375 0.057692307692307696 0.07211538461538461
0 0.7836538461538461 0.3425480769230769 0.057692307692307696 0.07211538461538461
0 0.8401442307692307 0.33774038461538464 0.057692307692307696 0.07211538461538461
0 0.6189903846153846 0.3449519230769231 0.057692307692307696 0.07211538461538461
0 0.9026442307692307 0.21514423076923078 0.06009615384615385 0.07451923076923077
0 0.7283653846153846 0.34375 0.057692307692307696 0.07211538461538461
0 0.5480769230769231 0.28725961538461536 0.03365384615384615 0.07211538461538461
0 0.6466346153846154 0.4026442307692308 0.057692307692307696 0.06971153846153846
0 0.9278846153846154 0.2764423076923077 0.06009615384615385 0.07211538461538461
0 0.9519230769230769 0.33533653846153844 0.06009615384615385 0.07211538461538461
0 0.9194711538461539 0.39302884615384615 0.057692307692307696 0.06971153846153846
0 0.5492788461538461 0.4026442307692308 0.03365384615384615 0.07211538461538461
0 0.8954326923076923 0.33533653846153844 0.057692307692307696 0.07211538461538461
0 0.5925480769230769 0.4026442307692308 0.052884615384615384 0.07211538461538461
0 0.7548076923076923 0.40024038461538464 0.057692307692307696 0.06971153846153846
0 0.7007211538461539 0.4014423076923077 0.057692307692307696 0.06971153846153846
0 0.7259615384615384 0.42908653846153844 0.057692307692307696 0.019230769230769232
0 0.6742788461538461 0.43028846153846156 0.052884615384615384 0.016826923076923076
0 0.8882211538461539 0.4266826923076923 0.052884615384615384 0.02403846153846154
0 0.8100961538461539 0.39783653846153844 0.057692307692307696 0.06971153846153846
0 0.78125 0.42908653846153844 0.052884615384615384 0.019230769230769232
0 0.8653846153846154 0.3942307692307692 0.057692307692307696 0.06971153846153846
0 0.8341346153846154 0.42788461538461536 0.052884615384615384 0.021634615384615384
0 0.6201923076923077 0.43028846153846156 0.052884615384615384 0.016826923076923076
0 0.9423076923076923 0.4266826923076923 0.057692307692307696 0.02403846153846154
0 0.18028846153846154 0.9795673076923077 0.12740384615384615 0.040865384615384616
0 0.32091346153846156 0.9831730769230769 0.15144230769230768 0.03365384615384615
0 0.052884615384615384 0.9855769230769231 0.10576923076923077 0.028846153846153848
0 0.23798076923076922 0.45072115384615385 0.11778846153846154 0.02403846153846154
0 0.4807692307692308 0.453125 0.10336538461538461 0.028846153846153848
0 0.29447115384615385 0.4951923076923077 0.14903846153846154 0.11298076923076923
0 0.04807692307692308 0.4951923076923077 0.09615384615384616 0.11298076923076923
0 0.5120192307692307 0.4963942307692308 0.040865384615384616 0.11538461538461539
0 0.41586538461538464 0.5072115384615384 0.12259615384615384 0.10336538461538461
0 0.1658653846153846 0.5096153846153846 0.11778846153846154 0.10817307692307693
0 0.3713942307692308 0.5949519230769231 0.14903846153846154 0.12259615384615384
0 0.10216346153846154 0.5949519230769231 0.1466346153846154 0.12740384615384615
0 0.234375 0.5997596153846154 0.1201923076923077 0.10576923076923077
0 0.016826923076923076 0.6009615384615384 0.03365384615384615 0.09615384615384616
0 0.47836538461538464 0.6057692307692307 0.10817307692307693 0.10576923076923077
0 0.2848557692307692 0.6947115384615384 0.1466346153846154 0.12259615384615384
0 0.046875 0.6947115384615384 0.09375 0.12259615384615384
0 0.5048076923076923 0.6947115384615384 0.052884615384615384 0.12259615384615384
0 0.15504807692307693 0.7007211538461539 0.11538461538461539 0.10817307692307693
0 0.4074519230769231 0.7007211538461539 0.11778846153846154 0.10576923076923077
0 0.014423076923076924 0.7884615384615384 0.028846153846153848 0.10336538461538461
0 0.22355769230769232 0.7908653846153846 0.11778846153846154 0.10576923076923077
0 0.4735576923076923 0.7908653846153846 0.11298076923076923 0.10096153846153846
0 0.35697115384615385 0.8004807692307693 0.1466346153846154 0.12259615384615384
0 0.09134615384615384 0.8004807692307693 0.1466346153846154 0.12259615384615384
0 0.028846153846153848 0.9122596153846154 0.057692307692307696 0.10817307692307693
0 0.4963942307692308 0.9146634615384616 0.07211538461538461 0.10576923076923077
0 0.2536057692307692 0.9158653846153846 0.12259615384615384 0.10096153846153846
0 0.40384615384615385 0.9278846153846154 0.15384615384615385 0.12740384615384615
0 0.12259615384615384 0.9302884615384616 0.15384615384615385 0.12740384615384615
0 0.4423076923076923 0.9771634615384616 0.1201923076923077 0.04567307692307692
0 0.5889423076923077 0.7932692307692307 0.11538461538461539 0.41346153846153844
0 0.7175480769230769 0.8161057692307693 0.20432692307692307 0.36778846153846156
0 0.9507211538461539 0.8209134615384616 0.0985576923076923 0.3581730769230769