0 0.213454646875 0.25535660234375 0.12428483124999998 0.12912072031250002
0 0.31294757734375 0.2666766984375 0.11583303906250002 0.126428434375
0 0.40985641953125 0.28192941328125 0.11513757656249997 0.12672410156249997
0 0.5049948703125 0.29675497265625 0.115827628125 0.12051761718750002
0 0.60125542421875 0.3200353828125 0.11299725781250007 0.11829703125000002
0 0.6934671234375 0.33429360781249995 0.11144605312499997 0.12383914687500001
0 0.7840339921874999 0.35629873515625 0.11024732499999992 0.1181348984375
0 0.1508162265625 0.33697850625000003 0.11673460312499997 0.11745459062500001
0 0.25291250546875 0.3551181109375 0.12212299218750003 0.12261367812500006
0 0.34713200390625 0.3644318078125 0.10467926718750001 0.10633427500000003
0 0.43877784374999995 0.381945071875 0.10162396875000002 0.10446264999999996
0 0.5326572828125 0.40068358828125 0.10298751250000002 0.1137415453125
0 0.624408496875 0.42310245703125 0.11418081562499997 0.11955063906250003
0 0.71869282109375 0.43459125234374996 0.11093548593750002 0.12205344531250004
0 0.81015543671875 0.45032431562499997 0.1033194296875 0.10489619374999996
0 0.1007001390625 0.4199187609375 0.11565924999999999 0.11719871875000001
0 0.1914226421875 0.4402544234375 0.110496228125 0.11483651875
0 0.28553291328124997 0.4549784578125 0.11163380156249998 0.11738766250000002
0 0.3776647109375 0.46447326640625003 0.10282313437499999 0.10707384218750002
0 0.47135205312500006 0.48178837109375 0.11601851562499998 0.11866999843750001
0 0.5625593999999999 0.49917153281250004 0.10718392187499992 0.11275220312499998
0 0.6489235460937499 0.51241451953125 0.1013623328125 0.10316995468750001
0 0.7373574664062501 0.5245897515625 0.09811770156249996 0.10215120312499995
0 0.8281211992187499 0.54330768515625 0.11151998281249993 0.10963318593749997
0 0.0484918609375 0.5014572351562501 0.096983721875 0.10755943593749998
0 0.141350834375 0.51154184140625 0.10063386562500001 0.10802177031250002
0 0.23160025312500002 0.5268165453125 0.10560328749999999 0.09581480000000005
0 0.32105747890625 0.53930510703125 0.10142179218749998 0.10349952968750005
0 0.40956854453125 0.556538725 0.10530013593749996 0.107712028125
0 0.49947994296875003 0.57508112421875 0.09781535468750002 0.10180437656250003
0 0.58653021484375 0.58630604765625 0.10730801093749998 0.10611267031250007
0 0.6750343867187499 0.6023527304687499 0.08892862656250004 0.09340090781250003
0 0.7603811421875 0.61365717734375 0.09189690624999995 0.09796890156250004
0 0.84437774375 0.6313279828125 0.10755013437500009 0.10735864062499996
0 0.073212884375 0.59137155546875 0.104089671875 0.09900525468749999
0 0.17269706015625 0.60369836953125 0.1040750609375 0.10670771406249999
0 0.26509725859375 0.6163981156249999 0.1102398171875 0.10652681875
0 0.35741539453125004 0.63061264453125 0.09838078281250003 0.09798025156249998
0 0.44228782890625 0.65375428125 0.10908124843750003 0.107776340625
0 0.53048735234375 0.6634164859375 0.0978229265625 0.09845844374999997
0 0.61484562109375 0.67650210078125 0.09837988593749998 0.09707959218750002
0 0.7022343492187499 0.69012045078125 0.10436632343749999 0.1036510265625
0 0.7876353921874999 0.70417983125 0.09304764062500004 0.09963990312500001
0 0.10629345078125 0.68534177890625 0.11364900781250001 0.10907526718750002
0 0.20856418984375003 0.6874459921874999 0.10206995781250001 0.09721837500000001
0 0.29636024140624995 0.7073700992187499 0.09502886093750003 0.09345736718750004
0 0.3819630328125 0.7277886390624999 0.10031594062499996 0.10293239375
0 0.4698760703125 0.7314558328125 0.10108197812499994 0.09745150625000001
0 0.55603521328125 0.7429086421875001 0.09320899843749997 0.09782119375000002
0 0.64185016640625 0.76038195703125 0.10211338593750004 0.09405829843750002
0 0.72511885859375 0.7765116578125 0.09971342656250001 0.10155799062499993
0 0.14547023828125 0.76698196953125 0.1084766046875 0.10474079218749992
0 0.24339587656250003 0.776159565625 0.09762372187500001 0.093157590625
0 0.32641774453125 0.7987090484375 0.0969428453125 0.10159534062500004
0 0.4120066859375 0.8109254921875 0.10067494687499998 0.0974750124999999
0 0.4968407015625 0.8182524476562498 0.09765496250000005 0.09822685468749999
0 0.58018776796875 0.8203599140625 0.09192504843749996 0.086489384375
0 0.661189371875 0.8341938085937499 0.09798171250000003 0.09231465781249995
0 0.18682719140624998 0.8428276421875 0.1100011484375 0.10619921249999989
0 0.27267924609375005 0.8638383843749999 0.0993248359375 0.10107189062500002
0 0.35401188828125 0.8827942546875001 0.09684780156249997 0.09622521562500008
0 0.43877900546875 0.89336231484375 0.09254032031250001 0.09624534843750006
0 0.51899270625 0.899269046875 0.09613036562500002 0.09478815312500011
0 0.6006665570312499 0.8888589429687499 0.09039730781249995 0.08411261093749989