0 0.48857142857142855 0.27 0.01 0.07
0 0.5014285714285714 0.27 0.01 0.07
0 0.44285714285714284 0.34 0.008571428571428572 0.07
0 0.4542857142857143 0.34 0.008571428571428572 0.07
0 0.4657142857142857 0.34 0.01 0.07
0 0.4757142857142857 0.35 0.01 0.07
0 0.48714285714285716 0.35 0.01 0.07
0 0.5014285714285714 0.35 0.01 0.07
0 0.5128571428571429 0.35 0.008571428571428572 0.06
0 0.5242857142857142 0.35 0.01 0.07
0 0.5357142857142857 0.35 0.01 0.07
0 0.44142857142857145 0.42 0.01 0.06
0 0.45285714285714285 0.42 0.01 0.06
0 0.4642857142857143 0.42 0.01 0.07
0 0.4757142857142857 0.43 0.01 0.07
0 0.48714285714285716 0.43 0.01 0.07
0 0.5 0.43 0.011428571428571429 0.08
0 0.51 0.43 0.01 0.07
0 0.5242857142857142 0.43 0.011428571428571429 0.08
0 0.5357142857142857 0.43 0.01 0.07
0 0.4471428571428571 0.5 0.01 0.07
0 0.4585714285714286 0.5 0.008571428571428572 0.07
0 0.48 0.5 0.01 0.06
0 0.49142857142857144 0.5 0.01 0.08
0 0.5028571428571429 0.5 0.01 0.06
0 0.5142857142857142 0.5 0.01 0.06
0 0.5242857142857142 0.51 0.01 0.06
0 0.5357142857142857 0.5 0.008571428571428572 0.05
0 0.4442857142857143 0.57 0.01 0.06
0 0.45714285714285713 0.57 0.008571428571428572 0.06
0 0.46714285714285714 0.58 0.008571428571428572 0.07
0 0.4785714285714286 0.58 0.011428571428571429 0.08
0 0.49142857142857144 0.58 0.011428571428571429 0.07
0 0.5028571428571429 0.58 0.011428571428571429 0.09
0 0.5142857142857142 0.58 0.01 0.07
0 0.5257142857142857 0.59 0.011428571428571429 0.07
0 0.5357142857142857 0.59 0.01 0.07
0 0.44571428571428573 0.66 0.01 0.07
0 0.45714285714285713 0.65 0.008571428571428572 0.07
0 0.4685714285714286 0.65 0.008571428571428572 0.07
0 0.48 0.66 0.01 0.06
0 0.49142857142857144 0.66 0.01 0.07
0 0.5028571428571429 0.66 0.011428571428571429 0.08
0 0.5128571428571429 0.66 0.01 0.07
0 0.5242857142857142 0.66 0.011428571428571429 0.07
0 0.5357142857142857 0.66 0.01 0.07
0 0.4442857142857143 0.73 0.01 0.07
0 0.45571428571428574 0.73 0.01 0.07
0 0.4685714285714286 0.73 0.01 0.07
0 0.4785714285714286 0.73 0.01 0.07
0 0.49 0.73 0.01 0.06
0 0.5014285714285714 0.73 0.01 0.06
0 0.5142857142857142 0.73 0.008571428571428572 0.06
0 0.5257142857142857 0.73 0.01 0.06
0 0.5371428571428571 0.74 0.01 0.06
0 0.5603174157142856 0.25225809499999996 0.017274251428571412 0.11206053
0 0.5581165035714285 0.376889105 0.011155787142857159 0.08414185000000003
0 0.47 0.5 0.01 0.06
0 0.5641714064285714 0.450462785 0.012372452857142825 0.08278385
0 0.5568735914285714 0.52819883 0.012502171428571468 0.08345689999999997
0 0.5565369928571428 0.677277055 0.012213651428571422 0.08816817000000007
0 0.5637906178571429 0.6022331599999999 0.011747304285714303 0.07941864000000003
0 0.5628361607142857 0.743907935 0.011732801428571438 0.07874561
0 0.36857142857142855 0.27 0.01 0.07
0 0.6542857142857142 0.27 0.01 0.07
0 0.20285714285714285 0.27 0.01 0.07
0 0.7742857142857142 0.27 0.01 0.07
0 0.08285714285714285 0.27 0.01 0.07
0 0.94 0.27 0.01 0.07
0 0.3557142857142857 0.27 0.01 0.07
0 0.6414285714285715 0.27 0.01 0.07
0 0.21571428571428572 0.27 0.01 0.07
0 0.7871428571428571 0.27 0.01 0.07
0 0.07 0.27 0.01 0.07
0 0.9271428571428572 0.27 0.01 0.07
0 0.4142857142857143 0.34 0.008571428571428572 0.07
0 0.7 0.34 0.008571428571428572 0.07
0 0.15714285714285714 0.34 0.008571428571428572 0.07
0 0.7285714285714285 0.34 0.008571428571428572 0.07
0 0.12857142857142856 0.34 0.008571428571428572 0.07
0 0.9857142857142858 0.34 0.008571428571428572 0.07
0 0.40285714285714286 0.34 0.008571428571428572 0.07
0 0.6885714285714286 0.34 0.008571428571428572 0.07
0 0.16857142857142857 0.34 0.008571428571428572 0.07
0 0.74 0.34 0.008571428571428572 0.07
0 0.11714285714285715 0.34 0.008571428571428572 0.07
0 0.9742857142857143 0.34 0.008571428571428572 0.07
0 0.3914285714285714 0.34 0.01 0.07
0 0.6771428571428572 0.34 0.01 0.07
0 0.18 0.34 0.01 0.07
0 0.7514285714285714 0.34 0.01 0.07
0 0.10571428571428572 0.34 0.01 0.07
0 0.9628571428571429 0.34 0.01 0.07
0 0.38142857142857145 0.35 0.01 0.07
0 0.6671428571428571 0.35 0.01 0.07
0 0.19 0.35 0.01 0.07
0 0.7614285714285715 0.35 0.01 0.07
0 0.09571428571428571 0.35 0.01 0.07
0 0.9528571428571428 0.35 0.01 0.07
0 0.37 0.35 0.01 0.07
0 0.6557142857142857 0.35 0.01 0.07
0 0.20142857142857143 0.35 0.01 0.07
0 0.7728571428571429 0.35 0.01 0.07
0 0.08428571428571428 0.35 0.01 0.07
0 0.9414285714285714 0.35 0.01 0.07
0 0.3557142857142857 0.35 0.01 0.07
0 0.6414285714285715 0.35 0.01 0.07
0 0.21571428571428572 0.35 0.01 0.07
0 0.7871428571428571 0.35 0.01 0.07
0 0.07 0.35 0.01 0.07
0 0.9271428571428572 0.35 0.01 0.07
0 0.3442857142857143 0.35 0.008571428571428572 0.06
0 0.63 0.35 0.008571428571428572 0.06
0 0.22714285714285715 0.35 0.008571428571428572 0.06
0 0.7985714285714286 0.35 0.008571428571428572 0.06
0 0.05857142857142857 0.35 0.008571428571428572 0.06
0 0.9157142857142857 0.35 0.008571428571428572 0.06
0 0.33285714285714285 0.35 0.01 0.07
0 0.6185714285714285 0.35 0.01 0.07
0 0.23857142857142857 0.35 0.01 0.07
0 0.81 0.35 0.01 0.07
0 0.047142857142857146 0.35 0.01 0.07
0 0.9042857142857142 0.35 0.01 0.07
0 0.32142857142857145 0.35 0.01 0.07
0 0.6071428571428571 0.35 0.01 0.07
0 0.25 0.35 0.01 0.07
0 0.8214285714285714 0.35 0.01 0.07
0 0.03571428571428571 0.35 0.01 0.07
0 0.8928571428571429 0.35 0.01 0.07
0 0.4157142857142857 0.42 0.01 0.06
0 0.7014285714285714 0.42 0.01 0.06
0 0.15571428571428572 0.42 0.01 0.06
0 0.7271428571428571 0.42 0.01 0.06
0 0.13 0.42 0.01 0.06
0 0.9871428571428571 0.42 0.01 0.06
0 0.4042857142857143 0.42 0.01 0.06
0 0.69 0.42 0.01 0.06
0 0.16714285714285715 0.42 0.01 0.06
0 0.7385714285714285 0.42 0.01 0.06
0 0.11857142857142858 0.42 0.01 0.06
0 0.9757142857142858 0.42 0.01 0.06
0 0.39285714285714285 0.42 0.01 0.07
0 0.6785714285714286 0.42 0.01 0.07
0 0.17857142857142858 0.42 0.01 0.07
0 0.75 0.42 0.01 0.07
0 0.10714285714285714 0.42 0.01 0.07
0 0.9642857142857143 0.42 0.01 0.07
0 0.38142857142857145 0.43 0.01 0.07
0 0.6671428571428571 0.43 0.01 0.07
0 0.19 0.43 0.01 0.07
0 0.7614285714285715 0.43 0.01 0.07
0 0.09571428571428571 0.43 0.01 0.07
0 0.9528571428571428 0.43 0.01 0.07
0 0.37 0.43 0.01 0.07
0 0.6557142857142857 0.43 0.01 0.07
0 0.20142857142857143 0.43 0.01 0.07
0 0.7728571428571429 0.43 0.01 0.07
0 0.08428571428571428 0.43 0.01 0.07
0 0.9414285714285714 0.43 0.01 0.07
0 0.35714285714285715 0.43 0.011428571428571429 0.08
0 0.6428571428571429 0.43 0.011428571428571429 0.08
0 0.21428571428571427 0.43 0.011428571428571429 0.08
0 0.7857142857142857 0.43 0.011428571428571429 0.08
0 0.07142857142857142 0.43 0.011428571428571429 0.08
0 0.9285714285714286 0.43 0.011428571428571429 0.08
0 0.34714285714285714 0.43 0.01 0.07
0 0.6328571428571429 0.43 0.01 0.07
0 0.22428571428571428 0.43 0.01 0.07
0 0.7957142857142857 0.43 0.01 0.07
0 0.06142857142857143 0.43 0.01 0.07
0 0.9185714285714286 0.43 0.01 0.07
0 0.33285714285714285 0.43 0.011428571428571429 0.08
0 0.6185714285714285 0.43 0.011428571428571429 0.08
0 0.23857142857142857 0.43 0.011428571428571429 0.08
0 0.81 0.43 0.011428571428571429 0.08
0 0.047142857142857146 0.43 0.011428571428571429 0.08
0 0.9042857142857142 0.43 0.011428571428571429 0.08
0 0.32142857142857145 0.43 0.01 0.07
0 0.6071428571428571 0.43 0.01 0.07
0 0.25 0.43 0.01 0.07
0 0.8214285714285714 0.43 0.01 0.07
0 0.03571428571428571 0.43 0.01 0.07
0 0.8928571428571429 0.43 0.01 0.07
0 0.41 0.5 0.01 0.07
0 0.6957142857142857 0.5 0.01 0.07
0 0.16142857142857142 0.5 0.01 0.07
0 0.7328571428571429 0.5 0.01 0.07
0 0.12428571428571429 0.5 0.01 0.07
0 0.9814285714285714 0.5 0.01 0.07
0 0.3985714285714286 0.5 0.008571428571428572 0.07
0 0.6842857142857143 0.5 0.008571428571428572 0.07
0 0.17285714285714285 0.5 0.008571428571428572 0.07
0 0.7442857142857143 0.5 0.008571428571428572 0.07
0 0.11285714285714285 0.5 0.008571428571428572 0.07
0 0.97 0.5 0.008571428571428572 0.07
0 0.37714285714285717 0.5 0.01 0.06
0 0.6628571428571428 0.5 0.01 0.06
0 0.19428571428571428 0.5 0.01 0.06
0 0.7657142857142857 0.5 0.01 0.06
0 0.09142857142857143 0.5 0.01 0.06
0 0.9485714285714286 0.5 0.01 0.06
0 0.3657142857142857 0.5 0.01 0.08
0 0.6514285714285715 0.5 0.01 0.08
0 0.2057142857142857 0.5 0.01 0.08
0 0.7771428571428571 0.5 0.01 0.08
0 0.08 0.5 0.01 0.08
0 0.9371428571428572 0.5 0.01 0.08
0 0.35428571428571426 0.5 0.01 0.06
0 0.64 0.5 0.01 0.06
0 0.21714285714285714 0.5 0.01 0.06
0 0.7885714285714286 0.5 0.01 0.06
0 0.06857142857142857 0.5 0.01 0.06
0 0.9257142857142857 0.5 0.01 0.06
0 0.34285714285714286 0.5 0.01 0.06
0 0.6285714285714286 0.5 0.01 0.06
0 0.22857142857142856 0.5 0.01 0.06
0 0.8 0.5 0.01 0.06
0 0.05714285714285714 0.5 0.01 0.06
0 0.9142857142857143 0.5 0.01 0.06
0 0.33285714285714285 0.51 0.01 0.06
0 0.6185714285714285 0.51 0.01 0.06
0 0.23857142857142857 0.51 0.01 0.06
0 0.81 0.51 0.01 0.06
0 0.047142857142857146 0.51 0.01 0.06
0 0.9042857142857142 0.51 0.01 0.06
0 0.32142857142857145 0.5 0.008571428571428572 0.05
0 0.6071428571428571 0.5 0.008571428571428572 0.05
0 0.25 0.5 0.008571428571428572 0.05
0 0.8214285714285714 0.5 0.008571428571428572 0.05
0 0.03571428571428571 0.5 0.008571428571428572 0.05
0 0.8928571428571429 0.5 0.008571428571428572 0.05
0 0.41285714285714287 0.57 0.01 0.06
0 0.6985714285714286 0.57 0.01 0.06
0 0.15857142857142856 0.57 0.01 0.06
0 0.73 0.57 0.01 0.06
0 0.12714285714285714 0.57 0.01 0.06
0 0.9842857142857143 0.57 0.01 0.06
0 0.4 0.57 0.008571428571428572 0.06
0 0.6857142857142857 0.57 0.008571428571428572 0.06
0 0.17142857142857143 0.57 0.008571428571428572 0.06
0 0.7428571428571429 0.57 0.008571428571428572 0.06
0 0.11428571428571428 0.57 0.008571428571428572 0.06
0 0.9714285714285714 0.57 0.008571428571428572 0.06
0 0.39 0.58 0.008571428571428572 0.07
0 0.6757142857142857 0.58 0.008571428571428572 0.07
0 0.18142857142857144 0.58 0.008571428571428572 0.07
0 0.7528571428571429 0.58 0.008571428571428572 0.07
0 0.10428571428571429 0.58 0.008571428571428572 0.07
0 0.9614285714285714 0.58 0.008571428571428572 0.07
0 0.37857142857142856 0.58 0.011428571428571429 0.08
0 0.6642857142857143 0.58 0.011428571428571429 0.08
0 0.19285714285714287 0.58 0.011428571428571429 0.08
0 0.7642857142857142 0.58 0.011428571428571429 0.08
0 0.09285714285714286 0.58 0.011428571428571429 0.08
0 0.95 0.58 0.011428571428571429 0.08
0 0.3657142857142857 0.58 0.011428571428571429 0.07
0 0.6514285714285715 0.58 0.011428571428571429 0.07
0 0.2057142857142857 0.58 0.011428571428571429 0.07
0 0.7771428571428571 0.58 0.011428571428571429 0.07
0 0.08 0.58 0.011428571428571429 0.07
0 0.9371428571428572 0.58 0.011428571428571429 0.07
0 0.35428571428571426 0.58 0.011428571428571429 0.09
0 0.64 0.58 0.011428571428571429 0.09
0 0.21714285714285714 0.58 0.011428571428571429 0.09
0 0.7885714285714286 0.58 0.011428571428571429 0.09
0 0.06857142857142857 0.58 0.011428571428571429 0.09
0 0.9257142857142857 0.58 0.011428571428571429 0.09
0 0.34285714285714286 0.58 0.01 0.07
0 0.6285714285714286 0.58 0.01 0.07
0 0.22857142857142856 0.58 0.01 0.07
0 0.8 0.58 0.01 0.07
0 0.05714285714285714 0.58 0.01 0.07
0 0.9142857142857143 0.58 0.01 0.07
0 0.3314285714285714 0.59 0.011428571428571429 0.07
0 0.6171428571428571 0.59 0.011428571428571429 0.07
0 0.24 0.59 0.011428571428571429 0.07
0 0.8114285714285714 0.59 0.011428571428571429 0.07
0 0.045714285714285714 0.59 0.011428571428571429 0.07
0 0.9028571428571428 0.59 0.011428571428571429 0.07
0 0.32142857142857145 0.59 0.01 0.07
0 0.6071428571428571 0.59 0.01 0.07
0 0.25 0.59 0.01 0.07
0 0.8214285714285714 0.59 0.01 0.07
0 0.03571428571428571 0.59 0.01 0.07
0 0.8928571428571429 0.59 0.01 0.07
0 0.4114285714285714 0.66 0.01 0.07
0 0.6971428571428572 0.66 0.01 0.07
0 0.16 0.66 0.01 0.07
0 0.7314285714285714 0.66 0.01 0.07
0 0.12571428571428572 0.66 0.01 0.07
0 0.9828571428571429 0.66 0.01 0.07
0 0.4 0.65 0.008571428571428572 0.07
0 0.6857142857142857 0.65 0.008571428571428572 0.07
0 0.17142857142857143 0.65 0.008571428571428572 0.07
0 0.7428571428571429 0.65 0.008571428571428572 0.07
0 0.11428571428571428 0.65 0.008571428571428572 0.07
0 0.9714285714285714 0.65 0.008571428571428572 0.07
0 0.38857142857142857 0.65 0.008571428571428572 0.07
0 0.6742857142857143 0.65 0.008571428571428572 0.07
0 0.18285714285714286 0.65 0.008571428571428572 0.07
0 0.7542857142857143 0.65 0.008571428571428572 0.07
0 0.10285714285714286 0.65 0.008571428571428572 0.07
0 0.96 0.65 0.008571428571428572 0.07
0 0.37714285714285717 0.66 0.01 0.06
0 0.6628571428571428 0.66 0.01 0.06
0 0.19428571428571428 0.66 0.01 0.06
0 0.7657142857142857 0.66 0.01 0.06
0 0.09142857142857143 0.66 0.01 0.06
0 0.9485714285714286 0.66 0.01 0.06
0 0.3657142857142857 0.66 0.01 0.07
0 0.6514285714285715 0.66 0.01 0.07
0 0.2057142857142857 0.66 0.01 0.07
0 0.7771428571428571 0.66 0.01 0.07
0 0.08 0.66 0.01 0.07
0 0.9371428571428572 0.66 0.01 0.07
0 0.35428571428571426 0.66 0.011428571428571429 0.08
0 0.64 0.66 0.011428571428571429 0.08
0 0.21714285714285714 0.66 0.011428571428571429 0.08
0 0.7885714285714286 0.66 0.011428571428571429 0.08
0 0.06857142857142857 0.66 0.011428571428571429 0.08
0 0.9257142857142857 0.66 0.011428571428571429 0.08
0 0.3442857142857143 0.66 0.01 0.07
0 0.63 0.66 0.01 0.07
0 0.22714285714285715 0.66 0.01 0.07
0 0.7985714285714286 0.66 0.01 0.07
0 0.05857142857142857 0.66 0.01 0.07
0 0.9157142857142857 0.66 0.01 0.07
0 0.33285714285714285 0.66 0.011428571428571429 0.07
0 0.6185714285714285 0.66 0.011428571428571429 0.07
0 0.23857142857142857 0.66 0.011428571428571429 0.07
0 0.81 0.66 0.011428571428571429 0.07
0 0.047142857142857146 0.66 0.011428571428571429 0.07
0 0.9042857142857142 0.66 0.011428571428571429 0.07
0 0.32142857142857145 0.66 0.01 0.07
0 0.6071428571428571 0.66 0.01 0.07
0 0.25 0.66 0.01 0.07
0 0.8214285714285714 0.66 0.01 0.07
0 0.03571428571428571 0.66 0.01 0.07
0 0.8928571428571429 0.66 0.01 0.07
0 0.41285714285714287 0.73 0.01 0.07
0 0.6985714285714286 0.73 0.01 0.07
0 0.15857142857142856 0.73 0.01 0.07
0 0.73 0.73 0.01 0.07
0 0.12714285714285714 0.73 0.01 0.07
0 0.9842857142857143 0.73 0.01 0.07
0 0.4014285714285714 0.73 0.01 0.07
0 0.6871428571428572 0.73 0.01 0.07
0 0.17 0.73 0.01 0.07
0 0.7414285714285714 0.73 0.01 0.07
0 0.11571428571428571 0.73 0.01 0.07
0 0.9728571428571429 0.73 0.01 0.07
0 0.38857142857142857 0.73 0.01 0.07
0 0.6742857142857143 0.73 0.01 0.07
0 0.18285714285714286 0.73 0.01 0.07
0 0.7542857142857143 0.73 0.01 0.07
0 0.10285714285714286 0.73 0.01 0.07
0 0.96 0.73 0.01 0.07
0 0.37857142857142856 0.73 0.01 0.07
0 0.6642857142857143 0.73 0.01 0.07
0 0.19285714285714287 0.73 0.01 0.07
0 0.7642857142857142 0.73 0.01 0.07
0 0.09285714285714286 0.73 0.01 0.07
0 0.95 0.73 0.01 0.07
0 0.36714285714285716 0.73 0.01 0.06
0 0.6528571428571428 0.73 0.01 0.06
0 0.2042857142857143 0.73 0.01 0.06
0 0.7757142857142857 0.73 0.01 0.06
0 0.08142857142857143 0.73 0.01 0.06
0 0.9385714285714286 0.73 0.01 0.06
0 0.3557142857142857 0.73 0.01 0.06
0 0.6414285714285715 0.73 0.01 0.06
0 0.21571428571428572 0.73 0.01 0.06
0 0.7871428571428571 0.73 0.01 0.06
0 0.07 0.73 0.01 0.06
0 0.9271428571428572 0.73 0.01 0.06
0 0.34285714285714286 0.73 0.008571428571428572 0.06
0 0.6285714285714286 0.73 0.008571428571428572 0.06
0 0.22857142857142856 0.73 0.008571428571428572 0.06
0 0.8 0.73 0.008571428571428572 0.06
0 0.05714285714285714 0.73 0.008571428571428572 0.06
0 0.9142857142857143 0.73 0.008571428571428572 0.06
0 0.3314285714285714 0.73 0.01 0.06
0 0.6171428571428571 0.73 0.01 0.06
0 0.24 0.73 0.01 0.06
0 0.8114285714285714 0.73 0.01 0.06
0 0.045714285714285714 0.73 0.01 0.06
0 0.9028571428571428 0.73 0.01 0.06
0 0.32 0.74 0.01 0.06
0 0.6057142857142858 0.74 0.01 0.06
0 0.25142857142857145 0.74 0.01 0.06
0 0.8228571428571428 0.74 0.01 0.06
0 0.03428571428571429 0.74 0.01 0.06
0 0.8914285714285715 0.74 0.01 0.06
0 0.2968254414285714 0.25225809499999996 0.017274251428571454 0.11206053
0 0.5825397271428572 0.25225809499999996 0.017274251428571412 0.11206053
0 0.27460313000000003 0.25225809499999996 0.017274251428571454 0.11206053
0 0.8460317014285715 0.25225809499999996 0.01727425142857149 0.11206053
0 0.011111155714285715 0.25225809499999996 0.01727425142857143 0.11206053
0 0.8682540128571428 0.25225809499999996 0.01727425142857149 0.11206053
0 0.29902635357142854 0.376889105 0.011155787142857117 0.08414185000000003
0 0.5847406392857144 0.376889105 0.011155787142857159 0.08414185000000003
0 0.27240221785714286 0.376889105 0.011155787142857117 0.08414185000000003
0 0.8438307892857142 0.376889105 0.01115578714285724 0.08414185000000003
0 0.013312067857142857 0.376889105 0.011155787142857141 0.08414185000000003
0 0.8704549250000001 0.376889105 0.01115578714285724 0.08414185000000003
0 0.3871428571428571 0.5 0.01 0.06
0 0.6728571428571428 0.5 0.01 0.06
0 0.18428571428571427 0.5 0.01 0.06
0 0.7557142857142857 0.5 0.01 0.06
0 0.10142857142857142 0.5 0.01 0.06
0 0.9585714285714285 0.5 0.01 0.06
0 0.2929714507142857 0.450462785 0.012372452857142825 0.08278385
0 0.5786857364285715 0.450462785 0.012372452857142825 0.08278385
0 0.2784571207142857 0.450462785 0.012372452857142825 0.08278385
0 0.8498856921428573 0.450462785 0.012372452857142986 0.08278385
0 0.007257165 0.450462785 0.012372452857142854 0.08278385
0 0.864400022142857 0.450462785 0.012372452857142986 0.08278385
0 0.30026926571428575 0.52819883 0.012502171428571428 0.08345689999999997
0 0.5859835514285714 0.52819883 0.012502171428571468 0.08345689999999997
0 0.2711593057142857 0.52819883 0.012502171428571428 0.08345689999999997
0 0.8425878771428571 0.52819883 0.012502171428571468 0.08345689999999997
0 0.014554980000000002 0.52819883 0.01250217142857143 0.08345689999999997
0 0.8716978371428572 0.52819883 0.012502171428571468 0.08345689999999997
0 0.3006058642857143 0.677277055 0.012213651428571422 0.08816817000000007
0 0.58632015 0.677277055 0.012213651428571422 0.08816817000000007
0 0.27082270714285717 0.677277055 0.012213651428571422 0.08816817000000007
0 0.8422512785714285 0.677277055 0.012213651428571504 0.08816817000000007
0 0.014891578571428572 0.677277055 0.012213651428571427 0.08816817000000007
0 0.8720344357142857 0.677277055 0.012213651428571504 0.08816817000000007
0 0.2933522392857143 0.6022331599999999 0.011747304285714303 0.07941864000000003
0 0.579066525 0.6022331599999999 0.011747304285714303 0.07941864000000003
0 0.27807633214285715 0.6022331599999999 0.011747304285714303 0.07941864000000003
0 0.8495049035714286 0.6022331599999999 0.011747304285714303 0.07941864000000003
0 0.007637953571428571 0.6022331599999999 0.011747304285714286 0.07941864000000003
0 0.8647808107142857 0.6022331599999999 0.011747304285714303 0.07941864000000003
0 0.29430669642857143 0.743907935 0.011732801428571438 0.07874561
0 0.5800209821428572 0.743907935 0.011732801428571438 0.07874561
0 0.27712187499999996 0.743907935 0.011732801428571438 0.07874561
0 0.8485504471428572 0.743907935 0.011732800000000095 0.07874561
0 0.008592410714285716 0.743907935 0.011732801428571428 0.07874561
0 0.8657352678571429 0.743907935 0.01173280142857152 0.07874561