0 0.4390031557142857 0.58234505 0.013436557142857087 0.10065069999999998
0 0.46424468999999996 0.51060934 0.020538731428571363 0.15211497999999998
0 0.4643120957142857 0.40371918 0.010365345714285712 0.08001636000000005
0 0.47539475571428574 0.461800145 0.010907365714285707 0.07886322999999998
0 0.47844904571428565 0.204155905 0.011325100000000005 0.09139882999999999
0 0.4788329492857143 0.35280327499999997 0.010941189999999941 0.09312706999999999
0 0.4921382078571428 0.348561605 0.009620121428571419 0.07063813
0 0.4886153421428571 0.42215249499999996 0.008265184285714327 0.06494613
0 0.5012840935714286 0.387257065 0.008400667142857076 0.06979084999999997
0 0.5092105364285715 0.252476755 0.010162112857142915 0.08420588999999999
0 0.5217438 0.24783941499999998 0.01029760571428572 0.08652207
0 0.4484976014285715 0.68956161 0.018043425714285733 0.11928240000000002
0 0.45615511000000003 0.86459817 0.007606205714285709 0.052188879999999924
0 0.46524250714285714 0.6657005599999999 0.006774734285714235 0.048709580000000016
0 0.4973547507142857 0.47812636499999994 0.0086716614285714 0.06897366999999996
0 0.5081265800000001 0.463903595 0.008807154285714287 0.07190466999999998
0 0.5157142807142857 0.3918944 0.008536170000000018 0.06747467999999998
0 0.5263506114285714 0.321254025 0.008671651428571424 0.06726564999999997
0 0.5415260228571429 0.24065124499999999 0.01002662000000003 0.07538392999999999
0 0.550671915 0.410554985 0.009349147142857126 0.06726565000000001
0 0.5343448 0.39885292 0.01138156571428567 0.08139172000000001
0 0.5220825371428571 0.47550112499999997 0.008807154285714287 0.06726565000000001
0 0.5029777771428572 0.55842348 0.0074522085714285626 0.05682797999999998
0 0.5151722992857143 0.537547895 0.008807155714285793 0.07306444999999996
0 0.5109719607142856 0.61000897 0.008265172857142846 0.06035406000000009
0 0.48035016785714285 0.7909538900000002 0.023440587142857145 0.14844837999999996
0 0.4964062871428571 0.84783434 0.008671651428571424 0.05788253999999995
0 0.4968805214285715 0.668126145 0.010704082857142874 0.06937311000000008
0 0.5204565942857143 0.633052795 0.00826516285714287 0.06297607
0 0.5298734714285714 0.531313745 0.007858697142857116 0.062337710000000046
0 0.5405098128571428 0.5238272150000001 0.007723194285714255 0.06494622999999997
0 0.558666092857143 0.55146498 0.0193757457142857 0.14033014000000002
0 0.5308415864285715 0.5972752 0.007548418571428621 0.055668039999999974
0 0.5405775642857142 0.585677675 0.007045720000000009 0.048709710000000045
0 0.5385451335714286 0.65642257 0.007316704285714276 0.04870961999999999
0 0.5289444421428571 0.66454085 0.0064648899999999844 0.051028999999999984
0 0.5110397121428571 0.770078345 0.007045729999999984 0.053348609999999894
0 0.5222871557142856 0.72600771 0.007042971428571475 0.05102913999999999
0 0.5311606771428572 0.7407007350000001 0.00718120285714284 0.046390109999999964
0 0.5243182014285714 0.79617274 0.007045720000000009 0.05218888000000007
0 0.5242180414285714 0.836286345 0.006263068571428545 0.04697061000000005
0 0.5338693042857143 0.86517804 0.006774734285714317 0.05102913999999999
0 0.5322446392857143 0.8005735749999999 0.0055552900000000295 0.042434429999999995
0 0.5428132185714285 0.798702735 0.006639251428571405 0.049448349999999974
0 0.5442359164285714 0.8721365349999999 0.006503749999999968 0.04175107000000011
0 0.5508751592857143 0.779716415 0.006232764285714276 0.04335053000000002
0 0.5626195350000001 0.6755584849999999 0.015533701428571394 0.10321800999999993
0 0.41813970142857143 0.58234505 0.013436557142857087 0.10065069999999998
0 0.7038539871428572 0.58234505 0.013436557142857087 0.10065069999999998
0 0.15328887 0.58234505 0.013436557142857148 0.10065069999999998
0 0.7247174414285714 0.58234505 0.013436557142857087 0.10065069999999998
0 0.1324254157142857 0.58234505 0.013436557142857148 0.10065069999999998
0 0.9895682728571429 0.58234505 0.013436557142857087 0.10065069999999998
0 0.3928981671428572 0.51060934 0.020538731428571363 0.15211497999999998
0 0.6786124528571429 0.51060934 0.020538731428571363 0.15211497999999998
0 0.1785304042857143 0.51060934 0.020538731428571443 0.15211497999999998
0 0.7499589757142858 0.51060934 0.020538731428571443 0.15211497999999998
0 0.10718388142857142 0.51060934 0.020538731428571443 0.15211497999999998
0 0.9643267385714285 0.51060934 0.020538731428571443 0.15211497999999998
0 0.39283076142857143 0.40371918 0.010365345714285712 0.08001636000000005
0 0.6785450471428571 0.40371918 0.010365345714285712 0.08001636000000005
0 0.17859780999999997 0.40371918 0.010365345714285691 0.08001636000000005
0 0.7500263814285714 0.40371918 0.010365345714285792 0.08001636000000005
0 0.10711647571428572 0.40371918 0.010365345714285712 0.08001636000000005
0 0.9642593328571428 0.40371918 0.010365345714285792 0.08001636000000005
0 0.3817481014285714 0.461800145 0.010907365714285707 0.07886322999999998
0 0.6674623871428571 0.461800145 0.010907365714285707 0.07886322999999998
0 0.18968047000000002 0.461800145 0.010907365714285707 0.07886322999999998
0 0.7611090414285715 0.461800145 0.010907365714285626 0.07886322999999998
0 0.09603381571428571 0.461800145 0.010907365714285707 0.07886322999999998
0 0.9531766728571428 0.461800145 0.010907365714285626 0.07886322999999998
0 0.3786938114285715 0.204155905 0.011325100000000005 0.09139882999999999
0 0.6644080971428572 0.204155905 0.011325100000000005 0.09139882999999999
0 0.19273476 0.204155905 0.011325100000000005 0.09139882999999999
0 0.7641633314285715 0.204155905 0.011325099999999923 0.09139882999999999
0 0.09297952571428571 0.204155905 0.011325100000000005 0.09139882999999999
0 0.9501223828571428 0.204155905 0.011325099999999923 0.09139882999999999
0 0.37830990785714286 0.35280327499999997 0.010941189999999941 0.09312706999999999
0 0.6640241935714286 0.35280327499999997 0.010941189999999941 0.09312706999999999
0 0.19311866357142857 0.35280327499999997 0.010941190000000022 0.09312706999999999
0 0.764547235 0.35280327499999997 0.010941189999999941 0.09312706999999999
0 0.09259562214285715 0.35280327499999997 0.010941189999999991 0.09312706999999999
0 0.9497384792857143 0.35280327499999997 0.010941189999999941 0.09312706999999999
0 0.3650046492857143 0.348561605 0.009620121428571419 0.07063813
0 0.650718935 0.348561605 0.009620121428571419 0.07063813
0 0.20642392214285715 0.348561605 0.009620121428571419 0.07063813
0 0.7778524928571428 0.348561605 0.009620120000000076 0.07063813
0 0.07929036357142857 0.348561605 0.009620121428571429 0.07063813
0 0.9364332207142857 0.348561605 0.0096201214285715 0.07063813
0 0.368527515 0.42215249499999996 0.008265184285714286 0.06494613
0 0.6542418007142857 0.42215249499999996 0.008265184285714327 0.06494613
0 0.2029010564285714 0.42215249499999996 0.008265184285714286 0.06494613
0 0.7743296278571429 0.42215249499999996 0.008265184285714246 0.06494613
0 0.08281322928571429 0.42215249499999996 0.008265184285714286 0.06494613
0 0.9399560864285714 0.42215249499999996 0.008265184285714246 0.06494613
0 0.3558587635714286 0.387257065 0.008400667142857157 0.06979084999999997
0 0.6415730492857142 0.387257065 0.008400667142857076 0.06979084999999997
0 0.21556980785714286 0.387257065 0.008400667142857157 0.06979084999999997
0 0.7869983792857144 0.387257065 0.008400667142857239 0.06979084999999997
0 0.07014447785714285 0.387257065 0.008400667142857136 0.06979084999999997
0 0.9272873349999999 0.387257065 0.008400667142857239 0.06979084999999997
0 0.3479323207142857 0.252476755 0.010162112857142875 0.08420588999999999
0 0.6336466064285714 0.252476755 0.010162112857142915 0.08420588999999999
0 0.22349625071428575 0.252476755 0.010162112857142875 0.08420588999999999
0 0.794924822142857 0.252476755 0.010162112857142833 0.08420588999999999
0 0.062218035 0.252476755 0.010162112857142854 0.08420588999999999
0 0.9193608921428573 0.252476755 0.010162112857142833 0.08420588999999999
0 0.3353990571428571 0.24783941499999998 0.01029760571428572 0.08652207
0 0.6211133428571429 0.24783941499999998 0.01029760571428572 0.08652207
0 0.2360295142857143 0.24783941499999998 0.01029760571428572 0.08652207
0 0.8074580857142857 0.24783941499999998 0.010297605714285802 0.08652207
0 0.049684771428571424 0.24783941499999998 0.010297605714285715 0.08652207
0 0.9068276285714286 0.24783941499999998 0.010297605714285802 0.08652207
0 0.40864525571428567 0.68956161 0.018043425714285733 0.11928240000000002
0 0.6943595414285714 0.68956161 0.018043425714285733 0.11928240000000002
0 0.1627833157142857 0.68956161 0.018043425714285712 0.11928240000000002
0 0.7342118871428571 0.68956161 0.018043425714285653 0.11928240000000002
0 0.12293097000000001 0.68956161 0.018043425714285712 0.11928240000000002
0 0.9800738271428572 0.68956161 0.018043425714285733 0.11928240000000002
0 0.4009877471428571 0.86459817 0.007606205714285709 0.052188879999999924
0 0.6867020328571428 0.86459817 0.007606205714285709 0.052188879999999924
0 0.17044082428571428 0.86459817 0.007606205714285709 0.052188879999999924
0 0.7418693957142858 0.86459817 0.007606205714285709 0.052188879999999924
0 0.11527346142857144 0.86459817 0.007606205714285709 0.052188879999999924
0 0.9724163185714285 0.86459817 0.007606205714285709 0.052188879999999924
0 0.39190035 0.6657005599999999 0.006774734285714235 0.048709580000000016
0 0.6776146357142857 0.6657005599999999 0.006774734285714235 0.048709580000000016
0 0.17952822142857142 0.6657005599999999 0.006774734285714276 0.048709580000000016
0 0.7509567928571429 0.6657005599999999 0.006774734285714398 0.048709580000000016
0 0.10618606357142855 0.6657005599999999 0.006774735714285721 0.048709580000000016
0 0.9633289214285714 0.6657005599999999 0.006774734285714398 0.048709580000000016
0 0.35978810642857145 0.47812636499999994 0.0086716614285714 0.06897366999999996
0 0.6455023921428571 0.47812636499999994 0.0086716614285714 0.06897366999999996
0 0.211640465 0.47812636499999994 0.0086716614285714 0.06897366999999996
0 0.7830690364285715 0.47812636499999994 0.0086716614285714 0.06897366999999996
0 0.07407382071428571 0.47812636499999994 0.008671661428571429 0.06897366999999996
0 0.9312166778571428 0.47812636499999994 0.0086716614285714 0.06897366999999996
0 0.34901627714285716 0.463903595 0.008807154285714287 0.07190466999999998
0 0.6347305628571428 0.463903595 0.008807154285714287 0.07190466999999998
0 0.22241229428571427 0.463903595 0.008807154285714287 0.07190466999999998
0 0.7938408657142856 0.463903595 0.008807154285714368 0.07190466999999998
0 0.06330199142857143 0.463903595 0.008807154285714287 0.07190466999999998
0 0.9204448485714286 0.463903595 0.008807154285714368 0.07190466999999998
0 0.34142857642857144 0.3918944 0.008536169999999978 0.06747467999999998
0 0.6271428621428571 0.3918944 0.008536170000000018 0.06747467999999998
0 0.229999995 0.3918944 0.008536169999999978 0.06747467999999998
0 0.8014285664285714 0.3918944 0.008536170000000018 0.06747467999999998
0 0.055714290714285714 0.3918944 0.00853617 0.06747467999999998
0 0.9128571478571429 0.3918944 0.008536170000000018 0.06747467999999998
0 0.3307922457142857 0.321254025 0.008671651428571424 0.06726564999999997
0 0.6165065314285715 0.321254025 0.008671651428571424 0.06726564999999997
0 0.2406363257142857 0.321254025 0.008671651428571424 0.06726564999999997
0 0.8120648971428571 0.321254025 0.008671651428571424 0.06726564999999997
0 0.04507796 0.321254025 0.008671651428571424 0.06726564999999997
0 0.9022208171428572 0.321254025 0.008671651428571424 0.06726564999999997
0 0.3156168342857143 0.24065124499999999 0.010026619999999988 0.07538392999999999
0 0.60133112 0.24065124499999999 0.01002662000000003 0.07538392999999999
0 0.25581173714285715 0.24065124499999999 0.010026619999999988 0.07538392999999999
0 0.8272403085714286 0.24065124499999999 0.01002662000000003 0.07538392999999999
0 0.029902548571428572 0.24065124499999999 0.010026619999999998 0.07538392999999999
0 0.8870454057142857 0.24065124499999999 0.01002662000000003 0.07538392999999999
0 0.30647094214285714 0.410554985 0.009349147142857126 0.06726565000000001
0 0.5921852278571428 0.410554985 0.009349147142857126 0.06726565000000001
0 0.26495762928571426 0.410554985 0.009349147142857126 0.06726565000000001
0 0.8363862007142857 0.410554985 0.009349147142857126 0.06726565000000001
0 0.020756656428571427 0.410554985 0.009349147142857141 0.06726565000000001
0 0.8778995135714286 0.410554985 0.009349147142857126 0.06726565000000001
0 0.32279805714285714 0.39885292 0.011381565714285712 0.08139172000000001
0 0.6085123428571428 0.39885292 0.01138156571428567 0.08139172000000001
0 0.24863051428571428 0.39885292 0.011381565714285712 0.08139172000000001
0 0.8200590857142857 0.39885292 0.01138156571428567 0.08139172000000001
0 0.03708377142857143 0.39885292 0.011381565714285717 0.08139172000000001
0 0.8942266285714287 0.39885292 0.01138156571428567 0.08139172000000001
0 0.33506032 0.47550112499999997 0.008807154285714287 0.06726565000000001
0 0.6207746057142858 0.47550112499999997 0.008807154285714287 0.06726565000000001
0 0.23636825142857143 0.47550112499999997 0.008807154285714287 0.06726565000000001
0 0.8077968228571428 0.47550112499999997 0.008807154285714368 0.06726565000000001
0 0.04934603428571428 0.47550112499999997 0.008807154285714281 0.06726565000000001
0 0.9064888914285715 0.47550112499999997 0.008807154285714368 0.06726565000000001
0 0.35416508 0.55842348 0.0074522085714285626 0.05682797999999998
0 0.6398793657142857 0.55842348 0.0074522085714285626 0.05682797999999998
0 0.2172634914285714 0.55842348 0.0074522085714285626 0.05682797999999998
0 0.788692062857143 0.55842348 0.0074522085714285626 0.05682797999999998
0 0.06845079428571428 0.55842348 0.007452208571428573 0.05682797999999998
0 0.9255936514285713 0.55842348 0.0074522085714285626 0.05682797999999998
0 0.34197055785714287 0.537547895 0.008807155714285711 0.07306444999999996
0 0.6276848435714286 0.537547895 0.008807155714285793 0.07306444999999996
0 0.22945801357142856 0.537547895 0.008807155714285711 0.07306444999999996
0 0.800886585 0.537547895 0.008807155714285793 0.07306444999999996
0 0.05625627214285714 0.537547895 0.008807155714285711 0.07306444999999996
0 0.9133991292857143 0.537547895 0.008807155714285793 0.07306444999999996
0 0.3461708964285714 0.61000897 0.008265172857142846 0.06035406000000009
0 0.6318851821428572 0.61000897 0.008265172857142846 0.06035406000000009
0 0.22525767500000002 0.61000897 0.008265172857142846 0.06035406000000009
0 0.7966862464285714 0.61000897 0.008265172857142846 0.06035406000000009
0 0.06045661071428571 0.61000897 0.008265172857142856 0.06035406000000009
0 0.9175994678571429 0.61000897 0.008265172857142846 0.06035406000000009
0 0.3767926892857143 0.7909538900000002 0.023440587142857145 0.14844837999999996
0 0.662506975 0.7909538900000002 0.023440587142857145 0.14844837999999996
0 0.19463588214285713 0.7909538900000002 0.023440587142857145 0.14844837999999996
0 0.7660644535714287 0.7909538900000002 0.023440587142857145 0.14844837999999996
0 0.09107840285714285 0.7909538900000002 0.02344058571428571 0.14844837999999996
0 0.9482212607142856 0.7909538900000002 0.023440587142857145 0.14844837999999996
0 0.36073657000000003 0.84783434 0.008671651428571424 0.05788253999999995
0 0.6464508557142857 0.84783434 0.008671651428571424 0.05788253999999995
0 0.21069200142857142 0.84783434 0.008671651428571424 0.05788253999999995
0 0.7821205728571429 0.84783434 0.008671651428571424 0.05788253999999995
0 0.0750222842857143 0.84783434 0.008671651428571424 0.05788253999999995
0 0.9321651414285713 0.84783434 0.008671651428571424 0.05788253999999995
0 0.3602623357142857 0.668126145 0.010704082857142834 0.06937311000000008
0 0.6459766214285714 0.668126145 0.010704082857142874 0.06937311000000008
0 0.21116623571428575 0.668126145 0.010704082857142834 0.06937311000000008
0 0.7825948071428571 0.668126145 0.010704082857142956 0.06937311000000008
0 0.07454805 0.668126145 0.010704082857142855 0.06937311000000008
0 0.9316909071428571 0.668126145 0.010704082857142956 0.06937311000000008
0 0.33668626285714287 0.633052795 0.00826516285714287 0.06297607
0 0.6224005485714286 0.633052795 0.00826516285714287 0.06297607
0 0.23474230857142855 0.633052795 0.00826516285714287 0.06297607
0 0.80617088 0.633052795 0.008265162857142709 0.06297607
0 0.05097197714285715 0.633052795 0.008265162857142861 0.06297607
0 0.9081148342857143 0.633052795 0.008265162857142709 0.06297607
0 0.3272693857142857 0.531313745 0.007858697142857116 0.062337710000000046
0 0.6129836714285715 0.531313745 0.007858697142857116 0.062337710000000046
0 0.24415918571428571 0.531313745 0.007858697142857116 0.062337710000000046
0 0.8155877571428571 0.531313745 0.007858697142857116 0.062337710000000046
0 0.0415551 0.531313745 0.007858697142857142 0.062337710000000046
0 0.8986979571428572 0.531313745 0.007858697142857116 0.062337710000000046
0 0.31663304428571426 0.5238272150000001 0.007723194285714296 0.06494622999999997
0 0.6023473300000001 0.5238272150000001 0.007723194285714255 0.06494622999999997
0 0.2547955271428572 0.5238272150000001 0.007723194285714296 0.06494622999999997
0 0.8262240985714285 0.5238272150000001 0.007723194285714174 0.06494622999999997
0 0.030918758571428572 0.5238272150000001 0.007723194285714286 0.06494622999999997
0 0.8880616157142858 0.5238272150000001 0.007723194285714174 0.06494622999999997
0 0.2984767642857143 0.55146498 0.01937574571428574 0.14033014000000002
0 0.5841910499999999 0.55146498 0.0193757457142857 0.14033014000000002
0 0.2729518071428571 0.55146498 0.01937574571428574 0.14033014000000002
0 0.8443803785714284 0.55146498 0.019375745714285617 0.14033014000000002
0 0.012762478571428572 0.55146498 0.019375745714285714 0.14033014000000002
0 0.8699053357142859 0.55146498 0.019375745714285617 0.14033014000000002
0 0.3263012707142857 0.5972752 0.00754841857142858 0.055668039999999974
0 0.6120155564285714 0.5972752 0.007548418571428621 0.055668039999999974
0 0.2451273007142857 0.5972752 0.00754841857142858 0.055668039999999974
0 0.8165558721428572 0.5972752 0.007548418571428459 0.055668039999999974
0 0.040586985 0.5972752 0.00754841857142857 0.055668039999999974
0 0.897729842142857 0.5972752 0.007548418571428459 0.055668039999999974
0 0.31656529285714285 0.585677675 0.007045720000000009 0.048709710000000045
0 0.6022795785714286 0.585677675 0.007045720000000009 0.048709710000000045
0 0.25486327857142854 0.585677675 0.007045720000000009 0.048709710000000045
0 0.82629185 0.585677675 0.007045720000000009 0.048709710000000045
0 0.030851007142857143 0.585677675 0.007045719999999999 0.048709710000000045
0 0.8879938642857143 0.585677675 0.007045720000000009 0.048709710000000045
0 0.31859772357142857 0.65642257 0.007316704285714276 0.04870961999999999
0 0.6043120092857143 0.65642257 0.007316704285714276 0.04870961999999999
0 0.2528308478571429 0.65642257 0.007316704285714276 0.04870961999999999
0 0.8242594192857143 0.65642257 0.007316704285714358 0.04870961999999999
0 0.03288343785714286 0.65642257 0.007316704285714287 0.04870961999999999
0 0.890026295 0.65642257 0.007316704285714358 0.04870961999999999
0 0.328198415 0.66454085 0.0064648899999999844 0.051028999999999984
0 0.6139127007142857 0.66454085 0.0064648899999999844 0.051028999999999984
0 0.24323015642857143 0.66454085 0.0064648899999999844 0.051028999999999984
0 0.8146587278571428 0.66454085 0.006464890000000066 0.051028999999999984
0 0.04248412928571428 0.66454085 0.00646489 0.051028999999999984
0 0.8996269864285714 0.66454085 0.006464890000000066 0.051028999999999984
0 0.346103145 0.770078345 0.007045729999999984 0.053348609999999894
0 0.6318174307142858 0.770078345 0.007045729999999984 0.053348609999999894
0 0.22532542642857142 0.770078345 0.007045729999999984 0.053348609999999894
0 0.796753997857143 0.770078345 0.007045729999999984 0.053348609999999894
0 0.06038885928571429 0.770078345 0.007045730000000004 0.053348609999999894
0 0.9175317164285713 0.770078345 0.007045729999999984 0.053348609999999894
0 0.33485570142857146 0.72600771 0.007042971428571434 0.05102913999999999
0 0.6205699871428572 0.72600771 0.007042971428571475 0.05102913999999999
0 0.23657286999999996 0.72600771 0.007042971428571434 0.05102913999999999
0 0.8080014414285714 0.72600771 0.007042971428571393 0.05102913999999999
0 0.04914141571428571 0.72600771 0.0070429714285714234 0.05102913999999999
0 0.9062842728571429 0.72600771 0.007042971428571393 0.05102913999999999
0 0.32598218 0.7407007350000001 0.00718120285714288 0.046390109999999964
0 0.6116964657142857 0.7407007350000001 0.00718120285714284 0.046390109999999964
0 0.24544639142857144 0.7407007350000001 0.00718120285714288 0.046390109999999964
0 0.8168749628571428 0.7407007350000001 0.00718120285714284 0.046390109999999964
0 0.040267894285714284 0.7407007350000001 0.007181202857142855 0.046390109999999964
0 0.8974107514285715 0.7407007350000001 0.00718120285714284 0.046390109999999964
0 0.3328246557142857 0.79617274 0.007045720000000009 0.05218888000000007
0 0.6185389414285715 0.79617274 0.007045720000000009 0.05218888000000007
0 0.2386039157142857 0.79617274 0.007045720000000009 0.05218888000000007
0 0.8100324871428571 0.79617274 0.007045720000000009 0.05218888000000007
0 0.047110370000000006 0.79617274 0.007045719999999999 0.05218888000000007
0 0.9042532271428572 0.79617274 0.007045720000000009 0.05218888000000007
0 0.3329248157142857 0.836286345 0.006263068571428545 0.04697061000000005
0 0.6186391014285715 0.836286345 0.006263068571428545 0.04697061000000005
0 0.23850375571428573 0.836286345 0.006263068571428545 0.04697061000000005
0 0.8099323271428571 0.836286345 0.006263068571428708 0.04697061000000005
0 0.04721053 0.836286345 0.0062630685714285764 0.04697061000000005
0 0.9043533871428572 0.836286345 0.006263068571428708 0.04697061000000005
0 0.3232735528571429 0.86517804 0.006774734285714276 0.05102913999999999
0 0.6089878385714285 0.86517804 0.006774734285714317 0.05102913999999999
0 0.24815501857142855 0.86517804 0.006774734285714276 0.05102913999999999
0 0.81958359 0.86517804 0.006774734285714235 0.05102913999999999
0 0.03755926714285714 0.86517804 0.006774734285714287 0.05102913999999999
0 0.8947021242857143 0.86517804 0.006774734285714235 0.05102913999999999
0 0.32489821785714285 0.8005735749999999 0.0055552900000000295 0.042434429999999995
0 0.6106125035714285 0.8005735749999999 0.0055552900000000295 0.042434429999999995
0 0.24653035357142858 0.8005735749999999 0.0055552900000000295 0.042434429999999995
0 0.817958925 0.8005735749999999 0.005555289999999949 0.042434429999999995
0 0.03918393214285715 0.8005735749999999 0.005555290000000004 0.042434429999999995
0 0.8963267892857143 0.8005735749999999 0.005555289999999949 0.042434429999999995
0 0.3143296385714286 0.798702735 0.006639251428571445 0.049448349999999974
0 0.6000439242857143 0.798702735 0.006639251428571405 0.049448349999999974
0 0.2570989328571428 0.798702735 0.006639251428571445 0.049448349999999974
0 0.8285275042857143 0.798702735 0.006639251428571405 0.049448349999999974
0 0.028615352857142853 0.798702735 0.00663925142857143 0.049448349999999974
0 0.88575821 0.798702735 0.006639251428571405 0.049448349999999974
0 0.3129069407142857 0.8721365349999999 0.006503750000000009 0.04175107000000011
0 0.5986212264285715 0.8721365349999999 0.006503749999999968 0.04175107000000011
0 0.25852163071428574 0.8721365349999999 0.006503750000000009 0.04175107000000011
0 0.8299502021428572 0.8721365349999999 0.006503749999999887 0.04175107000000011
0 0.027192655 0.8721365349999999 0.0065037500000000035 0.04175107000000011
0 0.884335512142857 0.8721365349999999 0.006503749999999887 0.04175107000000011
0 0.30626769785714286 0.779716415 0.006232764285714317 0.04335053000000002
0 0.5919819835714285 0.779716415 0.006232764285714276 0.04335053000000002
0 0.2651608735714286 0.779716415 0.006232764285714317 0.04335053000000002
0 0.836589445 0.779716415 0.006232764285714276 0.04335053000000002
0 0.020553412142857143 0.779716415 0.0062327642857142864 0.04335053000000002
0 0.8776962692857143 0.779716415 0.006232764285714276 0.04335053000000002
0 0.29452332214285715 0.6755584849999999 0.015533701428571394 0.10321800999999993
0 0.5802376078571428 0.6755584849999999 0.015533701428571394 0.10321800999999993
0 0.2769052492857143 0.6755584849999999 0.015533701428571394 0.10321800999999993
0 0.8483338207142858 0.6755584849999999 0.015533701428571476 0.10321800999999993
0 0.00880903642857143 0.6755584849999999 0.015533701428571427 0.10321800999999993
0 0.8659518935714285 0.6755584849999999 0.015533701428571476 0.10321800999999993