0 0.86328125 0.789453125 0.1140625 0.12265625
0 0.540625 0.692578125 0.0625 0.11328125
0 0.6015625 0.7359375 0.084375 0.134375
0 0.4609375 0.697265625 0.06875 0.09765625
0 0.41796875 0.641796875 0.0609375 0.09921875
0 0.3640625 0.623046875 0.05 0.09296875
0 0.29765625 0.598046875 0.0578125 0.08671875
0 0.24921875 0.557421875 0.0421875 0.08359375
0 0.15546875 0.570703125 0.0421875 0.06015625
0 0.134375 0.47890625 0.04375 0.0921875
0 0.15546875 0.57890625 0.0453125 0.0859375
0 0.09921875 0.560546875 0.0328125 0.07734375
0 0.06484375 0.530859375 0.0328125 0.07734375