0 0.6546875 0.28828125 0.0890625 0.1265625
0 0.565625 0.29140625 0.0875 0.121875
0 0.4765625 0.29609375 0.0859375 0.11875
0 0.3890625 0.31640625 0.0890625 0.11875
0 0.7046875 0.3828125 0.0875 0.115625
0 0.74765625 0.4890625 0.0875 0.1125
0 0.659375 0.484375 0.0859375 0.1109375
0 0.6109375 0.39296875 0.0875 0.11875
0 0.50859375 0.40859375 0.084375 0.1125
0 0.421875 0.42890625 0.0859375 0.1125
0 0.34140625 0.4125 0.08125 0.1125
0 0.565625 0.48984375 0.0859375 0.109375
0 0.465625 0.5234375 0.084375 0.1078125
0 0.3796875 0.52265625 0.0859375 0.1078125
0 0.29453125 0.5140625 0.0859375 0.109375
0 0.7828125 0.58046875 0.0890625 0.1015625
0 0.69609375 0.5765625 0.0859375 0.10625
0 0.6140625 0.57578125 0.0859375 0.1046875
0 0.53125 0.58828125 0.0828125 0.1
0 0.43046875 0.6203125 0.0828125 0.10625
0 0.34609375 0.61875 0.0890625 0.10625
0 0.2640625 0.61015625 0.0859375 0.10625
0 0.7390625 0.67421875 0.0828125 0.1
0 0.6578125 0.6640625 0.08125 0.1015625
0 0.57734375 0.6703125 0.08125 0.1015625
0 0.4953125 0.67734375 0.08125 0.1
0 0.315625 0.68125 0.08125 0.09375
0 0.39375 0.6984375 0.08125 0.09375
0 0.34765625 0.78359375 0.0828125 0.0953125
0 0.4140625 0.8359375 0.0765625 0.090625
0 0.45625 0.76015625 0.0796875 0.09375
0 0.53515625 0.7578125 0.0796875 0.0953125
0 0.49609375 0.821875 0.0765625 0.1
0 0.571875 0.83515625 0.075 0.09375
0 0.6140625 0.75546875 0.0828125 0.0953125
0 0.6921875 0.75390625 0.08125 0.0921875
0 0.64921875 0.82890625 0.078125 0.096875