0 0.5671875 0.0625 0.053125 0.0421875
0 0.5578125 0.10625 0.0546875 0.04375
0 0.60703125 0.0828125 0.05 0.046875
0 0.6609375 0.05390625 0.053125 0.0421875
0 0.6609375 0.0984375 0.053125 0.0421875
0 0.7125 0.07578125 0.0546875 0.04375
0 0.784375 0.06328125 0.0578125 0.0453125
0 0.77109375 0.10703125 0.059375 0.04375
0 0.778125 0.1515625 0.0671875 0.0453125
0 0.6625 0.14921875 0.059375 0.0421875
0 0.71484375 0.12578125 0.0609375 0.0453125
0 0.71875 0.16875 0.0609375 0.04375
0 0.71328125 0.2109375 0.059375 0.046875
0 0.6625 0.19296875 0.059375 0.0484375
0 0.61328125 0.1296875 0.0578125 0.0484375
0 0.5578125 0.14921875 0.0578125 0.0453125
0 0.6015625 0.17421875 0.059375 0.04375
0 0.5625 0.2046875 0.05625 0.046875
0 0.6078125 0.22578125 0.053125 0.046875
0 0.653125 0.24296875 0.0546875 0.046875
0 0.70703125 0.25234375 0.059375 0.046875
0 0.559375 0.25234375 0.0515625 0.0453125
0 0.61328125 0.2734375 0.05 0.0421875
0 0.65078125 0.2875 0.059375 0.040625
0 0.7078125 0.31015625 0.0578125 0.0453125
0 0.65859375 0.3328125 0.05625 0.0453125
0 0.7046875 0.35546875 0.0578125 0.0453125
0 0.55703125 0.296875 0.0515625 0.0453125
0 0.60625 0.31484375 0.0546875 0.0421875
0 0.55546875 0.33984375 0.0515625 0.040625
0 0.60546875 0.3578125 0.053125 0.0390625
0 0.65703125 0.37890625 0.0546875 0.0453125
0 0.7125 0.4015625 0.059375 0.0453125
0 0.66015625 0.4234375 0.05625 0.04375
0 0.60859375 0.39921875 0.05625 0.0421875
0 0.5515625 0.3828125 0.0515625 0.0421875
0 0.55234375 0.4265625 0.053125 0.0421875
0 0.60625 0.4453125 0.0546875 0.04375
0 0.70625 0.44765625 0.0546875 0.04375
0 0.65703125 0.46953125 0.053125 0.0453125
0 0.7015625 0.48984375 0.0578125 0.0421875
0 0.6984375 0.534375 0.059375 0.04375
0 0.6484375 0.51328125 0.05625 0.0421875
0 0.6 0.4921875 0.0515625 0.0421875
0 0.55 0.46953125 0.0546875 0.0421875
0 0.5484375 0.5171875 0.0546875 0.046875
0 0.59921875 0.5359375 0.0546875 0.04375
0 0.7171875 0.57890625 0.05625 0.0421875
0 0.64609375 0.55625 0.05625 0.0421875
0 0.54375 0.5625 0.0578125 0.0421875
0 0.59140625 0.57890625 0.0546875 0.0421875
0 0.64609375 0.59921875 0.0578125 0.0421875
0 0.6859375 0.63046875 0.0546875 0.04375
0 0.59921875 0.62265625 0.0546875 0.040625
0 0.54140625 0.60703125 0.0546875 0.0421875
0 0.53984375 0.65 0.0546875 0.0421875
0 0.59296875 0.66328125 0.059375 0.046875
0 0.646875 0.6796875 0.0546875 0.0453125
0 0.7203125 0.6671875 0.05625 0.046875
0 0.69375 0.70703125 0.05625 0.04375
0 0.74921875 0.72265625 0.0578125 0.046875
0 0.69375 0.75625 0.05625 0.04375
0 0.646875 0.72734375 0.0515625 0.0421875
0 0.5890625 0.7078125 0.0515625 0.04375
0 0.5328125 0.69375 0.05 0.04375
0 0.53046875 0.74296875 0.0515625 0.040625
0 0.5828125 0.75234375 0.05625 0.04375
0 0.64296875 0.77734375 0.0546875 0.0453125
0 0.6984375 0.80234375 0.0546875 0.04375
0 0.74296875 0.784375 0.05625 0.04375
0 0.746875 0.828125 0.05625 0.0421875
0 0.6875 0.85 0.0578125 0.0421875
0 0.6390625 0.82265625 0.05625 0.0421875
0 0.58515625 0.796875 0.0546875 0.0453125
0 0.5265625 0.78515625 0.05625 0.0421875
0 0.52734375 0.82890625 0.0546875 0.04375
0 0.57734375 0.83984375 0.0546875 0.040625
0 0.62734375 0.86640625 0.05625 0.04375
0 0.7453125 0.8859375 0.0609375 0.0453125
0 0.74375 0.93125 0.0625 0.0453125
0 0.51796875 0.87578125 0.05625 0.040625
0 0.57734375 0.88125 0.0515625 0.0375
0 0.50546875 0.9171875 0.0546875 0.0421875
0 0.5703125 0.92421875 0.053125 0.0421875
0 0.62265625 0.9171875 0.05625 0.0453125
0 0.66796875 0.95546875 0.059375 0.0421875