0 0.07451923076923077 0.08413461538461539 0.14903846153846154 0.16826923076923078
0 0.6430288461538461 0.025240384615384616 0.15144230769230768 0.05048076923076923
0 0.5865384615384616 0.1201923076923077 0.14182692307692307 0.18509615384615385
0 0.5300480769230769 0.26322115384615385 0.12980769230769232 0.17307692307692307
0 0.5240384615384616 0.025240384615384616 0.12259615384615384 0.05048076923076923
0 0.4951923076923077 0.11057692307692307 0.06490384615384616 0.16105769230769232
0 0.006009615384615385 0.9290865384615384 0.01201923076923077 0.0673076923076923
0 0.04927884615384615 0.9266826923076923 0.0673076923076923 0.0673076923076923
0 0.12139423076923077 0.9230769230769231 0.0673076923076923 0.0673076923076923
0 0.43149038461538464 0.8725961538461539 0.0625 0.06490384615384616
0 0.34615384615384615 0.8677884615384616 0.06971153846153846 0.06490384615384616
0 0.20072115384615385 0.8605769230769231 0.06971153846153846 0.06490384615384616
0 0.27403846153846156 0.8605769230769231 0.07211538461538461 0.06490384615384616
0 0.05889423076923077 0.8569711538461539 0.0673076923076923 0.0625
0 0.010817307692307692 0.8521634615384616 0.021634615384615384 0.06490384615384616
0 0.12860576923076922 0.8521634615384616 0.0673076923076923 0.06490384615384616
0 0.42908653846153844 0.8064903846153846 0.06490384615384616 0.06490384615384616
0 0.36177884615384615 0.8028846153846154 0.0673076923076923 0.06490384615384616
0 0.22115384615384615 0.8004807692307693 0.0673076923076923 0.0625
0 0.29086538461538464 0.8004807692307693 0.0673076923076923 0.0625
0 0.08653846153846154 0.7992788461538461 0.0673076923076923 0.0625
0 0.15625 0.7980769230769231 0.0673076923076923 0.0673076923076923
0 0.026442307692307692 0.7932692307692307 0.052884615384615384 0.0625
0 0.43990384615384615 0.7415865384615384 0.04567307692307692 0.0625
0 0.3629807692307692 0.7415865384615384 0.0673076923076923 0.06009615384615385
0 0.15865384615384615 0.7391826923076923 0.06490384615384616 0.057692307692307696
0 0.29447115384615385 0.7367788461538461 0.06490384615384616 0.0625
0 0.09495192307692307 0.7355769230769231 0.0673076923076923 0.0625
0 0.22596153846153846 0.7355769230769231 0.06490384615384616 0.0625
0 0.030048076923076924 0.7283653846153846 0.06009615384615385 0.057692307692307696
0 0.4495192307692308 0.6838942307692307 0.026442307692307692 0.057692307692307696
0 0.40024038461538464 0.6802884615384616 0.06971153846153846 0.057692307692307696
0 0.06370192307692307 0.6778846153846154 0.06490384615384616 0.057692307692307696
0 0.013221153846153846 0.6754807692307693 0.026442307692307692 0.057692307692307696
0 0.12980769230769232 0.6778846153846154 0.06490384615384616 0.057692307692307696
0 0.26322115384615385 0.6766826923076923 0.0673076923076923 0.057692307692307696
0 0.1971153846153846 0.6754807692307693 0.06490384615384616 0.057692307692307696
0 0.3329326923076923 0.6742788461538461 0.0673076923076923 0.06009615384615385
0 0.03125 0.6334134615384616 0.0625 0.052884615384615384
0 0.09615384615384616 0.6322115384615384 0.0625 0.055288461538461536
0 0.43028846153846156 0.6310096153846154 0.06490384615384616 0.057692307692307696
0 0.15985576923076922 0.6298076923076923 0.0625 0.052884615384615384
0 0.2920673076923077 0.6286057692307693 0.06490384615384616 0.055288461538461536
0 0.36538461538461536 0.6225961538461539 0.06971153846153846 0.06009615384615385
0 0.22716346153846154 0.6225961538461539 0.06490384615384616 0.055288461538461536
0 0.12740384615384615 0.5817307692307693 0.06490384615384616 0.055288461538461536
0 0.014423076923076924 0.5793269230769231 0.028846153846153848 0.052884615384615384
0 0.3954326923076923 0.5793269230769231 0.0673076923076923 0.057692307692307696
0 0.3245192307692308 0.5757211538461539 0.0673076923076923 0.055288461538461536
0 0.0625 0.5757211538461539 0.0625 0.055288461538461536
0 0.44591346153846156 0.5745192307692307 0.03365384615384615 0.055288461538461536
0 0.19230769230769232 0.5745192307692307 0.06490384615384616 0.055288461538461536
0 0.25841346153846156 0.5733173076923077 0.06490384615384616 0.055288461538461536
0 0.4206730769230769 0.5408653846153846 0.06009615384615385 0.04326923076923077
0 0.09375 0.5384615384615384 0.06009615384615385 0.05048076923076923
0 0.2860576923076923 0.5348557692307693 0.06490384615384616 0.052884615384615384
0 0.15745192307692307 0.5348557692307693 0.0625 0.052884615384615384
0 0.03125 0.53125 0.0625 0.055288461538461536
0 0.22115384615384615 0.5300480769230769 0.0625 0.052884615384615384
0 0.3605769230769231 0.5288461538461539 0.0673076923076923 0.052884615384615384
0 0.5228365384615384 0.5504807692307693 0.052884615384615384 0.057692307692307696