0 0.07451923076923077 0.10576923076923077 0.14903846153846154 0.21153846153846154
0 0.8725961538461539 0.09134615384615384 0.2548076923076923 0.18269230769230768
0 0.6670673076923077 0.12980769230769232 0.2620192307692308 0.25961538461538464
0 0.171875 0.5396634615384616 0.05048076923076923 0.057692307692307696
0 0.12379807692307693 0.5444711538461539 0.05048076923076923 0.057692307692307696
0 0.07451923076923077 0.5480769230769231 0.052884615384615384 0.057692307692307696
0 0.02403846153846154 0.5516826923076923 0.04807692307692308 0.057692307692307696
0 0.5036057692307693 0.5588942307692307 0.04567307692307692 0.052884615384615384
0 0.45913461538461536 0.5637019230769231 0.04567307692307692 0.052884615384615384
0 0.41586538461538464 0.5673076923076923 0.04567307692307692 0.052884615384615384
0 0.3713942307692308 0.5721153846153846 0.04807692307692308 0.055288461538461536
0 0.3245192307692308 0.5745192307692307 0.04807692307692308 0.055288461538461536
0 0.27884615384615385 0.5769230769230769 0.04807692307692308 0.052884615384615384
0 0.23317307692307693 0.5817307692307693 0.04807692307692308 0.055288461538461536
0 0.18629807692307693 0.5853365384615384 0.04807692307692308 0.055288461538461536
0 0.140625 0.5913461538461539 0.04807692307692308 0.055288461538461536
0 0.09254807692307693 0.5949519230769231 0.052884615384615384 0.057692307692307696
0 0.5132211538461539 0.5985576923076923 0.03125 0.05048076923076923
0 0.04326923076923077 0.5997596153846154 0.052884615384615384 0.057692307692307696
0 0.47836538461538464 0.6045673076923077 0.04326923076923077 0.052884615384615384
0 0.008413461538461538 0.6033653846153846 0.016826923076923076 0.057692307692307696
0 0.4362980769230769 0.6081730769230769 0.04567307692307692 0.052884615384615384
0 0.39302884615384615 0.6117788461538461 0.04567307692307692 0.052884615384615384
0 0.3485576923076923 0.6189903846153846 0.04807692307692308 0.052884615384615384
0 0.30408653846153844 0.6213942307692307 0.04807692307692308 0.055288461538461536
0 0.25961538461538464 0.625 0.04567307692307692 0.055288461538461536
0 0.21634615384615385 0.6298076923076923 0.04567307692307692 0.055288461538461536
0 0.17067307692307693 0.6358173076923077 0.05048076923076923 0.052884615384615384
0 0.12379807692307693 0.6394230769230769 0.04807692307692308 0.055288461538461536
0 0.515625 0.6394230769230769 0.026442307692307692 0.05048076923076923
0 0.07692307692307693 0.6430288461538461 0.05048076923076923 0.055288461538461536
0 0.48197115384615385 0.6454326923076923 0.04326923076923077 0.05048076923076923
0 0.028846153846153848 0.6502403846153846 0.05048076923076923 0.055288461538461536
0 0.4411057692307692 0.6502403846153846 0.04326923076923077 0.05048076923076923
0 0.39903846153846156 0.6538461538461539 0.04326923076923077 0.05048076923076923
0 0.35697115384615385 0.6586538461538461 0.04326923076923077 0.05048076923076923
0 0.31490384615384615 0.6646634615384616 0.04567307692307692 0.052884615384615384
0 0.27163461538461536 0.6682692307692307 0.04567307692307692 0.052884615384615384
0 0.22716346153846154 0.671875 0.04567307692307692 0.05048076923076923
0 0.18269230769230768 0.6754807692307693 0.04567307692307692 0.05048076923076923
0 0.5216346153846154 0.6754807692307693 0.01201923076923077 0.04807692307692308
0 0.13942307692307693 0.6802884615384616 0.04807692307692308 0.052884615384615384
0 0.49759615384615385 0.6802884615384616 0.04326923076923077 0.04567307692307692
0 0.09495192307692307 0.6850961538461539 0.04807692307692308 0.052884615384615384
0 0.4567307692307692 0.6850961538461539 0.040865384615384616 0.04567307692307692
0 0.04807692307692308 0.6923076923076923 0.04807692307692308 0.05048076923076923
0 0.4170673076923077 0.6923076923076923 0.04326923076923077 0.05048076923076923
0 0.3762019230769231 0.6971153846153846 0.04567307692307692 0.04807692307692308
0 0.013221153846153846 0.6959134615384616 0.026442307692307692 0.052884615384615384
0 0.3329326923076923 0.7007211538461539 0.04567307692307692 0.04807692307692308
0 0.2920673076923077 0.7055288461538461 0.04326923076923077 0.04807692307692308
0 0.25 0.7103365384615384 0.04567307692307692 0.05048076923076923
0 0.20673076923076922 0.7139423076923077 0.04326923076923077 0.04807692307692308
0 0.5012019230769231 0.7151442307692307 0.04567307692307692 0.04326923076923077
0 0.16466346153846154 0.71875 0.04567307692307692 0.04807692307692308
0 0.46033653846153844 0.7235576923076923 0.040865384615384616 0.04567307692307692
0 0.12139423076923077 0.7235576923076923 0.04567307692307692 0.05048076923076923
0 0.4230769230769231 0.7283653846153846 0.040865384615384616 0.04807692307692308
0 0.07572115384615384 0.7295673076923077 0.04567307692307692 0.05048076923076923
0 0.38341346153846156 0.734375 0.04326923076923077 0.04807692307692308
0 0.03125 0.7367788461538461 0.04807692307692308 0.05048076923076923
0 0.34375 0.7391826923076923 0.04326923076923077 0.04567307692307692
0 0.3016826923076923 0.7427884615384616 0.04326923076923077 0.04567307692307692
0 0.004807692307692308 0.7439903846153846 0.009615384615384616 0.052884615384615384
0 0.2608173076923077 0.7463942307692307 0.04326923076923077 0.04567307692307692
0 0.21995192307692307 0.75 0.04326923076923077 0.04567307692307692
0 0.1778846153846154 0.7536057692307693 0.04326923076923077 0.04567307692307692
0 0.13581730769230768 0.7572115384615384 0.04567307692307692 0.04326923076923077
0 0.09254807692307693 0.7644230769230769 0.04567307692307692 0.04326923076923077
0 0.05048076923076923 0.7716346153846154 0.04567307692307692 0.04567307692307692
0 0.014423076923076924 0.7824519230769231 0.028846153846153848 0.05048076923076923
0 0.9711538461538461 0.7235576923076923 0.04567307692307692 0.055288461538461536
0 0.9290865384615384 0.7247596153846154 0.04567307692307692 0.055288461538461536
0 0.8882211538461539 0.7271634615384616 0.04326923076923077 0.057692307692307696
0 0.8449519230769231 0.7283653846153846 0.04567307692307692 0.057692307692307696
0 0.8016826923076923 0.7295673076923077 0.04326923076923077 0.06009615384615385
0 0.7596153846153846 0.7295673076923077 0.04567307692307692 0.057692307692307696
0 0.7175480769230769 0.7307692307692307 0.04326923076923077 0.057692307692307696
0 0.6754807692307693 0.7319711538461539 0.04326923076923077 0.057692307692307696
0 0.6334134615384616 0.7331730769230769 0.04326923076923077 0.057692307692307696
0 0.5925480769230769 0.7355769230769231 0.04326923076923077 0.057692307692307696
0 0.5492788461538461 0.7367788461538461 0.04326923076923077 0.06009615384615385
0 0.984375 0.7668269230769231 0.03125 0.052884615384615384
0 0.9495192307692307 0.7704326923076923 0.04326923076923077 0.055288461538461536
0 0.9074519230769231 0.7716346153846154 0.040865384615384616 0.055288461538461536
0 0.8653846153846154 0.7740384615384616 0.04326923076923077 0.057692307692307696
0 0.8233173076923077 0.7752403846153846 0.04326923076923077 0.057692307692307696
0 0.78125 0.7764423076923077 0.04326923076923077 0.057692307692307696
0 0.7391826923076923 0.7776442307692307 0.04326923076923077 0.055288461538461536
0 0.6971153846153846 0.7776442307692307 0.04326923076923077 0.057692307692307696
0 0.6550480769230769 0.7788461538461539 0.04326923076923077 0.057692307692307696
0 0.6141826923076923 0.78125 0.04326923076923077 0.057692307692307696
0 0.5721153846153846 0.7824519230769231 0.04326923076923077 0.057692307692307696
0 0.5396634615384616 0.7860576923076923 0.02403846153846154 0.057692307692307696
0 0.96875 0.8112980769230769 0.04326923076923077 0.055288461538461536
0 0.9266826923076923 0.8161057692307693 0.04326923076923077 0.055288461538461536
0 0.8846153846153846 0.8173076923076923 0.04326923076923077 0.055288461538461536
0 0.84375 0.8209134615384616 0.04326923076923077 0.055288461538461536
0 0.8016826923076923 0.8209134615384616 0.04326923076923077 0.055288461538461536
0 0.7596153846153846 0.8233173076923077 0.04326923076923077 0.055288461538461536
0 0.71875 0.8233173076923077 0.04326923076923077 0.055288461538461536
0 0.6766826923076923 0.8245192307692307 0.04326923076923077 0.055288461538461536
0 0.6346153846153846 0.8257211538461539 0.040865384615384616 0.055288461538461536
0 0.59375 0.828125 0.04326923076923077 0.055288461538461536
0 0.5516826923076923 0.8293269230769231 0.04326923076923077 0.057692307692307696
0 0.9819711538461539 0.8545673076923077 0.036057692307692304 0.052884615384615384
0 0.9459134615384616 0.8569711538461539 0.040865384615384616 0.055288461538461536
0 0.9038461538461539 0.8605769230769231 0.04326923076923077 0.052884615384615384
0 0.8617788461538461 0.8641826923076923 0.04326923076923077 0.052884615384615384
0 0.8221153846153846 0.8653846153846154 0.04326923076923077 0.055288461538461536
0 0.7800480769230769 0.8665865384615384 0.04326923076923077 0.055288461538461536
0 0.7391826923076923 0.8677884615384616 0.04326923076923077 0.055288461538461536
0 0.6983173076923077 0.8689903846153846 0.04326923076923077 0.055288461538461536
0 0.65625 0.8701923076923077 0.04326923076923077 0.055288461538461536
0 0.6165865384615384 0.8725961538461539 0.04326923076923077 0.055288461538461536
0 0.5745192307692307 0.875 0.04326923076923077 0.055288461538461536
0 0.5408653846153846 0.8762019230769231 0.02403846153846154 0.055288461538461536
0 0.9639423076923077 0.8990384615384616 0.040865384615384616 0.052884615384615384
0 0.9230769230769231 0.9014423076923077 0.040865384615384616 0.052884615384615384
0 0.8822115384615384 0.9050480769230769 0.04326923076923077 0.052884615384615384
0 0.8413461538461539 0.9074519230769231 0.04326923076923077 0.055288461538461536
0 0.8004807692307693 0.9098557692307693 0.04326923076923077 0.055288461538461536
0 0.7596153846153846 0.9098557692307693 0.040865384615384616 0.055288461538461536
0 0.71875 0.9134615384615384 0.04326923076923077 0.055288461538461536
0 0.6778846153846154 0.9146634615384616 0.040865384615384616 0.055288461538461536
0 0.6358173076923077 0.9170673076923077 0.04326923076923077 0.055288461538461536
0 0.5961538461538461 0.9182692307692307 0.040865384615384616 0.055288461538461536
0 0.5552884615384616 0.9206730769230769 0.040865384615384616 0.055288461538461536
0 0.9795673076923077 0.9399038461538461 0.038461538461538464 0.052884615384615384
0 0.9423076923076923 0.9435096153846154 0.040865384615384616 0.052884615384615384
0 0.9014423076923077 0.9459134615384616 0.040865384615384616 0.052884615384615384
0 0.8605769230769231 0.9495192307692307 0.040865384615384616 0.055288461538461536
0 0.8209134615384616 0.953125 0.040865384615384616 0.055288461538461536
0 0.7800480769230769 0.9543269230769231 0.040865384615384616 0.055288461538461536
0 0.7403846153846154 0.9555288461538461 0.040865384615384616 0.055288461538461536
0 0.6995192307692307 0.9579326923076923 0.04326923076923077 0.055288461538461536
0 0.6574519230769231 0.9603365384615384 0.040865384615384616 0.052884615384615384
0 0.6177884615384616 0.9615384615384616 0.040865384615384616 0.055288461538461536
0 0.5757211538461539 0.9651442307692307 0.040865384615384616 0.055288461538461536
0 0.5420673076923077 0.9663461538461539 0.028846153846153848 0.052884615384615384
0 0.6286057692307693 0.46875 0.04567307692307692 0.014423076923076924
0 0.5841346153846154 0.46875 0.04807692307692308 0.014423076923076924
0 0.9927884615384616 0.4879807692307692 0.014423076923076924 0.052884615384615384
0 0.9675480769230769 0.4891826923076923 0.04567307692307692 0.052884615384615384
0 0.9206730769230769 0.49038461538461536 0.04807692307692308 0.055288461538461536
0 0.875 0.49038461538461536 0.04807692307692308 0.055288461538461536
0 0.828125 0.49038461538461536 0.04567307692307692 0.055288461538461536
0 0.7848557692307693 0.49158653846153844 0.04567307692307692 0.057692307692307696
0 0.7403846153846154 0.49158653846153844 0.04567307692307692 0.057692307692307696
0 0.6971153846153846 0.49278846153846156 0.04567307692307692 0.06009615384615385
0 0.6526442307692307 0.49399038461538464 0.04567307692307692 0.0625
0 0.6081730769230769 0.4963942307692308 0.04567307692307692 0.06009615384615385
0 0.5649038461538461 0.49759615384615385 0.04567307692307692 0.06490384615384616
0 0.5348557692307693 0.49759615384615385 0.016826923076923076 0.06009615384615385
0 0.9807692307692307 0.5348557692307693 0.038461538461538464 0.06009615384615385
0 0.8954326923076923 0.5360576923076923 0.04567307692307692 0.06009615384615385
0 0.9411057692307693 0.5360576923076923 0.04567307692307692 0.06009615384615385
0 0.8509615384615384 0.5360576923076923 0.04567307692307692 0.06009615384615385
0 0.8052884615384616 0.5384615384615384 0.04567307692307692 0.06009615384615385
0 0.7632211538461539 0.5408653846153846 0.04567307692307692 0.06009615384615385
0 0.71875 0.5420673076923077 0.04567307692307692 0.057692307692307696
0 0.6742788461538461 0.5444711538461539 0.04567307692307692 0.06009615384615385
0 0.6310096153846154 0.5444711538461539 0.04567307692307692 0.06009615384615385
0 0.5889423076923077 0.546875 0.04567307692307692 0.057692307692307696
0 0.546875 0.5480769230769231 0.038461538461538464 0.06009615384615385
0 0.9903846153846154 0.5829326923076923 0.019230769230769232 0.06009615384615385
0 0.9603365384615384 0.5841346153846154 0.04567307692307692 0.057692307692307696
0 0.9158653846153846 0.5853365384615384 0.04807692307692308 0.06009615384615385
0 0.8701923076923077 0.5853365384615384 0.04567307692307692 0.06009615384615385
0 0.8269230769230769 0.5865384615384616 0.04567307692307692 0.06009615384615385
0 0.7824519230769231 0.5889423076923077 0.04567307692307692 0.06009615384615385
0 0.7403846153846154 0.5901442307692307 0.04567307692307692 0.057692307692307696
0 0.6971153846153846 0.5913461538461539 0.04567307692307692 0.06009615384615385
0 0.6526442307692307 0.5925480769230769 0.04567307692307692 0.057692307692307696
0 0.609375 0.59375 0.04326923076923077 0.06009615384615385
0 0.5673076923076923 0.5949519230769231 0.04567307692307692 0.06009615384615385
0 0.5360576923076923 0.5961538461538461 0.019230769230769232 0.06009615384615385
0 0.9338942307692307 0.6322115384615384 0.04567307692307692 0.057692307692307696
0 0.890625 0.6322115384615384 0.04567307692307692 0.057692307692307696
0 0.9783653846153846 0.6322115384615384 0.04326923076923077 0.057692307692307696
0 0.8473557692307693 0.6334134615384616 0.04567307692307692 0.057692307692307696
0 0.8040865384615384 0.6346153846153846 0.04567307692307692 0.06009615384615385
0 0.7596153846153846 0.6358173076923077 0.04567307692307692 0.057692307692307696
0 0.71875 0.6382211538461539 0.04567307692307692 0.057692307692307696
0 0.6754807692307693 0.6394230769230769 0.04567307692307692 0.06009615384615385
0 0.6322115384615384 0.640625 0.04567307692307692 0.06009615384615385
0 0.5901442307692307 0.6430288461538461 0.04567307692307692 0.057692307692307696
0 0.5480769230769231 0.6430288461538461 0.040865384615384616 0.057692307692307696
0 0.953125 0.6778846153846154 0.04567307692307692 0.057692307692307696
0 0.9867788461538461 0.6790865384615384 0.026442307692307692 0.055288461538461536
0 0.9098557692307693 0.6790865384615384 0.04567307692307692 0.057692307692307696
0 0.8677884615384616 0.6802884615384616 0.04567307692307692 0.057692307692307696
0 0.8245192307692307 0.6814903846153846 0.04567307692307692 0.057692307692307696
0 0.78125 0.6826923076923077 0.04567307692307692 0.057692307692307696
0 0.7391826923076923 0.6838942307692307 0.04567307692307692 0.057692307692307696
0 0.6971153846153846 0.6850961538461539 0.04326923076923077 0.057692307692307696
0 0.6538461538461539 0.6862980769230769 0.04567307692307692 0.057692307692307696
0 0.6117788461538461 0.6887019230769231 0.04326923076923077 0.057692307692307696
0 0.5697115384615384 0.6899038461538461 0.04326923076923077 0.057692307692307696
0 0.5384615384615384 0.6911057692307693 0.021634615384615384 0.057692307692307696