0 0.4581836935714286 0.79791184 0.02436578428571433 0.21040456000000007
0 0.5018518407142857 0.73250829 0.020621924285714254 0.19760218000000002
0 0.52190845 0.6882699449999999 0.019333048571428597 0.18591301000000007
0 0.5596903049999999 0.6484712399999999 0.017123561428571424 0.17979014
0 0.5410753385714286 0.49481811 0.01859655142857142 0.18869613999999998
0 0.4802713007142857 0.5727062100000001 0.022892789999999975 0.20261180000000004
0 0.49493977357142854 0.510794375 0.016828255714285742 0.16030823000000005
0 0.4536430671428571 0.552594085 0.02056054571428571 0.17590647000000004
0 0.5107046635714286 0.35236865 0.02217777000000004 0.2194219
0 0.4818869585714286 0.35479652 0.020161611428571452 0.17842552
0 0.4856797392857143 0.15208755 0.0245523614285714 0.23608172000000002
0 0.529104955 0.12141278 0.02114728999999995 0.2226726
0 0.5215644735714285 0.30248268500000003 0.016515118571428584 0.14848011000000003
0 0.5476761935714286 0.42751857 0.013836981428571399 0.12972477999999996
0 0.5320537878571429 0.621784935 0.016068752857142873 0.14002389
0 0.5144372714285714 0.48378472 0.016486159999999958 0.13910238
0 0.47514360214285717 0.7143195950000001 0.019193238571428586 0.15004303
0 0.49991627214285717 0.13133983000000002 0.02053231571428569 0.18442793999999998
0 0.3989591635714286 0.79791184 0.02436578428571433 0.21040456000000007
0 0.6846734492857143 0.79791184 0.02436578428571433 0.21040456000000007
0 0.17246940785714285 0.79791184 0.024365784285714287 0.21040456000000007
0 0.7438979792857143 0.79791184 0.02436578428571433 0.21040456000000007
0 0.11324487785714286 0.79791184 0.024365784285714287 0.21040456000000007
0 0.970387735 0.79791184 0.02436578428571433 0.21040456000000007
0 0.3552910164285714 0.73250829 0.020621924285714254 0.19760218000000002
0 0.6410053021428571 0.73250829 0.020621924285714254 0.19760218000000002
0 0.216137555 0.73250829 0.020621924285714254 0.19760218000000002
0 0.7875661264285714 0.73250829 0.020621924285714254 0.19760218000000002
0 0.0695767307142857 0.73250829 0.020621924285714285 0.19760218000000002
0 0.9267195878571429 0.73250829 0.020621924285714254 0.19760218000000002
0 0.3352344071428571 0.6882699449999999 0.019333048571428597 0.18591301000000007
0 0.6209486928571428 0.6882699449999999 0.019333048571428597 0.18591301000000007
0 0.2361941642857143 0.6882699449999999 0.019333048571428597 0.18591301000000007
0 0.8076227357142857 0.6882699449999999 0.019333048571428597 0.18591301000000007
0 0.04952012142857143 0.6882699449999999 0.019333048571428573 0.18591301000000007
0 0.9066629785714285 0.6882699449999999 0.019333048571428597 0.18591301000000007
0 0.29745255214285715 0.6484712399999999 0.017123561428571424 0.17979014
0 0.5831668378571429 0.6484712399999999 0.017123561428571424 0.17979014
0 0.27397602 0.6484712399999999 0.017123559999999996 0.17979014
0 0.8454045907142859 0.6484712399999999 0.017123561428571424 0.17979014
0 0.011738266428571427 0.6484712399999999 0.017123561428571427 0.17979014
0 0.8688811235714284 0.6484712399999999 0.017123561428571424 0.17979014
0 0.31606751857142856 0.49481811 0.01859655142857142 0.18869613999999998
0 0.6017818042857143 0.49481811 0.01859655142857142 0.18869613999999998
0 0.25536105285714283 0.49481811 0.01859655142857142 0.18869613999999998
0 0.8267896242857143 0.49481811 0.01859655142857134 0.18869613999999998
0 0.030353232857142858 0.49481811 0.01859655142857143 0.18869613999999998
0 0.88749609 0.49481811 0.01859655142857134 0.18869613999999998
0 0.37687155642857145 0.5727062100000001 0.022892789999999975 0.20261180000000004
0 0.6625858421428571 0.5727062100000001 0.022892789999999975 0.20261180000000004
0 0.194557015 0.5727062100000001 0.022892789999999975 0.20261180000000004
0 0.7659855864285714 0.5727062100000001 0.02289279000000014 0.20261180000000004
0 0.09115727071428571 0.5727062100000001 0.022892789999999996 0.20261180000000004
0 0.9483001278571429 0.5727062100000001 0.02289279000000014 0.20261180000000004
0 0.36220308357142855 0.510794375 0.016828255714285742 0.16030823000000005
0 0.6479173685714286 0.510794375 0.016828254285714318 0.16030823000000005
0 0.20922548857142856 0.510794375 0.016828254285714318 0.16030823000000005
0 0.7806540592857143 0.510794375 0.01682825571428566 0.16030823000000005
0 0.07648879785714285 0.510794375 0.01682825571428572 0.16030823000000005
0 0.9336316542857143 0.510794375 0.016828254285714234 0.16030823000000005
0 0.40349979 0.552594085 0.02056054571428571 0.17590647000000004
0 0.6892140757142857 0.552594085 0.02056054571428571 0.17590647000000004
0 0.16792878142857143 0.552594085 0.02056054571428571 0.17590647000000004
0 0.7393573528571429 0.552594085 0.020560545714285793 0.17590647000000004
0 0.1177855042857143 0.552594085 0.02056054571428571 0.17590647000000004
0 0.9749283614285714 0.552594085 0.02056054571428571 0.17590647000000004
0 0.3464381935714286 0.35236865 0.022177770000000003 0.2194219
0 0.6321524792857143 0.35236865 0.02217777000000004 0.2194219
0 0.22499037785714288 0.35236865 0.022177770000000003 0.2194219
0 0.7964189492857143 0.35236865 0.02217777000000004 0.2194219
0 0.06072390785714286 0.35236865 0.022177770000000003 0.2194219
0 0.917866765 0.35236865 0.02217777000000004 0.2194219
0 0.37525589857142855 0.35479652 0.020161611428571452 0.17842552
0 0.6609701842857143 0.35479652 0.020161611428571452 0.17842552
0 0.19617267285714288 0.35479652 0.020161611428571414 0.17842552
0 0.7676012442857143 0.35479652 0.020161611428571372 0.17842552
0 0.08954161285714286 0.35479652 0.020161611428571424 0.17842552
0 0.94668447 0.35479652 0.020161611428571372 0.17842552
0 0.37146311785714287 0.15208755 0.0245523614285714 0.23608172000000002
0 0.6571774035714285 0.15208755 0.0245523614285714 0.23608172000000002
0 0.1999654535714286 0.15208755 0.024552361428571437 0.23608172000000002
0 0.7713940249999999 0.15208755 0.02455236142857156 0.23608172000000002
0 0.08574883214285714 0.15208755 0.024552361428571427 0.23608172000000002
0 0.9428916892857143 0.15208755 0.02455236142857156 0.23608172000000002
0 0.32803790214285716 0.12141278 0.02114729000000003 0.2226726
0 0.6137521878571428 0.12141278 0.02114728999999995 0.2226726
0 0.2433906692857143 0.12141278 0.02114729000000003 0.2226726
0 0.8148192407142857 0.12141278 0.02114729000000011 0.2226726
0 0.04232361642857143 0.12141278 0.021147290000000006 0.2226726
0 0.8994664735714286 0.12141278 0.02114729000000011 0.2226726
0 0.33557838357142855 0.30248268500000003 0.016515118571428584 0.14848011000000003
0 0.6212926692857144 0.30248268500000003 0.016515118571428584 0.14848011000000003
0 0.23585018785714287 0.30248268500000003 0.016515118571428584 0.14848011000000003
0 0.8072787592857142 0.30248268500000003 0.0165151185714285 0.14848011000000003
0 0.04986409785714285 0.30248268500000003 0.016515118571428577 0.14848011000000003
0 0.9070069550000001 0.30248268500000003 0.0165151185714285 0.14848011000000003
0 0.3094666635714286 0.42751857 0.013836981428571399 0.12972477999999996
0 0.5951809492857143 0.42751857 0.013836981428571399 0.12972477999999996
0 0.26196190785714285 0.42751857 0.013836981428571399 0.12972477999999996
0 0.8333904792857142 0.42751857 0.013836981428571399 0.12972477999999996
0 0.02375237785714286 0.42751857 0.01383698142857143 0.12972477999999996
0 0.8808952350000001 0.42751857 0.013836981428571399 0.12972477999999996
0 0.32508906928571424 0.621784935 0.01606875285714283 0.14002389
0 0.6108033549999999 0.621784935 0.016068752857142873 0.14002389
0 0.24633950214285716 0.621784935 0.01606875285714283 0.14002389
0 0.8177680735714286 0.621784935 0.016068752857142952 0.14002389
0 0.03937478357142857 0.621784935 0.016068752857142852 0.14002389
0 0.8965176407142857 0.621784935 0.016068752857142952 0.14002389
0 0.3427055857142857 0.48378472 0.01648616 0.13910238
0 0.6284198714285715 0.48378472 0.016486159999999958 0.13910238
0 0.2287229857142857 0.48378472 0.01648616 0.13910238
0 0.8001515571428571 0.48378472 0.01648616000000012 0.13910238
0 0.056991299999999995 0.48378472 0.01648616 0.13910238
0 0.9141341571428572 0.48378472 0.01648616000000012 0.13910238
0 0.381999255 0.7143195950000001 0.019193238571428586 0.15004303
0 0.6677135407142857 0.7143195950000001 0.019193238571428586 0.15004303
0 0.18942931642857141 0.7143195950000001 0.019193238571428566 0.15004303
0 0.7608578878571429 0.7143195950000001 0.019193238571428666 0.15004303
0 0.09628496928571428 0.7143195950000001 0.019193238571428576 0.15004303
0 0.9534278264285714 0.7143195950000001 0.019193238571428666 0.15004303
0 0.357226585 0.13133983000000002 0.02053231571428569 0.18442793999999998
0 0.6429408707142857 0.13133983000000002 0.02053231571428569 0.18442793999999998
0 0.21420198642857144 0.13133983000000002 0.020532315714285727 0.18442793999999998
0 0.7856305578571429 0.13133983000000002 0.02053231571428569 0.18442793999999998
0 0.07151229928571429 0.13133983000000002 0.020532315714285716 0.18442793999999998
0 0.9286551564285714 0.13133983000000002 0.02053231571428569 0.18442793999999998