0 0.8796875 0.5859375 0.05625 0.059375
0 0.82265625 0.579296875 0.0578125 0.06171875
0 0.7640625 0.577734375 0.05625 0.05859375
0 0.7078125 0.572265625 0.05625 0.06015625
0 0.65234375 0.566015625 0.0515625 0.05390625
0 0.59921875 0.561328125 0.0515625 0.05703125
0 0.54609375 0.557421875 0.0484375 0.05859375
0 0.49453125 0.551953125 0.0484375 0.05703125
0 0.44296875 0.544921875 0.0484375 0.04921875
0 0.84921875 0.632421875 0.0578125 0.05859375
0 0.79375 0.626953125 0.053125 0.05390625
0 0.7390625 0.628515625 0.05625 0.05390625
0 0.68359375 0.620703125 0.0515625 0.05390625
0 0.63046875 0.61484375 0.0515625 0.0515625
0 0.57890625 0.609765625 0.0484375 0.05078125
0 0.52890625 0.604296875 0.0484375 0.05234375
0 0.4796875 0.598828125 0.05 0.05078125
0 0.43125 0.596484375 0.046875 0.05234375
0 0.38203125 0.590625 0.0453125 0.05
0 0.33515625 0.585546875 0.0453125 0.05234375
0 0.2875 0.581640625 0.04375 0.05078125
0 0.23984375 0.58046875 0.0453125 0.0484375
0 0.19375 0.574609375 0.04375 0.04921875
0 0.14765625 0.570703125 0.0421875 0.05078125
0 0.10234375 0.563671875 0.0390625 0.04609375
0 0.0578125 0.562109375 0.04375 0.04609375
0 0.01796875 0.559765625 0.0359375 0.05078125
0 0.85390625 0.68671875 0.0515625 0.0546875
0 0.8015625 0.68203125 0.053125 0.0578125
0 0.746875 0.677734375 0.05 0.04921875
0 0.69453125 0.672265625 0.0515625 0.05078125
0 0.64296875 0.6640625 0.0484375 0.046875
0 0.5921875 0.662890625 0.046875 0.05078125
0 0.54296875 0.655078125 0.0484375 0.05078125
0 0.49453125 0.647265625 0.0453125 0.04765625
0 0.44609375 0.647265625 0.0453125 0.04765625
0 0.4 0.641796875 0.04375 0.04921875
0 0.3546875 0.636328125 0.04375 0.04765625
0 0.30859375 0.631640625 0.0453125 0.04765625
0 0.2609375 0.627734375 0.04375 0.04609375
0 0.215625 0.623046875 0.04375 0.04609375
0 0.17109375 0.617578125 0.0421875 0.04453125
0 0.1265625 0.61328125 0.0375 0.0484375
0 0.084375 0.609765625 0.04375 0.04765625
0 0.040625 0.605859375 0.040625 0.04609375
0 0.040625 0.650390625 0.040625 0.04453125
0 0.08203125 0.65078125 0.0421875 0.0453125
0 0.12578125 0.656640625 0.0421875 0.04765625
0 0.1671875 0.6625 0.04375 0.04375
0 0.2125 0.666015625 0.0375 0.04453125
0 0.25390625 0.669140625 0.0390625 0.04453125
0 0.29765625 0.675390625 0.0421875 0.04765625
0 0.34296875 0.6796875 0.0453125 0.046875
0 0.3890625 0.68203125 0.04375 0.0453125
0 0.43359375 0.687109375 0.0421875 0.04609375
0 0.4796875 0.691015625 0.04375 0.04453125
0 0.5265625 0.697265625 0.046875 0.04765625
0 0.5734375 0.703125 0.046875 0.046875
0 0.621875 0.708984375 0.046875 0.04921875
0 0.67265625 0.716015625 0.0484375 0.05078125
0 0.72265625 0.721484375 0.0484375 0.04921875
0 0.77421875 0.72109375 0.0515625 0.0484375
0 0.82734375 0.730078125 0.0515625 0.05078125
0 0.83515625 0.773828125 0.0484375 0.04765625
0 0.7859375 0.7703125 0.046875 0.05
0 0.73515625 0.767578125 0.0484375 0.04765625
0 0.6859375 0.762890625 0.046875 0.04765625
0 0.6375 0.753515625 0.046875 0.04453125
0 0.54296875 0.741796875 0.0421875 0.04296875
0 0.58984375 0.7515625 0.0453125 0.046875
0 0.49765625 0.736328125 0.0421875 0.04453125
0 0.45234375 0.732421875 0.0421875 0.04609375
0 0.40859375 0.725390625 0.0421875 0.04140625
0 0.36484375 0.723828125 0.0421875 0.04765625
0 0.3203125 0.715625 0.040625 0.040625
0 0.27734375 0.714453125 0.0421875 0.04453125
0 0.23515625 0.709765625 0.0421875 0.04453125
0 0.1921875 0.703515625 0.040625 0.04140625
0 0.15078125 0.698828125 0.0390625 0.04140625
0 0.109375 0.69140625 0.0375 0.0421875
0 0.06953125 0.688671875 0.0390625 0.04609375
0 0.8109375 0.816796875 0.05 0.04609375
0 0.7609375 0.808984375 0.046875 0.04296875
0 0.71171875 0.807421875 0.0453125 0.04609375
0 0.6640625 0.804296875 0.04375 0.04609375
0 0.6171875 0.796484375 0.04375 0.04296875
0 0.571875 0.785546875 0.040625 0.03984375
0 0.5265625 0.778515625 0.040625 0.03828125
0 0.483984375 0.770703125 0.04140625 0.03203125
0 0.43984375 0.767578125 0.0421875 0.04140625
0 0.39609375 0.764453125 0.0390625 0.04140625
0 0.353125 0.759765625 0.040625 0.04453125
0 0.3125 0.756640625 0.0375 0.04140625
0 0.26875 0.753515625 0.040625 0.04453125
0 0.2265625 0.748046875 0.0375 0.04609375
0 0.18671875 0.742578125 0.0390625 0.03828125
0 0.14609375 0.737109375 0.0390625 0.03984375
0 0.1046875 0.729296875 0.0375 0.04296875