0 0.2078125 0.267578125 0.1125 0.16640625
0 0.08828125 0.328515625 0.0984375 0.13828125
0 0.25390625 0.421875 0.1234375 0.18125
0 0.3859375 0.387109375 0.121875 0.17421875
0 0.50859375 0.40625 0.1140625 0.16875
0 0.62578125 0.54609375 0.1234375 0.1734375
0 0.7671875 0.48046875 0.1 0.1671875
0 0.82578125 0.64765625 0.1140625 0.1671875
0 0.81953125 0.829296875 0.1265625 0.18671875
0 0.690625 0.87421875 0.09375 0.1296875
0 0.65703125 0.758203125 0.0859375 0.11953125
0 0.5734375 0.693359375 0.090625 0.12734375
0 0.546875 0.854296875 0.128125 0.18984375
0 0.47421875 0.73984375 0.0859375 0.1265625
0 0.49453125 0.5828125 0.1203125 0.178125
0 0.41171875 0.836328125 0.0859375 0.12578125
0 0.37578125 0.724609375 0.0890625 0.12734375
0 0.3578125 0.5609375 0.125 0.178125
0 0.28203125 0.689453125 0.0890625 0.12265625
0 0.3046875 0.807421875 0.090625 0.12421875
0 0.2015625 0.855859375 0.09375 0.12421875
0 0.17578125 0.701171875 0.1171875 0.17421875
0 0.20234375 0.551953125 0.0859375 0.12265625
0 0.08203125 0.508984375 0.1265625 0.17421875
0 0.0703125 0.661328125 0.08125 0.11640625
0 0.065625 0.785546875 0.0875 0.12109375