0 0.35 0.0453125 0.0578125 0.090625
0 0.4390625 0.06875 0.0609375 0.1046875
0 0.26328125 0.11796875 0.0640625 0.1109375
0 0.321875 0.1328125 0.0625 0.1109375
0 0.39296875 0.11328125 0.05625 0.1046875
0 0.4328125 0.16640625 0.05625 0.1046875
0 0.51484375 0.20390625 0.0546875 0.1015625
0 0.55703125 0.3140625 0.053125 0.0984375
0 0.57578125 0.38125 0.0515625 0.0921875
0 0.6 0.45703125 0.0515625 0.0890625
0 0.62421875 0.5328125 0.0515625 0.0875
0 0.62578125 0.5984375 0.046875 0.0890625
0 0.62109375 0.65703125 0.0453125 0.075
0 0.59609375 0.721875 0.0453125 0.075
0 0.56953125 0.7828125 0.0453125 0.0796875
0 0.4640625 0.24296875 0.0546875 0.0953125
0 0.5046875 0.284375 0.0515625 0.0875
0 0.528125 0.3828125 0.0515625 0.0921875
0 0.55 0.459375 0.0515625 0.090625
0 0.56484375 0.53203125 0.0484375 0.084375
0 0.58125 0.60078125 0.046875 0.084375
0 0.57734375 0.66953125 0.046875 0.0796875
0 0.5515625 0.73046875 0.05 0.084375
0 0.5375 0.6609375 0.0515625 0.0796875
0 0.3859375 0.2140625 0.05625 0.1046875
0 0.340625 0.26171875 0.0515625 0.1
0 0.29375 0.2046875 0.059375 0.103125
0 0.2328125 0.190625 0.0609375 0.1078125
0 0.1765625 0.18359375 0.0625 0.109375
0 0.134375 0.27421875 0.0625 0.1046875
0 0.19375 0.27734375 0.0671875 0.1015625
0 0.25078125 0.3 0.0671875 0.10625
0 0.3046875 0.32109375 0.0546875 0.096875
0 0.3890625 0.30546875 0.053125 0.1
0 0.4390625 0.3171875 0.05625 0.1015625
0 0.4828125 0.37109375 0.0515625 0.0953125
0 0.11015625 0.36875 0.0578125 0.09375
0 0.165625 0.36328125 0.0609375 0.1015625
0 0.2234375 0.36015625 0.0609375 0.0953125
0 0.31328125 0.41328125 0.0578125 0.0953125
0 0.40234375 0.390625 0.0578125 0.0953125
0 0.44921875 0.428125 0.053125 0.090625
0 0.49375 0.44453125 0.0484375 0.084375
0 0.08515625 0.43984375 0.0578125 0.0875
0 0.14453125 0.4421875 0.05625 0.09375
0 0.196875 0.440625 0.059375 0.096875
0 0.2625 0.425 0.0578125 0.090625
0 0.0671875 0.5203125 0.0578125 0.0890625
0 0.121875 0.51015625 0.0578125 0.090625
0 0.18046875 0.51015625 0.0578125 0.0875
0 0.2359375 0.50390625 0.0578125 0.0875
0 0.29140625 0.5 0.05625 0.090625
0 0.34296875 0.4921875 0.0546875 0.0859375
0 0.39140625 0.471875 0.053125 0.0890625
0 0.3546875 0.3640625 0.0546875 0.090625
0 0.5109375 0.5171875 0.0546875 0.0859375
0 0.4609375 0.5046875 0.053125 0.0890625
0 0.4171875 0.54609375 0.053125 0.090625
0 0.4765625 0.57578125 0.05 0.0828125
0 0.53046875 0.59140625 0.05 0.0859375
0 0.490625 0.65234375 0.05 0.078125
0 0.434375 0.61796875 0.05 0.0890625
0 0.50703125 0.71640625 0.046875 0.0796875
0 0.521875 0.784375 0.046875 0.075
0 0.5390625 0.8359375 0.040625 0.065625
0 0.50859375 0.8890625 0.0421875 0.0703125
0 0.4875 0.83359375 0.046875 0.08125
0 0.053125 0.60078125 0.059375 0.090625
0 0.10703125 0.59765625 0.0625 0.09375
0 0.1609375 0.58828125 0.05625 0.090625
0 0.2140625 0.5796875 0.0578125 0.0890625
0 0.26875 0.56640625 0.0546875 0.0859375
0 0.325 0.56171875 0.0546875 0.08125
0 0.37265625 0.60078125 0.053125 0.084375
0 0.39453125 0.66640625 0.0515625 0.08125
0 0.45390625 0.69765625 0.0484375 0.08125
0 0.46953125 0.76484375 0.05 0.0765625
0 0.06796875 0.68515625 0.059375 0.0828125
0 0.11796875 0.67734375 0.0578125 0.090625
0 0.1703125 0.6703125 0.05625 0.0890625
0 0.221875 0.65625 0.0546875 0.0859375
0 0.28359375 0.64375 0.053125 0.0875
0 0.33125 0.63984375 0.05625 0.0875
0 0.09609375 0.7546875 0.053125 0.0828125
0 0.146875 0.74140625 0.0546875 0.0828125
0 0.1984375 0.74140625 0.05625 0.0875
0 0.2578125 0.7203125 0.0546875 0.0828125
0 0.30546875 0.7171875 0.05625 0.0796875
0 0.35546875 0.71953125 0.0515625 0.0796875
0 0.1265625 0.8171875 0.0546875 0.0828125
0 0.4234375 0.7609375 0.046875 0.08125
0 0.17578125 0.80546875 0.0546875 0.08125
0 0.2390625 0.78125 0.053125 0.0796875
0 0.28515625 0.80390625 0.053125 0.08125
0 0.33125 0.784375 0.05 0.0875
0 0.378125 0.77265625 0.05 0.08125
0 0.1609375 0.87578125 0.053125 0.078125
0 0.21640625 0.85 0.053125 0.075
0 0.2 0.9296875 0.053125 0.0796875
0 0.2640625 0.865625 0.0515625 0.075
0 0.31015625 0.86484375 0.0484375 0.0796875
0 0.24453125 0.946875 0.05 0.0765625
0 0.28984375 0.9375 0.0515625 0.0796875
0 0.3546875 0.84375 0.05 0.075
0 0.4 0.84140625 0.0484375 0.0796875
0 0.44453125 0.825 0.046875 0.078125
0 0.33359375 0.91875 0.046875 0.0703125
0 0.3796875 0.90546875 0.0484375 0.075
0 0.421875 0.89453125 0.0484375 0.075
0 0.46640625 0.9 0.0453125 0.0765625
0 0.4796875 0.1203125 0.053125 0.1046875
0 0.0109375 0.66796875 0.021875 0.0890625