0 0.48767709 0.610466495 0.021388054285714265 0.26892652999999994
0 0.49083143571428567 0.199910135 0.02215740857142862 0.25733899
0 0.3694657671428571 0.610466495 0.021388054285714265 0.26892652999999994
0 0.6551800528571429 0.610466495 0.021388054285714265 0.26892652999999994
0 0.20196280428571428 0.610466495 0.021388054285714265 0.26892652999999994
0 0.7733913757142857 0.610466495 0.021388054285714265 0.26892652999999994
0 0.08375148142857142 0.610466495 0.021388054285714293 0.26892652999999994
0 0.9408943385714286 0.610466495 0.021388054285714265 0.26892652999999994
0 0.3663114214285715 0.199910135 0.022157408571428578 0.25733899
0 0.6520257071428571 0.199910135 0.02215740857142862 0.25733899
0 0.20511714999999997 0.199910135 0.022157408571428578 0.25733899
0 0.7765457214285714 0.199910135 0.022157408571428536 0.25733899
0 0.08059713571428571 0.199910135 0.022157408571428578 0.25733899
0 0.9377399928571429 0.199910135 0.022157408571428536 0.25733899