0 0.3609375 0.346875 0.0484375 0.0359375
0 0.409375 0.346875 0.05 0.0359375
0 0.39921875 0.38125 0.0515625 0.0375
0 0.3578125 0.38671875 0.046875 0.0390625
0 0.45546875 0.3796875 0.05 0.0375
0 0.4984375 0.3625 0.0515625 0.0390625
0 0.49765625 0.3984375 0.05 0.0375
0 0.546875 0.3734375 0.053125 0.0375
0 0.5890625 0.3765625 0.05 0.0375
0 0.53828125 0.4125 0.046875 0.0375
0 0.58359375 0.4109375 0.05 0.0375
0 0.62734375 0.4234375 0.05 0.0359375
0 0.65703125 0.4546875 0.046875 0.0359375
0 0.609375 0.45625 0.0484375 0.0375
0 0.56484375 0.4421875 0.046875 0.0359375
0 0.51328125 0.440625 0.053125 0.0359375
0 0.46796875 0.43828125 0.05 0.0359375
0 0.43984375 0.4109375 0.053125 0.0375
0 0.4171875 0.44140625 0.0515625 0.0359375
0 0.3859375 0.41875 0.0578125 0.0375
0 0.3359375 0.41875 0.0515625 0.0375
0 0.2984375 0.40703125 0.0515625 0.034375
0 0.36796875 0.44765625 0.046875 0.034375
0 0.31171875 0.453125 0.05 0.0390625
0 0.27421875 0.4421875 0.046875 0.034375
0 0.2375 0.4640625 0.046875 0.0375
0 0.6671875 0.4828125 0.04375 0.0328125
0 0.62734375 0.4875 0.05 0.0359375
0 0.57890625 0.4828125 0.046875 0.0359375
0 0.5359375 0.475 0.05 0.0390625
0 0.49140625 0.471875 0.053125 0.0390625
0 0.44765625 0.471875 0.053125 0.0421875
0 0.40390625 0.47421875 0.046875 0.0359375
0 0.35390625 0.4828125 0.0546875 0.0359375
0 0.30390625 0.4875 0.053125 0.0375
0 0.25703125 0.50234375 0.053125 0.0375
0 0.21484375 0.496875 0.053125 0.0359375
0 0.66640625 0.5203125 0.0484375 0.0359375
0 0.61015625 0.5171875 0.04375 0.034375
0 0.56875 0.515625 0.0484375 0.0375
0 0.5234375 0.51015625 0.05 0.0359375
0 0.47890625 0.5046875 0.0484375 0.0359375
0 0.4328125 0.5046875 0.0515625 0.034375
0 0.38671875 0.50703125 0.05 0.0375
0 0.3359375 0.51484375 0.0515625 0.0359375
0 0.29453125 0.52734375 0.05 0.0359375
0 0.24765625 0.53125 0.05 0.034375
0 0.19921875 0.528125 0.053125 0.0390625
0 0.67734375 0.55 0.046875 0.0359375
0 0.63359375 0.5515625 0.05 0.0359375
0 0.58828125 0.546875 0.05 0.0359375
0 0.54453125 0.54296875 0.05 0.0359375
0 0.49921875 0.5421875 0.05 0.0359375
0 0.45546875 0.53515625 0.05 0.0375
0 0.41484375 0.54375 0.05 0.0375
0 0.37109375 0.5359375 0.05 0.0359375
0 0.20234375 0.5625 0.053125 0.034375
0 0.24765625 0.5640625 0.05 0.0390625
0 0.29765625 0.559375 0.053125 0.0359375
0 0.34296875 0.56875 0.053125 0.040625
0 0.38515625 0.5734375 0.0515625 0.0390625
0 0.43046875 0.578125 0.0515625 0.0390625
0 0.4765625 0.575 0.0515625 0.0375
0 0.52109375 0.5734375 0.053125 0.0359375
0 0.57265625 0.5796875 0.05 0.0359375
0 0.62265625 0.5828125 0.04375 0.0375
0 0.66171875 0.584375 0.05 0.0390625
0 0.21640625 0.59765625 0.053125 0.0359375
0 0.26640625 0.596875 0.0515625 0.0359375
0 0.3109375 0.5984375 0.053125 0.0390625
0 0.36171875 0.603125 0.0515625 0.0359375
0 0.41015625 0.60625 0.053125 0.0359375
0 0.45078125 0.6109375 0.05 0.0375
0 0.496875 0.60234375 0.05 0.0359375
0 0.5390625 0.609375 0.0515625 0.0375
0 0.590625 0.609375 0.046875 0.0375
0 0.63203125 0.6109375 0.046875 0.0375
0 0.23984375 0.62734375 0.05 0.034375
0 0.28515625 0.628125 0.05 0.0359375
0 0.33203125 0.63125 0.0484375 0.0390625
0 0.37734375 0.63671875 0.053125 0.0375
0 0.421875 0.6390625 0.05 0.0359375
0 0.46640625 0.6484375 0.046875 0.0359375
0 0.51015625 0.6375 0.0484375 0.0375
0 0.56640625 0.634375 0.053125 0.0359375
0 0.60859375 0.6375 0.0515625 0.0359375
0 0.25546875 0.665625 0.0515625 0.0359375
0 0.309375 0.6578125 0.046875 0.0359375
0 0.35390625 0.665625 0.0515625 0.0359375
0 0.403125 0.66796875 0.05 0.0375
0 0.44609375 0.6796875 0.05 0.0359375
0 0.49140625 0.665625 0.05 0.0359375
0 0.53203125 0.653125 0.05 0.0328125
0 0.5828125 0.66640625 0.046875 0.034375
0 0.553125 0.6921875 0.05 0.0359375
0 0.51015625 0.696875 0.046875 0.034375
0 0.46796875 0.703125 0.05 0.034375
0 0.421875 0.7015625 0.046875 0.0359375
0 0.38046875 0.690625 0.046875 0.03125
0 0.33046875 0.69296875 0.0484375 0.034375
0 0.28515625 0.6890625 0.0515625 0.0359375