0 0.21953125 0.51171875 0.0609375 0.0796875
0 0.18984375 0.605859375 0.0578125 0.07109375
0 0.284375 0.507421875 0.053125 0.07421875
0 0.25703125 0.586328125 0.0671875 0.09453125
0 0.3453125 0.535546875 0.0625 0.07734375
0 0.31484375 0.637890625 0.0578125 0.07265625
0 0.41171875 0.501953125 0.0609375 0.08203125
0 0.47734375 0.501171875 0.0578125 0.07734375
0 0.3765625 0.689453125 0.065625 0.08203125
0 0.44609375 0.666796875 0.0640625 0.07734375
0 0.51328125 0.610546875 0.0671875 0.08046875
0 0.546875 0.541015625 0.059375 0.07578125
0 0.609375 0.526953125 0.0625 0.08203125
0 0.671875 0.523828125 0.05625 0.07265625
0 0.7359375 0.523828125 0.059375 0.07265625
0 0.775 0.459765625 0.065625 0.08515625
0 0.796875 0.5125 0.059375 0.084375
0 0.86796875 0.528515625 0.0609375 0.07265625
0 0.9515625 0.57421875 0.06875 0.0796875
0 0.97109375 0.650390625 0.0578125 0.07890625
0 0.9078125 0.650390625 0.0625 0.07578125
0 0.83671875 0.627734375 0.0578125 0.07421875
0 0.8078125 0.754296875 0.078125 0.08671875
0 0.64921875 0.694921875 0.0703125 0.08359375
0 0.71015625 0.641796875 0.0640625 0.08359375