0 0.24140625 0.209375 0.1109375 0.05625
0 0.3703125 0.2078125 0.1140625 0.05625
0 0.2359375 0.35625 0.0953125 0.0453125
0 0.3046875 0.33203125 0.0953125 0.04375
0 0.19453125 0.39921875 0.096875 0.04375
0 0.2046875 0.45703125 0.1 0.046875
0 0.25703125 0.4921875 0.09375 0.0421875
0 0.21484375 0.5328125 0.090625 0.0390625
0 0.2265625 0.57578125 0.090625 0.04375
0 0.2796875 0.60703125 0.0828125 0.0421875
0 0.23671875 0.64453125 0.090625 0.040625
0 0.28515625 0.67578125 0.08125 0.0375
0 0.421875 0.31640625 0.1 0.046875
0 0.3796875 0.3578125 0.090625 0.046875
0 0.30625 0.384375 0.09375 0.0453125
0 0.2703125 0.42734375 0.0828125 0.0421875
0 0.36171875 0.4265625 0.0921875 0.04375
0 0.31875 0.46484375 0.0859375 0.04375
0 0.3078125 0.52890625 0.0875 0.040625
0 0.3140625 0.57265625 0.090625 0.04375
0 0.36015625 0.60390625 0.0828125 0.040625
0 0.321875 0.63984375 0.0828125 0.0375
0 0.365625 0.675 0.08125 0.0375
0 0.36953125 0.5 0.0875 0.040625
0 0.39609375 0.5546875 0.0796875 0.040625
0 0.43671875 0.58515625 0.08125 0.0375
0 0.40703125 0.6359375 0.0875 0.0390625
0 0.446875 0.67890625 0.0875 0.0375
0 0.49609375 0.6984375 0.0828125 0.0390625
0 0.5546875 0.32421875 0.090625 0.0484375
0 0.478125 0.353125 0.096875 0.0484375
0 0.43046875 0.39296875 0.0875 0.046875
0 0.5265625 0.39453125 0.09375 0.046875
0 0.4765625 0.43203125 0.0859375 0.04375
0 0.409375 0.46015625 0.0875 0.040625
0 0.4921875 0.47421875 0.078125 0.040625
0 0.453125 0.5140625 0.08125 0.046875
0 0.4828125 0.55234375 0.078125 0.0421875
0 0.4390625 0.5875 0.090625 0.040625
0 0.4875 0.61953125 0.0828125 0.040625
0 0.53203125 0.66484375 0.0875 0.0390625
0 0.60625 0.36171875 0.090625 0.0484375
0 0.6671875 0.3375 0.096875 0.0484375
0 0.59921875 0.40390625 0.0796875 0.046875
0 0.55234375 0.44453125 0.0953125 0.0453125
0 0.63359375 0.440625 0.0875 0.046875
0 0.5703125 0.48359375 0.0875 0.0421875
0 0.534375 0.5234375 0.0875 0.040625
0 0.62265625 0.5171875 0.075 0.040625
0 0.5734375 0.553125 0.0859375 0.0390625
0 0.5234375 0.58203125 0.08125 0.0390625
0 0.56171875 0.62578125 0.0859375 0.0359375
0 0.6109375 0.65703125 0.08125 0.0359375
0 0.5765625 0.696875 0.0828125 0.0390625
0 0.675 0.38203125 0.09375 0.0453125
0 0.715625 0.4203125 0.0859375 0.046875
0 0.65625 0.48046875 0.0859375 0.0390625
0 0.6578125 0.54921875 0.0828125 0.0390625
0 0.6015625 0.590625 0.08125 0.0421875
0 0.684375 0.5875 0.08125 0.0390625
0 0.6484375 0.62109375 0.078125 0.0375
0 0.7234375 0.62109375 0.078125 0.0375
0 0.65625 0.68984375 0.0859375 0.0390625
0 0.6953125 0.66015625 0.0875 0.0421875
0 0.72734375 0.6828125 0.0734375 0.0375
0 0.75078125 0.35625 0.08125 0.04375
0 0.78828125 0.396875 0.0859375 0.0421875
0 0.73515625 0.459375 0.0828125 0.0421875
0 0.70078125 0.51171875 0.090625 0.0453125
0 0.74140625 0.5484375 0.08125 0.04375
0 0.76796875 0.5875 0.0734375 0.0359375
0 0.80390625 0.61640625 0.0828125 0.0421875
0 0.76796875 0.65234375 0.0828125 0.0390625
0 0.79453125 0.678125 0.0875 0.0359375
0 0.8046875 0.4359375 0.090625 0.04375
0 0.77421875 0.49375 0.0859375 0.04375
0 0.81640625 0.52890625 0.090625 0.04375
0 0.85234375 0.28203125 0.0953125 0.0453125
0 0.8046875 0.32109375 0.0859375 0.0453125
0 0.89296875 0.3234375 0.0875 0.0421875
0 0.8359375 0.36015625 0.0765625 0.04375
0 0.89921875 0.38984375 0.0953125 0.046875
0 0.89375 0.4328125 0.0921875 0.040625
0 0.85 0.46953125 0.0859375 0.0453125
0 0.8921875 0.5046875 0.0859375 0.0390625
0 0.88984375 0.5453125 0.090625 0.04375
0 0.84375 0.58046875 0.0828125 0.040625
0 0.8890625 0.615625 0.0828125 0.0390625
0 0.84296875 0.64765625 0.0859375 0.034375
0 0.88671875 0.6796875 0.0828125 0.0390625
0 0.2484375 0.709375 0.0859375 0.0375
0 0.328125 0.71328125 0.0890625 0.040625
0 0.41796875 0.709375 0.0859375 0.0390625