0 0.0328125 0.26015625 0.065625 0.0609375
0 0.0375 0.31171875 0.0734375 0.046875
0 0.04765625 0.3546875 0.071875 0.05
0 0.06875 0.38828125 0.0546875 0.0390625
0 0.10078125 0.4265625 0.0671875 0.05
0 0.0875 0.4765625 0.0640625 0.046875
0 0.14296875 0.5015625 0.0609375 0.0421875
0 0.15 0.46171875 0.0640625 0.04375
0 0.09921875 0.2453125 0.075 0.0609375
0 0.10703125 0.29609375 0.0671875 0.053125
0 0.10078125 0.34453125 0.0671875 0.05
0 0.1125 0.38515625 0.0625 0.04375
0 0.1921875 0.525 0.06875 0.040625
0 0.20234375 0.48671875 0.059375 0.04375
0 0.2109375 0.44609375 0.0609375 0.040625
0 0.159375 0.421875 0.0609375 0.04375
0 0.159375 0.37734375 0.06875 0.0484375
0 0.17578125 0.32421875 0.0671875 0.0484375
0 0.1984375 0.27109375 0.0703125 0.05
0 0.19296875 0.22265625 0.0734375 0.0578125
0 0.26015625 0.20859375 0.0765625 0.0578125
0 0.284375 0.1546875 0.0703125 0.0625
0 0.2484375 0.2625 0.071875 0.05
0 0.23984375 0.31171875 0.0703125 0.05
0 0.2328125 0.35859375 0.0671875 0.05
0 0.22578125 0.39765625 0.06875 0.0453125
0 0.3390625 0.1953125 0.06875 0.0546875
0 0.32421875 0.24765625 0.0703125 0.053125
0 0.31015625 0.29609375 0.06875 0.0515625
0 0.296875 0.34296875 0.0671875 0.046875
0 0.29140625 0.38125 0.0625 0.0421875
0 0.27890625 0.42265625 0.0609375 0.0421875
0 0.26875 0.46171875 0.0609375 0.0390625
0 0.26015625 0.5015625 0.0609375 0.0421875
0 0.07109375 0.41640625 0.034375 0.0328125
0 0.1609375 0.5265625 0.053125 0.0296875
0 0.41875 0.18046875 0.0671875 0.053125
0 0.47890625 0.16875 0.0671875 0.053125
0 0.39765625 0.2328125 0.0671875 0.05
0 0.3734375 0.28203125 0.0703125 0.053125
0 0.3625 0.32890625 0.0640625 0.046875
0 0.3515625 0.36875 0.0625 0.04375
0 0.33515625 0.415625 0.0625 0.04375
0 0.33046875 0.4421875 0.059375 0.0390625
0 0.3171875 0.48515625 0.059375 0.0421875
0 0.3078125 0.5203125 0.0546875 0.0421875
0 0.4609375 0.21875 0.065625 0.0546875
0 0.44609375 0.2671875 0.065625 0.05
0 0.4203125 0.3140625 0.06875 0.0515625
0 0.40546875 0.36015625 0.0671875 0.046875
0 0.39296875 0.40078125 0.0625 0.046875
0 0.3875 0.425 0.0578125 0.0390625
0 0.37109375 0.475 0.0609375 0.04375
0 0.3578125 0.5125 0.0609375 0.0390625
0 0.34765625 0.54375 0.059375 0.0390625
0 0.3546875 0.575 0.0390625 0.0421875
0 0.54296875 0.1546875 0.0671875 0.0515625
0 0.52265625 0.20546875 0.0671875 0.053125
0 0.50625 0.25546875 0.065625 0.05
0 0.49453125 0.296875 0.0625 0.0421875
0 0.46953125 0.33359375 0.05625 0.04375
0 0.45390625 0.38203125 0.0546875 0.0421875
0 0.440625 0.4140625 0.0546875 0.0375
0 0.42578125 0.4578125 0.0578125 0.0421875
0 0.41171875 0.50234375 0.0609375 0.0421875
0 0.40234375 0.52734375 0.0515625 0.0296875
0 0.38828125 0.58046875 0.05625 0.0390625
0 0.58671875 0.1921875 0.0671875 0.05
0 0.56796875 0.24296875 0.0640625 0.05
0 0.54609375 0.28203125 0.0578125 0.040625
0 0.5359375 0.3375 0.065625 0.046875
0 0.5109375 0.38125 0.059375 0.046875
0 0.49375 0.4125 0.0578125 0.0390625
0 0.48046875 0.434375 0.0484375 0.03125
0 0.46171875 0.484375 0.0578125 0.0390625
0 0.45234375 0.53046875 0.0578125 0.0390625
0 0.43515625 0.5671875 0.05625 0.0421875
0 0.47578125 0.57890625 0.0546875 0.0390625
0 0.64765625 0.178125 0.0625 0.05
0 0.62734375 0.22578125 0.065625 0.053125
0 0.60703125 0.2734375 0.0625 0.0484375
0 0.59140625 0.315625 0.059375 0.0453125
0 0.575 0.36171875 0.059375 0.046875
0 0.54765625 0.3890625 0.0515625 0.0359375
0 0.528125 0.4296875 0.05625 0.0390625
0 0.51484375 0.4640625 0.0515625 0.0421875
0 0.503125 0.51015625 0.053125 0.0359375
0 0.490625 0.5390625 0.0484375 0.0328125
0 0.53984375 0.534375 0.0546875 0.0390625
0 0.52109375 0.5625 0.0578125 0.0390625
0 0.575 0.5546875 0.0546875 0.0359375
0 0.69609375 0.215625 0.065625 0.0515625
0 0.66640625 0.2625 0.065625 0.05
0 0.73203125 0.2515625 0.065625 0.0515625
0 0.7140625 0.2984375 0.0625 0.0484375
0 0.63984375 0.2984375 0.0546875 0.0375
0 0.690625 0.3421875 0.059375 0.0484375
0 0.70859375 0.35703125 0.0515625 0.040625
0 0.60546875 0.38125 0.0453125 0.028125
0 0.65859375 0.36953125 0.05 0.03125
0 0.64140625 0.40703125 0.0515625 0.0390625
0 0.69453125 0.3984375 0.0546875 0.04375
0 0.5859375 0.42265625 0.0515625 0.0421875
0 0.56796875 0.44921875 0.0484375 0.0328125
0 0.55 0.48125 0.05 0.0375
0 0.584375 0.51171875 0.053125 0.0359375
0 0.62265625 0.5421875 0.05 0.0359375
0 0.63828125 0.5109375 0.0515625 0.0390625
0 0.6703125 0.5328125 0.046875 0.0359375
0 0.71015625 0.47578125 0.0546875 0.0390625
0 0.678125 0.4421875 0.0546875 0.0390625
0 0.65078125 0.4640625 0.0390625 0.03125
0 0.76171875 0.40546875 0.0625 0.04375
0 0.75078125 0.4484375 0.0546875 0.0421875
0 0.78828125 0.15390625 0.0671875 0.053125
0 0.72109375 0.16640625 0.065625 0.0484375
0 0.434375 0.13125 0.0609375 0.0546875
0 0.4953125 0.11796875 0.065625 0.0546875
0 0.5625 0.10234375 0.06875 0.0546875
0 0.6421875 0.103125 0.0625 0.05
0 0.69765625 0.12109375 0.0640625 0.05
0 0.7609375 0.20546875 0.0625 0.0484375
0 0.81484375 0.1921875 0.0546875 0.05
0 0.85390625 0.22890625 0.0625 0.05
0 0.8890625 0.265625 0.0625 0.04375
0 0.8640625 0.3109375 0.0625 0.046875
0 0.825 0.27734375 0.059375 0.04375
0 0.79375 0.2390625 0.0578125 0.046875
0 0.7421875 0.3234375 0.059375 0.0421875
0 0.76328125 0.28046875 0.0515625 0.0390625
0 0.90234375 0.34453125 0.059375 0.046875
0 0.83046875 0.35078125 0.0578125 0.046875
0 0.8 0.31796875 0.0625 0.046875
0 0.76640625 0.353125 0.0546875 0.0421875
0 0.81875 0.3953125 0.0578125 0.0453125
0 0.85234375 0.421875 0.0578125 0.0453125
0 0.88046875 0.5078125 0.0703125 0.053125
0 0.92421875 0.646875 0.09375 0.0703125