0 0.49142857142857144 0.51 0.004285714285714286 0.04
0 0.48112153357142856 0.50528818 0.00577811857142852 0.06926468
0 0.4955596864285714 0.6253607200000001 0.0059674871428571155 0.07382700000000007
0 0.47893285142857145 0.6008899649999999 0.006128305714285683 0.06470233
0 0.47078560714285717 0.60897776 0.005957414285714273 0.07009417999999996
0 0.47115538571428567 0.676569595 0.005653685714285725 0.058895689999999945
0 0.4695847357142857 0.73256198 0.005905925714285688 0.073827
0 0.46627807285714284 0.82802093 0.0060407571428571115 0.07216795999999988
0 0.4725180235714285 0.8120527350000001 0.006080110000000007 0.06926467000000003
0 0.45839777214285715 0.909650035 0.006130407142857166 0.07507129000000007
0 0.46386842142857143 0.890571135 0.005515474285714228 0.06179899000000006
0 0.46491002785714286 0.94434687 0.006846604285714274 0.07548602000000003
0 0.4720540871428571 0.9337705349999998 0.0056030228571428 0.06677610999999999
0 0.4784669214285714 0.911166205 0.005909437142857103 0.06636134999999996
0 0.48529560642857145 0.88648808 0.005471704285714298 0.06428753999999998
0 0.49085485500000003 0.86160258 0.005646792857142811 0.060139959999999916
0 0.49558948571428574 0.83713184 0.004494517142857149 0.05516286000000008
0 0.50184203 0.8209750600000001 0.005121511428571434 0.06262851999999995
0 0.47510017642857144 0.756765825 0.00423839571428573 0.05391858999999997
0 0.4820228328571428 0.74681163 0.00615157714285715 0.06967939999999999
0 0.4860178692857143 0.71466785 0.004202270000000031 0.061799000000000034
0 0.49104721999999995 0.700773445 0.004824325714285708 0.06470230999999999
0 0.49269334499999995 0.76885835 0.004946412857142864 0.06636133999999999
0 0.4447543371428571 0.9455344250000001 0.007003777142857156 0.07220875000000007
0 0.49413378214285714 0.4764136 0.004946415714285714 0.05889567999999997
0 0.5028932749999999 0.620049055 0.00519952428571425 0.06636132999999994
0 0.496249595 0.6801890199999999 0.004829512857142828 0.06470231999999995
0 0.4961035957142857 0.7314116799999999 0.00459622857142855 0.05350384000000005
0 0.5034575621428572 0.73099692 0.004946421428571414 0.06096947999999998
0 0.5014877478571429 0.672515985 0.004508684285714253 0.04603816999999992
0 0.5068171928571428 0.701756465 0.004180362857142898 0.05143007000000011
0 0.5066749471428571 0.8010910699999999 0.0036769342857142615 0.05931044
0 0.5083494792857143 0.7573340749999999 0.004617678571428558 0.05308909
0 0.4809141514285714 0.6405796000000001 0.0059094371428571844 0.04272010000000009
0 0.5137620664285714 0.49063547999999996 0.004427912857142847 0.06473027999999999
0 0.5136355564285714 0.59552251 0.005186981428571471 0.06832642
0 0.51480579 0.649764095 0.0039851228571428365 0.05813738999999998
0 0.5161657921428572 0.70969957 0.004680932857142872 0.05813733999999997
0 0.5219980685714285 0.697113095 0.004402439999999988 0.05454125000000005
0 0.5247501064285715 0.6431711899999999 0.004844424285714289 0.058137359999999916
0 0.5225042185714286 0.5856394699999999 0.004149217142857132 0.0629448
0 0.5167034664285715 0.530492555 0.004617681428571408 0.044951590000000013
0 0.5279313892857144 0.50112418 0.004807447142857119 0.06293222
0 0.529196505 0.6356792649999999 0.0036688442857143043 0.04914704999999998
0 0.5365341885714285 0.620096045 0.0035423285714285516 0.04435220999999998
0 0.5494001971428571 0.637776995 0.003998257142857175 0.05094512999999999
0 0.5391706821428571 0.49210443 0.00436825285714292 0.048788879999999965
0 0.5490785828571428 0.472920455 0.0037494028571429033 0.045473149999999976
0 0.5543072442857143 0.48677163 0.004049354285714263 0.03931532000000004
0 0.5574772464285714 0.54776167 0.0036494242857142874 0.055894079999999985
0 0.5437294314285714 0.408737015 0.0037494028571428218 0.031736469999999954
0 0.5520833114285714 0.42294737499999996 0.002939117142857169 0.03931531
0 0.5583771014285714 0.411815925 0.0031494971428571716 0.05020993000000004
0 0.5403951135714286 0.5730141950000001 0.0036478014285714674 0.053572929999999984
0 0.5528919742857142 0.267008645 0.002596577142857086 0.036904190000000024
0 0.5521744957142858 0.30747376000000004 0.002801571428571411 0.033666980000000034
0 0.5516923357142858 0.34502538 0.002672602857142822 0.031077200000000006
0 0.554941905 0.340020875 0.0023232557142857297 0.029432290000000024
0 0.554873575 0.304560265 0.002459915714285736 0.030429770000000005
0 0.5572993242857143 0.26474259499999997 0.0026649114285714048 0.03237209
0 0.5607842078571429 0.40361887500000004 0.001844935714285774 0.030429749999999985
0 0.5630457014285714 0.398115615 0.0019684599999999363 0.034961850000000044
0 0.5657382078571429 0.391964915 0.0019132700000000114 0.027839989999999943
0 0.5684873957142856 0.38613794 0.002428028571428545 0.02654510000000002
0 0.5706233700000001 0.38023026000000004 0.0011606085714285948 0.02411686000000003
0 0.5590417671428571 0.3670384 0.003279885714285667 0.025897679999999992
0 0.5601399257142857 0.27237693999999996 0.003465399999999964 0.04332902000000001
0 0.5602311121428571 0.32761551999999994 0.002918224285714278 0.03283499999999997
0 0.5623604478571429 0.288972625 0.0035543128571428693 0.04807575
0 0.5618273057142857 0.237992835 0.0036727971428571695 0.044903189999999996
0 0.5651446585714286 0.21105094000000002 0.0027249771428571583 0.038167739999999985
0 0.5672180171428571 0.187476745 0.003080411428571454 0.035922529999999994
0 0.5703303478571429 0.17568966500000002 0.0021964471428571283 0.034799970000000006
0 0.5655593357142856 0.279528275 0.003317362857142874 0.040412849999999986
0 0.5624196907142857 0.363160465 0.0027249585714285525 0.03255482999999998
0 0.5653816178571429 0.357547565 0.0027249585714285525 0.03255482999999998
0 0.5684027778571429 0.3543552649999999 0.0026064928571428577 0.032203969999999985
0 0.5670402907142857 0.31601213 0.004146698571428585 0.04827091999999997
0 0.3657142857142857 0.51 0.004285714285714286 0.04
0 0.6514285714285715 0.51 0.004285714285714286 0.04
0 0.2057142857142857 0.51 0.004285714285714286 0.04
0 0.7771428571428571 0.51 0.004285714285714286 0.04
0 0.08 0.51 0.004285714285714286 0.04
0 0.9371428571428572 0.51 0.004285714285714286 0.04
0 0.37602132357142853 0.50528818 0.00577811857142852 0.06926468
0 0.6617356092857143 0.50528818 0.00577811857142852 0.06926468
0 0.19540724785714286 0.50528818 0.00577811857142856 0.06926468
0 0.7668358192857142 0.50528818 0.00577811857142852 0.06926468
0 0.09030703785714286 0.50528818 0.00577811857142857 0.06926468
0 0.9474498950000001 0.50528818 0.00577811857142852 0.06926468
0 0.36158317071428575 0.6253607200000001 0.005967487142857156 0.07382700000000007
0 0.6472974564285715 0.6253607200000001 0.0059674871428571155 0.07382700000000007
0 0.2098454007142857 0.6253607200000001 0.005967487142857156 0.07382700000000007
0 0.7812739721428573 0.6253607200000001 0.0059674871428571155 0.07382700000000007
0 0.07586888500000001 0.6253607200000001 0.005967487142857146 0.07382700000000007
0 0.933011742142857 0.6253607200000001 0.0059674871428571155 0.07382700000000007
0 0.3782100057142857 0.6008899649999999 0.006128305714285683 0.06470233
0 0.6639242914285715 0.6008899649999999 0.006128305714285683 0.06470233
0 0.1932185657142857 0.6008899649999999 0.006128305714285724 0.06470233
0 0.764647137142857 0.6008899649999999 0.006128305714285846 0.06470233
0 0.09249572 0.6008899649999999 0.006128305714285704 0.06470233
0 0.9496385771428573 0.6008899649999999 0.006128305714285846 0.06470233
0 0.38635724999999993 0.60897776 0.005957414285714273 0.07009417999999996
0 0.6720715357142857 0.60897776 0.005957414285714273 0.07009417999999996
0 0.18507132142857144 0.60897776 0.005957414285714273 0.07009417999999996
0 0.7564998928571429 0.60897776 0.005957414285714354 0.07009417999999996
0 0.10064296428571429 0.60897776 0.005957414285714273 0.07009417999999996
0 0.9577858214285714 0.60897776 0.005957414285714354 0.07009417999999996
0 0.3859874714285715 0.676569595 0.005653685714285725 0.058895689999999945
0 0.6717017571428572 0.676569595 0.005653685714285725 0.058895689999999945
0 0.18544110000000003 0.676569595 0.005653685714285725 0.058895689999999945
0 0.7568696714285714 0.676569595 0.005653685714285725 0.058895689999999945
0 0.1002731857142857 0.676569595 0.005653685714285705 0.058895689999999945
0 0.9574160428571429 0.676569595 0.005653685714285725 0.058895689999999945
0 0.38755812142857143 0.73256198 0.005905925714285688 0.073827
0 0.6732724071428572 0.73256198 0.005905925714285688 0.073827
0 0.18387045000000002 0.73256198 0.005905925714285709 0.073827
0 0.7552990214285715 0.73256198 0.005905925714285688 0.073827
0 0.10184383571428571 0.73256198 0.005905925714285709 0.073827
0 0.9589866928571428 0.73256198 0.005905925714285688 0.073827
0 0.39086478428571425 0.82802093 0.0060407571428571115 0.07216795999999988
0 0.67657907 0.82802093 0.0060407571428571115 0.07216795999999988
0 0.18056378714285715 0.82802093 0.006040757142857152 0.07216795999999988
0 0.7519923585714287 0.82802093 0.0060407571428571115 0.07216795999999988
0 0.10515049857142858 0.82802093 0.006040757142857152 0.07216795999999988
0 0.9622933557142856 0.82802093 0.0060407571428571115 0.07216795999999988
0 0.3846248335714286 0.8120527350000001 0.006080110000000007 0.06926467000000003
0 0.6703391192857143 0.8120527350000001 0.006080110000000007 0.06926467000000003
0 0.18680373785714285 0.8120527350000001 0.006080110000000007 0.06926467000000003
0 0.7582323092857144 0.8120527350000001 0.006080110000000007 0.06926467000000003
0 0.09891054785714284 0.8120527350000001 0.006080109999999987 0.06926467000000003
0 0.9560534049999999 0.8120527350000001 0.006080110000000007 0.06926467000000003
0 0.398745085 0.909650035 0.006130407142857166 0.07507129000000007
0 0.6844593707142858 0.909650035 0.006130407142857166 0.07507129000000007
0 0.17268348642857145 0.909650035 0.006130407142857145 0.07507129000000007
0 0.7441120578571429 0.909650035 0.006130407142857166 0.07507129000000007
0 0.11303079928571427 0.909650035 0.006130407142857145 0.07507129000000007
0 0.9701736564285715 0.909650035 0.006130407142857166 0.07507129000000007
0 0.3932744357142857 0.890571135 0.005515474285714228 0.06179899000000006
0 0.6789887214285714 0.890571135 0.005515474285714228 0.06179899000000006
0 0.17815413571428573 0.890571135 0.005515474285714288 0.06179899000000006
0 0.7495827071428571 0.890571135 0.00551547428571439 0.06179899000000006
0 0.10756015 0.890571135 0.005515474285714288 0.06179899000000006
0 0.9647030071428572 0.890571135 0.00551547428571439 0.06179899000000006
0 0.39223282928571424 0.94434687 0.006846604285714274 0.07548602000000003
0 0.6779471149999999 0.94434687 0.006846604285714274 0.07548602000000003
0 0.17919574214285713 0.94434687 0.006846604285714294 0.07548602000000003
0 0.7506243135714286 0.94434687 0.006846604285714355 0.07548602000000003
0 0.10651854357142858 0.94434687 0.006846604285714294 0.07548602000000003
0 0.9636614007142856 0.94434687 0.006846604285714355 0.07548602000000003
0 0.38508877 0.9337705349999998 0.0056030228571428 0.06677610999999999
0 0.6708030557142857 0.9337705349999998 0.0056030228571428 0.06677610999999999
0 0.18633980142857143 0.9337705349999998 0.005603022857142881 0.06677610999999999
0 0.7577683728571428 0.9337705349999998 0.0056030228571428 0.06677610999999999
0 0.09937448428571428 0.9337705349999998 0.005603022857142861 0.06677610999999999
0 0.9565173414285715 0.9337705349999998 0.0056030228571428 0.06677610999999999
0 0.37867593571428576 0.911166205 0.005909437142857103 0.06636134999999996
0 0.6643902214285715 0.911166205 0.005909437142857103 0.06636134999999996
0 0.19275263571428575 0.911166205 0.005909437142857144 0.06636134999999996
0 0.7641812071428571 0.911166205 0.005909437142857021 0.06636134999999996
0 0.09296164999999999 0.911166205 0.005909437142857144 0.06636134999999996
0 0.9501045071428572 0.911166205 0.005909437142857021 0.06636134999999996
0 0.3718472507142857 0.88648808 0.005471704285714298 0.06428753999999998
0 0.6575615364285714 0.88648808 0.005471704285714298 0.06428753999999998
0 0.19958132071428572 0.88648808 0.005471704285714257 0.06428753999999998
0 0.7710098921428572 0.88648808 0.005471704285714298 0.06428753999999998
0 0.086132965 0.88648808 0.005471704285714278 0.06428753999999998
0 0.9432758221428571 0.88648808 0.005471704285714298 0.06428753999999998
0 0.3662880021428571 0.86160258 0.005646792857142852 0.060139959999999916
0 0.6520022878571428 0.86160258 0.005646792857142811 0.060139959999999916
0 0.20514056928571428 0.86160258 0.0056467928571428926 0.060139959999999916
0 0.7765691407142857 0.86160258 0.0056467928571428926 0.060139959999999916
0 0.08057371642857143 0.86160258 0.005646792857142862 0.060139959999999916
0 0.9377165735714286 0.86160258 0.0056467928571428926 0.060139959999999916
0 0.3615533714285714 0.83713184 0.004494517142857149 0.05516286000000008
0 0.6472676571428572 0.83713184 0.004494517142857149 0.05516286000000008
0 0.2098752 0.83713184 0.004494517142857149 0.05516286000000008
0 0.7813037714285714 0.83713184 0.004494517142857149 0.05516286000000008
0 0.07583908571428571 0.83713184 0.004494517142857138 0.05516286000000008
0 0.9329819428571429 0.83713184 0.004494517142857149 0.05516286000000008
0 0.35530082714285716 0.8209750600000001 0.005121511428571434 0.06262851999999995
0 0.6410151128571429 0.8209750600000001 0.005121511428571434 0.06262851999999995
0 0.2161277442857143 0.8209750600000001 0.005121511428571434 0.06262851999999995
0 0.7875563157142856 0.8209750600000001 0.005121511428571434 0.06262851999999995
0 0.06958654142857142 0.8209750600000001 0.005121511428571424 0.06262851999999995
0 0.9267293985714287 0.8209750600000001 0.005121511428571434 0.06262851999999995
0 0.3820426807142857 0.756765825 0.00423839571428573 0.05391858999999997
0 0.6677569664285714 0.756765825 0.00423839571428573 0.05391858999999997
0 0.18938589071428572 0.756765825 0.00423839571428573 0.05391858999999997
0 0.7608144621428572 0.756765825 0.004238395714285811 0.05391858999999997
0 0.09632839500000001 0.756765825 0.004238395714285709 0.05391858999999997
0 0.9534712521428571 0.756765825 0.004238395714285811 0.05391858999999997
0 0.37512002428571434 0.74681163 0.00615157714285715 0.06967939999999999
0 0.66083431 0.74681163 0.00615157714285715 0.06967939999999999
0 0.19630854714285717 0.74681163 0.00615157714285715 0.06967939999999999
0 0.7677371185714286 0.74681163 0.00615157714285715 0.06967939999999999
0 0.08940573857142857 0.74681163 0.00615157714285715 0.06967939999999999
0 0.9465485957142857 0.74681163 0.00615157714285715 0.06967939999999999
0 0.3711249878571428 0.71466785 0.004202270000000031 0.061799000000000034
0 0.6568392735714286 0.71466785 0.004202270000000031 0.061799000000000034
0 0.20030358357142858 0.71466785 0.004202269999999991 0.061799000000000034
0 0.771732155 0.71466785 0.004202270000000031 0.061799000000000034
0 0.08541070214285715 0.71466785 0.004202270000000001 0.061799000000000034
0 0.9425535592857143 0.71466785 0.004202270000000031 0.061799000000000034
0 0.36609563714285714 0.700773445 0.004824325714285749 0.06470230999999999
0 0.6518099228571429 0.700773445 0.004824325714285708 0.06470230999999999
0 0.2053329342857143 0.700773445 0.004824325714285708 0.06470230999999999
0 0.7767615057142858 0.700773445 0.004824325714285708 0.06470230999999999
0 0.08038135142857143 0.700773445 0.004824325714285718 0.06470230999999999
0 0.9375242085714285 0.700773445 0.004824325714285708 0.06470230999999999
0 0.36444951214285715 0.76885835 0.004946412857142905 0.06636133999999999
0 0.6501637978571428 0.76885835 0.004946412857142864 0.06636133999999999
0 0.2069790592857143 0.76885835 0.004946412857142864 0.06636133999999999
0 0.7784076307142856 0.76885835 0.004946412857142864 0.06636133999999999
0 0.07873522642857143 0.76885835 0.004946412857142854 0.06636133999999999
0 0.9358780835714285 0.76885835 0.004946412857142864 0.06636133999999999
0 0.41238852 0.9455344250000001 0.007003777142857156 0.07220875000000007
0 0.6981028057142857 0.9455344250000001 0.007003777142857156 0.07220875000000007
0 0.15904005142857142 0.9455344250000001 0.007003777142857136 0.07220875000000007
0 0.7304686228571429 0.9455344250000001 0.007003777142857156 0.07220875000000007
0 0.12667423428571428 0.9455344250000001 0.007003777142857136 0.07220875000000007
0 0.9838170914285714 0.9455344250000001 0.007003777142857156 0.07220875000000007
0 0.363009075 0.4764136 0.004946415714285714 0.05889567999999997
0 0.6487233607142857 0.4764136 0.004946415714285714 0.05889567999999997
0 0.2084194964285714 0.4764136 0.004946415714285714 0.05889567999999997
0 0.7798480678571429 0.4764136 0.004946415714285714 0.05889567999999997
0 0.07729478928571429 0.4764136 0.004946415714285714 0.05889567999999997
0 0.9344376464285714 0.4764136 0.004946415714285714 0.05889567999999997
0 0.3542495821428572 0.620049055 0.0051995242857142895 0.06636132999999994
0 0.6399638678571429 0.620049055 0.00519952428571425 0.06636132999999994
0 0.21717898928571425 0.620049055 0.0051995242857142895 0.06636132999999994
0 0.7886075607142857 0.620049055 0.00519952428571433 0.06636132999999994
0 0.06853529642857142 0.620049055 0.0051995242857142895 0.06636132999999994
0 0.9256781535714286 0.620049055 0.00519952428571433 0.06636132999999994
0 0.36089326214285716 0.6801890199999999 0.004829512857142869 0.06470231999999995
0 0.6466075478571429 0.6801890199999999 0.004829512857142828 0.06470231999999995
0 0.21053530928571426 0.6801890199999999 0.004829512857142869 0.06470231999999995
0 0.7819638807142857 0.6801890199999999 0.00482951285714291 0.06470231999999995
0 0.07517897642857142 0.6801890199999999 0.0048295128571428595 0.06470231999999995
0 0.9323218335714286 0.6801890199999999 0.00482951285714291 0.06470231999999995
0 0.36103926142857146 0.7314116799999999 0.00459622857142855 0.05350384000000005
0 0.6467535471428572 0.7314116799999999 0.00459622857142855 0.05350384000000005
0 0.21038931 0.7314116799999999 0.00459622857142855 0.05350384000000005
0 0.7818178814285714 0.7314116799999999 0.0045962285714287125 0.05350384000000005
0 0.07532497571428572 0.7314116799999999 0.00459622857142857 0.05350384000000005
0 0.9324678328571429 0.7314116799999999 0.0045962285714287125 0.05350384000000005
0 0.35368529499999996 0.73099692 0.004946421428571455 0.06096947999999998
0 0.6393995807142857 0.73099692 0.004946421428571414 0.06096947999999998
0 0.21774327642857144 0.73099692 0.004946421428571455 0.06096947999999998
0 0.7891718478571428 0.73099692 0.004946421428571414 0.06096947999999998
0 0.06797100928571428 0.73099692 0.004946421428571435 0.06096947999999998
0 0.9251138664285715 0.73099692 0.004946421428571414 0.06096947999999998
0 0.35565510928571425 0.672515985 0.004508684285714293 0.04603816999999992
0 0.641369395 0.672515985 0.004508684285714253 0.04603816999999992
0 0.21577346214285714 0.672515985 0.004508684285714293 0.04603816999999992
0 0.7872020335714287 0.672515985 0.004508684285714253 0.04603816999999992
0 0.06994082357142857 0.672515985 0.004508684285714293 0.04603816999999992
0 0.9270836807142856 0.672515985 0.004508684285714253 0.04603816999999992
0 0.35032566428571427 0.701756465 0.0041803628571428575 0.05143007000000011
0 0.63603995 0.701756465 0.004180362857142898 0.05143007000000011
0 0.22110290714285716 0.701756465 0.0041803628571428575 0.05143007000000011
0 0.7925314785714285 0.701756465 0.004180362857142817 0.05143007000000011
0 0.06461137857142857 0.701756465 0.0041803628571428575 0.05143007000000011
0 0.9217542357142857 0.701756465 0.004180362857142817 0.05143007000000011
0 0.35046791 0.8010910699999999 0.003676934285714302 0.05931044
0 0.6361821957142857 0.8010910699999999 0.0036769342857142615 0.05931044
0 0.22096066142857143 0.8010910699999999 0.003676934285714302 0.05931044
0 0.7923892328571428 0.8010910699999999 0.0036769342857142615 0.05931044
0 0.06475362428571428 0.8010910699999999 0.003676934285714282 0.05931044
0 0.9218964814285714 0.8010910699999999 0.0036769342857142615 0.05931044
0 0.34879337785714287 0.7573340749999999 0.004617678571428598 0.05308909
0 0.6345076635714286 0.7573340749999999 0.004617678571428558 0.05308909
0 0.22263519357142855 0.7573340749999999 0.004617678571428598 0.05308909
0 0.794063765 0.7573340749999999 0.004617678571428639 0.05308909
0 0.06307909214285715 0.7573340749999999 0.004617678571428568 0.05308909
0 0.9202219492857143 0.7573340749999999 0.004617678571428639 0.05308909
0 0.37622870571428574 0.6405796000000001 0.0059094371428571844 0.04272010000000009
0 0.6619429914285714 0.6405796000000001 0.0059094371428571844 0.04272010000000009
0 0.19519986571428571 0.6405796000000001 0.005909437142857144 0.04272010000000009
0 0.7666284371428571 0.6405796000000001 0.0059094371428571844 0.04272010000000009
0 0.09051442000000001 0.6405796000000001 0.005909437142857144 0.04272010000000009
0 0.9476572771428572 0.6405796000000001 0.0059094371428571844 0.04272010000000009
0 0.34338079071428573 0.49063547999999996 0.004427912857142847 0.06473027999999999
0 0.6290950764285714 0.49063547999999996 0.004427912857142847 0.06473027999999999
0 0.2280477807142857 0.49063547999999996 0.004427912857142847 0.06473027999999999
0 0.7994763521428572 0.49063547999999996 0.004427912857142929 0.06473027999999999
0 0.05766650499999999 0.49063547999999996 0.0044279128571428576 0.06473027999999999
0 0.9148093621428571 0.49063547999999996 0.004427912857142929 0.06473027999999999
0 0.3435073007142857 0.59552251 0.00518698142857143 0.06832642
0 0.6292215864285714 0.59552251 0.005186981428571471 0.06832642
0 0.22792127071428572 0.59552251 0.00518698142857143 0.06832642
0 0.7993498421428571 0.59552251 0.005186981428571309 0.06832642
0 0.057793015 0.59552251 0.00518698142857142 0.06832642
0 0.9149358721428572 0.59552251 0.005186981428571309 0.06832642
0 0.3423370671428571 0.649764095 0.003985122857142877 0.05813738999999998
0 0.6280513528571429 0.649764095 0.0039851228571428365 0.05813738999999998
0 0.22909150428571431 0.649764095 0.003985122857142877 0.05813738999999998
0 0.8005200757142857 0.649764095 0.0039851228571428365 0.05813738999999998
0 0.05662278142857143 0.649764095 0.003985122857142857 0.05813738999999998
0 0.9137656385714286 0.649764095 0.0039851228571428365 0.05813738999999998
0 0.34097706499999997 0.70969957 0.004680932857142872 0.05813733999999997
0 0.6266913507142857 0.70969957 0.004680932857142872 0.05813733999999997
0 0.23045150642857143 0.70969957 0.004680932857142872 0.05813733999999997
0 0.801880077857143 0.70969957 0.004680932857142872 0.05813733999999997
0 0.055262779285714284 0.70969957 0.004680932857142851 0.05813733999999997
0 0.9124056364285713 0.70969957 0.004680932857142872 0.05813733999999997
0 0.33514478857142854 0.697113095 0.004402439999999988 0.05454125000000005
0 0.6208590742857143 0.697113095 0.004402439999999988 0.05454125000000005
0 0.23628378285714288 0.697113095 0.004402439999999988 0.05454125000000005
0 0.8077123542857143 0.697113095 0.004402439999999907 0.05454125000000005
0 0.049430502857142865 0.697113095 0.004402439999999999 0.05454125000000005
0 0.90657336 0.697113095 0.004402439999999907 0.05454125000000005
0 0.3323927507142857 0.6431711899999999 0.004844424285714289 0.058137359999999916
0 0.6181070364285713 0.6431711899999999 0.004844424285714289 0.058137359999999916
0 0.23903582071428572 0.6431711899999999 0.004844424285714289 0.058137359999999916
0 0.8104643921428571 0.6431711899999999 0.0048444242857142075 0.058137359999999916
0 0.046678465 0.6431711899999999 0.004844424285714289 0.058137359999999916
0 0.9038213221428572 0.6431711899999999 0.0048444242857142075 0.058137359999999916
0 0.33463863857142856 0.5856394699999999 0.004149217142857132 0.0629448
0 0.6203529242857143 0.5856394699999999 0.004149217142857132 0.0629448
0 0.23678993285714284 0.5856394699999999 0.004149217142857132 0.0629448
0 0.8082185042857144 0.5856394699999999 0.004149217142857132 0.0629448
0 0.04892435285714285 0.5856394699999999 0.004149217142857141 0.0629448
0 0.9060672099999999 0.5856394699999999 0.004149217142857132 0.0629448
0 0.3404393907142857 0.530492555 0.0046176814285714485 0.044951590000000013
0 0.6261536764285714 0.530492555 0.004617681428571408 0.044951590000000013
0 0.23098918071428573 0.530492555 0.0046176814285714485 0.044951590000000013
0 0.8024177521428572 0.530492555 0.004617681428571489 0.044951590000000013
0 0.054725105 0.530492555 0.004617681428571438 0.044951590000000013
0 0.9118679621428571 0.530492555 0.004617681428571489 0.044951590000000013
0 0.32921146785714284 0.50112418 0.004807447142857119 0.06293222
0 0.6149257535714285 0.50112418 0.004807447142857119 0.06293222
0 0.2422171035714286 0.50112418 0.004807447142857119 0.06293222
0 0.8136456750000001 0.50112418 0.0048074471428571994 0.06293222
0 0.043497182142857145 0.50112418 0.004807447142857144 0.06293222
0 0.9006400392857142 0.50112418 0.0048074471428571994 0.06293222
0 0.3279463521428571 0.6356792649999999 0.0036688442857143043 0.04914704999999998
0 0.6136606378571428 0.6356792649999999 0.0036688442857143043 0.04914704999999998
0 0.24348221928571429 0.6356792649999999 0.0036688442857143043 0.04914704999999998
0 0.8149107907142856 0.6356792649999999 0.003668844285714223 0.04914704999999998
0 0.04223206642857143 0.6356792649999999 0.003668844285714284 0.04914704999999998
0 0.8993749235714287 0.6356792649999999 0.003668844285714223 0.04914704999999998
0 0.3206086678571428 0.620096045 0.003542330000000017 0.04435220999999998
0 0.6063229535714286 0.620096045 0.0035423299999999764 0.04435220999999998
0 0.2508199035714286 0.620096045 0.003542330000000017 0.04435220999999998
0 0.8222484742857143 0.620096045 0.0035423285714286327 0.04435220999999998
0 0.034894382142857144 0.620096045 0.003542330000000002 0.04435220999999998
0 0.8920372392857143 0.620096045 0.0035423300000000575 0.04435220999999998
0 0.30774266000000006 0.637776995 0.003998257142857134 0.05094512999999999
0 0.5934569457142856 0.637776995 0.003998257142857175 0.05094512999999999
0 0.2636859114285714 0.637776995 0.003998257142857134 0.05094512999999999
0 0.835114482857143 0.637776995 0.003998257142857093 0.05094512999999999
0 0.022028374285714282 0.637776995 0.003998257142857142 0.05094512999999999
0 0.8791712314285713 0.637776995 0.003998257142857093 0.05094512999999999
0 0.317972175 0.49210443 0.004368252857142839 0.048788879999999965
0 0.6036864607142858 0.49210443 0.00436825285714292 0.048788879999999965
0 0.25345639642857143 0.49210443 0.004368252857142839 0.048788879999999965
0 0.8248849678571428 0.49210443 0.004368252857142839 0.048788879999999965
0 0.032257889285714283 0.49210443 0.00436825285714286 0.048788879999999965
0 0.8894007464285715 0.49210443 0.004368252857142839 0.048788879999999965
0 0.3080642742857143 0.472920455 0.0037494028571428625 0.045473149999999976
0 0.59377856 0.472920455 0.0037494028571429033 0.045473149999999976
0 0.26336429714285714 0.472920455 0.0037494028571428625 0.045473149999999976
0 0.8347928685714285 0.472920455 0.0037494028571427407 0.045473149999999976
0 0.022349988571428572 0.472920455 0.0037494028571428573 0.045473149999999976
0 0.8794928457142858 0.472920455 0.0037494028571427407 0.045473149999999976
0 0.30283561285714283 0.48677163 0.004049354285714263 0.03931532000000004
0 0.5885498985714285 0.48677163 0.004049354285714263 0.03931532000000004
0 0.26859295857142856 0.48677163 0.004049354285714263 0.03931532000000004
0 0.84002153 0.48677163 0.0040493542857143435 0.03931532000000004
0 0.017121327142857145 0.48677163 0.004049354285714285 0.03931532000000004
0 0.8742641842857143 0.48677163 0.0040493542857143435 0.03931532000000004
0 0.2996656107142857 0.54776167 0.0036494242857142874 0.055894079999999985
0 0.5853798964285714 0.54776167 0.0036494242857142874 0.055894079999999985
0 0.2717629607142857 0.54776167 0.0036494242857142874 0.055894079999999985
0 0.8431915321428571 0.54776167 0.0036494242857143685 0.055894079999999985
0 0.013951325 0.54776167 0.0036494242857142874 0.055894079999999985
0 0.871094182142857 0.54776167 0.0036494242857143685 0.055894079999999985
0 0.3134134257142857 0.408737015 0.0037494028571428218 0.031736469999999954
0 0.5991277114285715 0.408737015 0.0037494028571428218 0.031736469999999954
0 0.2580151457142857 0.408737015 0.0037494028571428218 0.031736469999999954
0 0.8294437171428571 0.408737015 0.0037494028571429033 0.031736469999999954
0 0.02769914 0.408737015 0.0037494028571428526 0.031736469999999954
0 0.8848419971428572 0.408737015 0.0037494028571429033 0.031736469999999954
0 0.3050595457142857 0.42294737499999996 0.0029391171428571282 0.03931531
0 0.5907738314285714 0.42294737499999996 0.002939117142857169 0.03931531
0 0.2663690257142857 0.42294737499999996 0.0029391171428571282 0.03931531
0 0.8377975971428571 0.42294737499999996 0.002939117142857088 0.03931531
0 0.01934526 0.42294737499999996 0.0029391171428571434 0.03931531
0 0.8764881171428572 0.42294737499999996 0.002939117142857088 0.03931531
0 0.2987657557142857 0.411815925 0.003149497142857131 0.05020993000000004
0 0.5844800414285715 0.411815925 0.0031494971428571716 0.05020993000000004
0 0.2726628157142857 0.411815925 0.003149497142857131 0.05020993000000004
0 0.8440913871428571 0.411815925 0.0031494971428570094 0.05020993000000004
0 0.01305147 0.411815925 0.003149497142857144 0.05020993000000004
0 0.8701943271428572 0.411815925 0.0031494971428570094 0.05020993000000004
0 0.31674774357142854 0.5730141950000001 0.0036478014285714266 0.053572929999999984
0 0.6024620292857142 0.5730141950000001 0.0036478014285714674 0.053572929999999984
0 0.2546808278571429 0.5730141950000001 0.0036478014285714266 0.053572929999999984
0 0.8261093992857144 0.5730141950000001 0.003647801428571386 0.053572929999999984
0 0.031033457857142857 0.5730141950000001 0.0036478014285714266 0.053572929999999984
0 0.8881763149999999 0.5730141950000001 0.003647801428571386 0.053572929999999984
0 0.30425088285714286 0.267008645 0.002596577142857167 0.036904190000000024
0 0.5899651685714286 0.267008645 0.002596577142857086 0.036904190000000024
0 0.2671776885714286 0.267008645 0.002596577142857167 0.036904190000000024
0 0.83860626 0.267008645 0.002596577142857086 0.036904190000000024
0 0.018536597142857145 0.267008645 0.0025965771428571446 0.036904190000000024
0 0.8756794542857143 0.267008645 0.002596577142857086 0.036904190000000024
0 0.3049683614285714 0.30747376000000004 0.0028015714285714514 0.033666980000000034
0 0.5906826471428571 0.30747376000000004 0.002801571428571411 0.033666980000000034
0 0.26646021000000003 0.30747376000000004 0.0028015714285714514 0.033666980000000034
0 0.8378887814285715 0.30747376000000004 0.002801571428571411 0.033666980000000034
0 0.019254075714285713 0.30747376000000004 0.002801571428571429 0.033666980000000034
0 0.8763969328571428 0.30747376000000004 0.002801571428571411 0.033666980000000034
0 0.30545052142857143 0.34502538 0.002672602857142863 0.031077200000000006
0 0.5911648071428571 0.34502538 0.002672602857142822 0.031077200000000006
0 0.26597805 0.34502538 0.002672602857142863 0.031077200000000006
0 0.8374066214285716 0.34502538 0.002672602857142822 0.031077200000000006
0 0.019736235714285715 0.34502538 0.0026726028571428576 0.031077200000000006
0 0.8768790928571427 0.34502538 0.002672602857142822 0.031077200000000006
0 0.30220095214285714 0.340020875 0.0023232557142856894 0.029432290000000024
0 0.587915237857143 0.340020875 0.0023232557142857297 0.029432290000000024
0 0.2692276192857143 0.340020875 0.0023232557142856894 0.029432290000000024
0 0.8406561907142857 0.340020875 0.0023232557142856486 0.029432290000000024
0 0.01648666642857143 0.340020875 0.0023232557142857145 0.029432290000000024
0 0.8736295235714286 0.340020875 0.0023232557142856486 0.029432290000000024
0 0.30226928214285714 0.304560265 0.0024599157142856953 0.030429770000000005
0 0.5879835678571429 0.304560265 0.002459915714285736 0.030429770000000005
0 0.26915928928571425 0.304560265 0.0024599157142856953 0.030429770000000005
0 0.8405878607142857 0.304560265 0.002459915714285736 0.030429770000000005
0 0.016554996428571427 0.304560265 0.002459915714285713 0.030429770000000005
0 0.8736978535714286 0.304560265 0.002459915714285736 0.030429770000000005
0 0.2998435328571428 0.26474259499999997 0.002664911428571445 0.03237209
0 0.5855578185714286 0.26474259499999997 0.0026649114285714048 0.03237209
0 0.27158503857142857 0.26474259499999997 0.002664911428571445 0.03237209
0 0.8430136100000001 0.26474259499999997 0.0026649114285713237 0.03237209
0 0.014129247142857144 0.26474259499999997 0.00266491142857143 0.03237209
0 0.8712721042857142 0.26474259499999997 0.0026649114285713237 0.03237209
0 0.29635864928571426 0.40361887500000004 0.0018449357142856927 0.030429749999999985
0 0.582072935 0.40361887500000004 0.001844935714285774 0.030429749999999985
0 0.27506992214285714 0.40361887500000004 0.0018449357142856927 0.030429749999999985
0 0.8464984935714285 0.40361887500000004 0.0018449357142856116 0.030429749999999985
0 0.010644363571428572 0.40361887500000004 0.001844935714285713 0.030429749999999985
0 0.8677872207142858 0.40361887500000004 0.0018449357142856116 0.030429749999999985
0 0.294097155 0.398115615 0.0019684614285714426 0.034961850000000044
0 0.5798114407142857 0.398115615 0.0019684614285713615 0.034961850000000044
0 0.27733141642857145 0.398115615 0.0019684614285714426 0.034961850000000044
0 0.848759987142857 0.398115615 0.0019684600000000178 0.034961850000000044
0 0.008382869285714287 0.398115615 0.0019684614285714287 0.034961850000000044
0 0.8655257271428571 0.398115615 0.0019684600000000178 0.034961850000000044
0 0.29140464928571425 0.391964915 0.0019132699999999708 0.027839989999999943
0 0.577118935 0.391964915 0.0019132700000000114 0.027839989999999943
0 0.28002392214285715 0.391964915 0.0019132699999999708 0.027839989999999943
0 0.8514524935714285 0.391964915 0.0019132700000000114 0.027839989999999943
0 0.0056903635714285715 0.391964915 0.0019132699999999993 0.027839989999999943
0 0.8628332207142858 0.391964915 0.0019132700000000114 0.027839989999999943
0 0.28865546142857146 0.38613794 0.002428028571428586 0.02654510000000002
0 0.5743697471428572 0.38613794 0.002428028571428545 0.02654510000000002
0 0.28277311 0.38613794 0.002428028571428586 0.02654510000000002
0 0.8542016814285713 0.38613794 0.002428028571428545 0.02654510000000002
0 0.002941175714285714 0.38613794 0.0024280285714285716 0.02654510000000002
0 0.860084032857143 0.38613794 0.002428028571428545 0.02654510000000002
0 0.2865194871428572 0.38023026000000004 0.001160608571428554 0.02411686000000003
0 0.5722337728571428 0.38023026000000004 0.0011606085714285948 0.02411686000000003
0 0.28490908428571426 0.38023026000000004 0.001160608571428554 0.02411686000000003
0 0.8563376557142858 0.38023026000000004 0.001160608571428676 0.02411686000000003
0 0.0008052014285714286 0.38023026000000004 0.0011606085714285714 0.02411686000000003
0 0.8579480585714285 0.38023026000000004 0.001160608571428676 0.02411686000000003
0 0.29810109 0.3670384 0.0032798857142857076 0.025897679999999992
0 0.5838153757142857 0.3670384 0.003279885714285667 0.025897679999999992
0 0.2733274814285714 0.3670384 0.0032798857142857076 0.025897679999999992
0 0.844756052857143 0.3670384 0.0032798857142857483 0.025897679999999992
0 0.012386804285714287 0.3670384 0.0032798857142857154 0.025897679999999992
0 0.8695296614285714 0.3670384 0.0032798857142857483 0.025897679999999992
0 0.2970029314285715 0.27237693999999996 0.0034654000000000043 0.04332902000000001
0 0.5827172171428572 0.27237693999999996 0.003465399999999964 0.04332902000000001
0 0.27442563999999997 0.27237693999999996 0.0034654000000000043 0.04332902000000001
0 0.8458542114285714 0.27237693999999996 0.003465400000000045 0.04332902000000001
0 0.011288645714285714 0.27237693999999996 0.0034653999999999996 0.04332902000000001
0 0.8684315028571429 0.27237693999999996 0.003465400000000045 0.04332902000000001
0 0.296911745 0.32761551999999994 0.002918224285714278 0.03283499999999997
0 0.5826260307142858 0.32761551999999994 0.002918224285714278 0.03283499999999997
0 0.27451682642857145 0.32761551999999994 0.002918224285714278 0.03283499999999997
0 0.845945397857143 0.32761551999999994 0.0029182242857143594 0.03283499999999997
0 0.011197459285714285 0.32761551999999994 0.0029182242857142856 0.03283499999999997
0 0.8683403164285713 0.32761551999999994 0.0029182242857143594 0.03283499999999997
0 0.2947824092857143 0.288972625 0.0035543128571428693 0.04807575
0 0.580496695 0.288972625 0.0035543128571428693 0.04807575
0 0.27664616214285714 0.288972625 0.0035543128571428693 0.04807575
0 0.8480747335714286 0.288972625 0.0035543128571428693 0.04807575
0 0.009068123571428572 0.288972625 0.0035543128571428563 0.04807575
0 0.8662109807142857 0.288972625 0.0035543128571428693 0.04807575
0 0.29531555142857147 0.237992835 0.003672797142857129 0.044903189999999996
0 0.5810298371428572 0.237992835 0.0036727971428571695 0.044903189999999996
0 0.27611302 0.237992835 0.003672797142857129 0.044903189999999996
0 0.8475415914285713 0.237992835 0.0036727971428570073 0.044903189999999996
0 0.009601265714285715 0.237992835 0.0036727971428571443 0.044903189999999996
0 0.866744122857143 0.237992835 0.0036727971428570073 0.044903189999999996
0 0.29199819857142856 0.21105094000000002 0.0027249771428571583 0.038167739999999985
0 0.5777124842857142 0.21105094000000002 0.0027249771428571583 0.038167739999999985
0 0.27943037285714284 0.21105094000000002 0.0027249771428571583 0.038167739999999985
0 0.8508589442857143 0.21105094000000002 0.0027249771428572394 0.038167739999999985
0 0.006283912857142857 0.21105094000000002 0.002724977142857143 0.038167739999999985
0 0.86342677 0.21105094000000002 0.0027249771428572394 0.038167739999999985
0 0.28992483999999996 0.187476745 0.0030804114285714135 0.035922529999999994
0 0.5756391257142857 0.187476745 0.003080411428571454 0.035922529999999994
0 0.28150373142857144 0.187476745 0.0030804114285714135 0.035922529999999994
0 0.8529323021428572 0.187476745 0.003080412857142879 0.035922529999999994
0 0.004210554285714286 0.187476745 0.0030804114285714287 0.035922529999999994
0 0.8613534114285715 0.187476745 0.003080411428571454 0.035922529999999994
0 0.2868125092857143 0.17568966500000002 0.0021964471428571283 0.034799970000000006
0 0.572526795 0.17568966500000002 0.0021964471428571283 0.034799970000000006
0 0.2846160621428572 0.17568966500000002 0.0021964471428571283 0.034799970000000006
0 0.8560446335714286 0.17568966500000002 0.0021964471428571283 0.034799970000000006
0 0.0010982235714285713 0.17568966500000002 0.0021964471428571426 0.034799970000000006
0 0.8582410807142857 0.17568966500000002 0.0021964471428571283 0.034799970000000006
0 0.2915835214285714 0.279528275 0.003317362857142874 0.040412849999999986
0 0.5772978071428572 0.279528275 0.003317362857142874 0.040412849999999986
0 0.27984505 0.279528275 0.003317362857142874 0.040412849999999986
0 0.8512736214285714 0.279528275 0.003317362857142793 0.040412849999999986
0 0.005869235714285715 0.279528275 0.0033173628571428575 0.040412849999999986
0 0.8630120928571429 0.279528275 0.003317362857142793 0.040412849999999986
0 0.29472316642857144 0.363160465 0.0027249585714285525 0.03255482999999998
0 0.5804374521428571 0.363160465 0.0027249585714285525 0.03255482999999998
0 0.276705405 0.363160465 0.0027249585714285525 0.03255482999999998
0 0.8481339764285715 0.363160465 0.0027249585714285525 0.03255482999999998
0 0.009008880714285714 0.363160465 0.0027249585714285715 0.03255482999999998
0 0.8661517378571428 0.363160465 0.0027249585714285525 0.03255482999999998
0 0.2917612392857143 0.357547565 0.0027249585714285525 0.03255482999999998
0 0.577475525 0.357547565 0.0027249585714285525 0.03255482999999998
0 0.27966733214285716 0.357547565 0.0027249585714285525 0.03255482999999998
0 0.8510959035714286 0.357547565 0.0027249585714285525 0.03255482999999998
0 0.006046953571428572 0.357547565 0.002724958571428571 0.03255482999999998
0 0.8631898107142857 0.357547565 0.0027249585714285525 0.03255482999999998
0 0.28874007928571427 0.3543552649999999 0.0026064928571428577 0.032203969999999985
0 0.5744543649999999 0.3543552649999999 0.0026064928571428577 0.032203969999999985
0 0.28268849214285713 0.3543552649999999 0.0026064928571428577 0.032203969999999985
0 0.8541170635714285 0.3543552649999999 0.0026064928571429393 0.032203969999999985
0 0.0030257935714285717 0.3543552649999999 0.002606492857142857 0.032203969999999985
0 0.8601686507142858 0.3543552649999999 0.0026064928571429393 0.032203969999999985
0 0.29010256642857146 0.31601213 0.004146698571428585 0.04827091999999997
0 0.5758168521428572 0.31601213 0.004146698571428585 0.04827091999999997
0 0.281326005 0.31601213 0.004146698571428585 0.04827091999999997
0 0.8527545757142856 0.31601213 0.00414669714285716 0.04827091999999997
0 0.004388280714285714 0.31601213 0.004146698571428571 0.04827091999999997
0 0.8615311378571429 0.31601213 0.004146698571428585 0.04827091999999997