0 0.19921875 0.09140625 0.0328125 0.0453125
0 0.19296875 0.134375 0.028125 0.0328125
0 0.19453125 0.17890625 0.0296875 0.040625
0 0.1890625 0.22421875 0.0328125 0.04375
0 0.1890625 0.26953125 0.0296875 0.040625
0 0.1890625 0.3109375 0.0296875 0.0390625
0 0.184375 0.35 0.0296875 0.0390625
0 0.18046875 0.3921875 0.0328125 0.040625
0 0.1640625 0.44765625 0.034375 0.04375
0 0.13203125 0.48359375 0.0359375 0.0453125
0 0.16796875 0.49453125 0.03125 0.0421875
0 0.15546875 0.54453125 0.0328125 0.0484375
0 0.1265625 0.578125 0.0359375 0.0453125
0 0.1265625 0.63046875 0.0328125 0.046875
0 0.1296875 0.671875 0.034375 0.0484375
0 0.12578125 0.7203125 0.0375 0.0484375
0 0.12734375 0.77890625 0.034375 0.046875
0 0.125 0.83125 0.0359375 0.046875
0 0.1375 0.8890625 0.0375 0.0484375
0 0.1578125 0.596875 0.0296875 0.040625
0 0.1609375 0.6375 0.0328125 0.04375
0 0.16171875 0.68671875 0.0328125 0.04375
0 0.15625 0.74453125 0.03125 0.040625
0 0.16171875 0.79140625 0.034375 0.0453125
0 0.16171875 0.85625 0.0328125 0.0421875
0 0.17578125 0.9140625 0.0390625 0.0453125
0 0.2296875 0.07734375 0.0234375 0.0390625
0 0.22578125 0.11484375 0.028125 0.040625
0 0.21796875 0.15 0.0296875 0.0328125
0 0.21875 0.1921875 0.0265625 0.0375
0 0.21640625 0.23515625 0.03125 0.0375
0 0.22109375 0.278125 0.0265625 0.0390625
0 0.2203125 0.3234375 0.0265625 0.0390625
0 0.21328125 0.36328125 0.028125 0.0421875
0 0.20546875 0.4125 0.0296875 0.040625
0 0.196875 0.46796875 0.0328125 0.0421875
0 0.19453125 0.5140625 0.03125 0.04375
0 0.18671875 0.56328125 0.0328125 0.040625
0 0.18671875 0.6109375 0.0359375 0.04375
0 0.190625 0.659375 0.0328125 0.046875
0 0.19140625 0.70859375 0.0328125 0.04375
0 0.1953125 0.7609375 0.034375 0.046875
0 0.1859375 0.8265625 0.0359375 0.0515625
0 0.20390625 0.8765625 0.0328125 0.0421875
0 0.23515625 0.91875 0.0359375 0.0453125
0 0.25234375 0.084375 0.025 0.0359375
0 0.27578125 0.0546875 0.028125 0.034375
0 0.2765625 0.096875 0.028125 0.034375
0 0.25078125 0.125 0.03125 0.034375
0 0.275 0.13984375 0.03125 0.040625
0 0.2453125 0.16953125 0.0296875 0.034375
0 0.26953125 0.18671875 0.03125 0.040625
0 0.24609375 0.2140625 0.034375 0.0390625
0 0.26953125 0.2328125 0.0296875 0.0375
0 0.24140625 0.25859375 0.0265625 0.040625
0 0.271875 0.2765625 0.03125 0.0359375
0 0.24296875 0.29609375 0.03125 0.0390625
0 0.24296875 0.34453125 0.028125 0.0328125
0 0.26953125 0.321875 0.03125 0.0375
0 0.26328125 0.36640625 0.0328125 0.0375
0 0.2328125 0.390625 0.0296875 0.0390625
0 0.25859375 0.41171875 0.0328125 0.040625
0 0.2296875 0.4390625 0.034375 0.040625
0 0.26171875 0.4609375 0.0359375 0.04375
0 0.228125 0.48359375 0.0359375 0.0390625
0 0.2203125 0.53671875 0.0328125 0.046875
0 0.22109375 0.58046875 0.0328125 0.0515625
0 0.21796875 0.63046875 0.0328125 0.046875
0 0.21953125 0.6828125 0.034375 0.04375
0 0.22421875 0.72890625 0.034375 0.046875
0 0.22421875 0.7859375 0.034375 0.0484375
0 0.23515625 0.8390625 0.0328125 0.04375
0 0.2671875 0.871875 0.034375 0.053125
0 0.30078125 0.07265625 0.0359375 0.0390625
0 0.32578125 0.04375 0.0296875 0.04375
0 0.3515625 0.06171875 0.034375 0.046875
0 0.378125 0.0359375 0.0296875 0.046875
0 0.40625 0.02265625 0.0296875 0.0359375
0 0.4078125 0.06796875 0.0296875 0.0359375
0 0.38515625 0.09140625 0.0296875 0.0359375
0 0.3546875 0.1140625 0.0296875 0.034375
0 0.33125 0.0921875 0.028125 0.03125
0 0.30234375 0.1125 0.0296875 0.0390625
0 0.303125 0.1546875 0.0328125 0.040625
0 0.29921875 0.20625 0.03125 0.0421875
0 0.29609375 0.253125 0.03125 0.040625
0 0.29765625 0.29921875 0.0296875 0.0375
0 0.2953125 0.3390625 0.0296875 0.0453125
0 0.2921875 0.3875 0.03125 0.0390625
0 0.2875 0.43671875 0.03125 0.0421875
0 0.253125 0.51171875 0.0328125 0.040625
0 0.28828125 0.4875 0.0328125 0.040625
0 0.2921875 0.52578125 0.0296875 0.0421875
0 0.25625 0.5515625 0.03125 0.04375
0 0.28203125 0.57890625 0.0296875 0.040625
0 0.31484375 0.55078125 0.0296875 0.0421875
0 0.25078125 0.60390625 0.034375 0.046875
0 0.2515625 0.65546875 0.034375 0.04375
0 0.2609375 0.69609375 0.034375 0.04375
0 0.25625 0.75625 0.034375 0.040625
0 0.26171875 0.81328125 0.0375 0.0484375
0 0.296875 0.92109375 0.0375 0.0515625
0 0.29375 0.8390625 0.0328125 0.0453125
0 0.28828125 0.78125 0.0359375 0.04375
0 0.2796875 0.62890625 0.03125 0.04375
0 0.29140625 0.6734375 0.0328125 0.05
0 0.290625 0.72578125 0.0328125 0.04375
0 0.33125 0.13515625 0.028125 0.0390625
0 0.32890625 0.17890625 0.03125 0.0390625
0 0.35390625 0.159375 0.0296875 0.040625
0 0.37890625 0.1296875 0.03125 0.040625
0 0.40625 0.11640625 0.0296875 0.0375
0 0.40078125 0.16171875 0.03125 0.0421875
0 0.378125 0.18515625 0.0296875 0.0375
0 0.3515625 0.20703125 0.028125 0.0390625
0 0.32265625 0.22734375 0.03125 0.0375
0 0.32421875 0.278125 0.034375 0.04375
0 0.32421875 0.31640625 0.028125 0.0421875
0 0.32421875 0.36171875 0.03125 0.0390625
0 0.31640625 0.41171875 0.0296875 0.0453125
0 0.315625 0.46328125 0.0328125 0.040625
0 0.31875 0.50625 0.0328125 0.04375
0 0.3109375 0.6015625 0.0328125 0.04375
0 0.31953125 0.64765625 0.034375 0.04375
0 0.31953125 0.70625 0.0328125 0.04375
0 0.3203125 0.75234375 0.0359375 0.04375
0 0.32734375 0.80234375 0.034375 0.0484375
0 0.32890625 0.87109375 0.0359375 0.046875
0 0.35859375 0.9265625 0.0359375 0.046875
0 0.35546875 0.25390625 0.0328125 0.0421875
0 0.38203125 0.2296875 0.028125 0.0421875
0 0.40625 0.20859375 0.03125 0.0390625
0 0.43046875 0.1859375 0.028125 0.040625
0 0.43125 0.1421875 0.028125 0.0390625
0 0.43203125 0.09375 0.0265625 0.040625
0 0.43203125 0.04765625 0.025 0.0359375
0 0.35078125 0.30234375 0.0328125 0.0421875
0 0.3515625 0.34375 0.03125 0.040625
0 0.34921875 0.38828125 0.03125 0.0390625
0 0.34609375 0.43515625 0.03125 0.0421875
0 0.34765625 0.48203125 0.034375 0.04375
0 0.34296875 0.5328125 0.0375 0.04375
0 0.3453125 0.578125 0.034375 0.0421875
0 0.346875 0.62421875 0.0375 0.04375
0 0.3515625 0.6734375 0.034375 0.040625
0 0.35078125 0.7203125 0.034375 0.04375
0 0.3546875 0.7734375 0.034375 0.0484375
0 0.35703125 0.84296875 0.034375 0.046875
0 0.390625 0.87734375 0.034375 0.0453125
0 0.38203125 0.2796875 0.03125 0.0390625
0 0.38046875 0.32109375 0.034375 0.040625
0 0.378125 0.36796875 0.03125 0.0390625
0 0.37578125 0.40859375 0.03125 0.0453125
0 0.37890625 0.45703125 0.0328125 0.04375
0 0.37578125 0.5015625 0.034375 0.04375
0 0.37421875 0.55078125 0.0296875 0.0453125
0 0.37421875 0.59921875 0.03125 0.0390625
0 0.3796875 0.6484375 0.034375 0.0421875
0 0.38125 0.69296875 0.03125 0.04375
0 0.3828125 0.74765625 0.034375 0.04375
0 0.38515625 0.8078125 0.0359375 0.046875
0 0.421875 0.92109375 0.034375 0.0515625
0 0.4203125 0.84921875 0.0328125 0.046875
0 0.41484375 0.77265625 0.034375 0.04375
0 0.434375 0.234375 0.0296875 0.0390625
0 0.4078125 0.25234375 0.0296875 0.0375
0 0.4046875 0.3 0.0328125 0.040625
0 0.4328125 0.278125 0.0328125 0.0390625
0 0.43671875 0.3265625 0.03125 0.040625
0 0.40859375 0.34609375 0.03125 0.0390625
0 0.4046875 0.38984375 0.0328125 0.040625
0 0.40390625 0.434375 0.0296875 0.040625
0 0.40859375 0.4796875 0.0296875 0.0421875
0 0.4046875 0.528125 0.03125 0.04375
0 0.40546875 0.575 0.03125 0.0390625
0 0.40546875 0.62265625 0.0328125 0.046875
0 0.41015625 0.66640625 0.03125 0.046875
0 0.4171875 0.7203125 0.0359375 0.0484375
0 0.4359375 0.3703125 0.0328125 0.0421875
0 0.43359375 0.4109375 0.028125 0.0390625
0 0.434375 0.45625 0.03125 0.0390625
0 0.43671875 0.50390625 0.0296875 0.040625
0 0.43125 0.5484375 0.0328125 0.0421875
0 0.43359375 0.59375 0.0296875 0.0390625
0 0.43828125 0.640625 0.034375 0.046875
0 0.4421875 0.690625 0.03125 0.04375
0 0.44453125 0.74765625 0.0359375 0.046875
0 0.4484375 0.8109375 0.0375 0.046875
0 0.45234375 0.88046875 0.040625 0.046875
0 0.4875 0.925 0.0375 0.046875
0 0.48359375 0.84296875 0.0359375 0.05
0 0.46484375 0.0296875 0.0265625 0.0421875
0 0.45546875 0.06875 0.03125 0.0375
0 0.4546875 0.1171875 0.03125 0.0390625
0 0.45703125 0.1609375 0.03125 0.040625
0 0.4625 0.2078125 0.0296875 0.040625
0 0.4609375 0.25390625 0.0328125 0.0359375
0 0.459375 0.2984375 0.0328125 0.0390625
0 0.465625 0.34453125 0.0328125 0.0421875
0 0.4640625 0.39140625 0.03125 0.0359375
0 0.46328125 0.43125 0.0296875 0.0390625
0 0.46640625 0.47890625 0.0296875 0.04375
0 0.4671875 0.5265625 0.034375 0.040625
0 0.46328125 0.57109375 0.03125 0.04375
0 0.4625 0.615625 0.03125 0.040625
0 0.4703125 0.6625 0.0328125 0.0421875
0 0.47578125 0.71796875 0.0328125 0.04375
0 0.47421875 0.78046875 0.0375 0.04375
0 0.4875 0.05 0.025 0.0359375
0 0.5140625 0.0234375 0.028125 0.0421875
0 0.5109375 0.07578125 0.0296875 0.040625
0 0.4828125 0.09453125 0.028125 0.0390625
0 0.48046875 0.1359375 0.03125 0.040625
0 0.5109375 0.11796875 0.0328125 0.040625
0 0.5140625 0.16328125 0.028125 0.040625
0 0.484375 0.1875 0.0328125 0.0390625
0 0.515625 0.2078125 0.0328125 0.0375
0 0.490625 0.23359375 0.0296875 0.0390625
0 0.51875 0.25703125 0.0296875 0.040625
0 0.48984375 0.27890625 0.0328125 0.0390625
0 0.51640625 0.29765625 0.034375 0.0390625
0 0.4921875 0.32265625 0.028125 0.0390625
0 0.49140625 0.36640625 0.034375 0.0390625
0 0.51875 0.3421875 0.0328125 0.04375
0 0.5234375 0.38828125 0.034375 0.0390625
0 0.49296875 0.41171875 0.0296875 0.0390625
0 0.490625 0.45546875 0.0296875 0.0390625
0 0.51875 0.43046875 0.0328125 0.0390625
0 0.52421875 0.47734375 0.0296875 0.0390625
0 0.4953125 0.5015625 0.03125 0.0390625
0 0.496875 0.54609375 0.0328125 0.0390625
0 0.52265625 0.52734375 0.034375 0.0390625
0 0.52421875 0.56953125 0.03125 0.0359375
0 0.49296875 0.58984375 0.0296875 0.0390625
0 0.49453125 0.63359375 0.0328125 0.0421875
0 0.525 0.61015625 0.028125 0.0390625
0 0.53046875 0.6609375 0.034375 0.04375
0 0.5015625 0.690625 0.034375 0.04375
0 0.50703125 0.7484375 0.034375 0.04375
0 0.51015625 0.8125 0.0359375 0.0453125
0 0.5171875 0.8796875 0.0375 0.0453125
0 0.53671875 0.7796875 0.034375 0.0453125
0 0.54765625 0.85078125 0.03125 0.0421875
0 0.55546875 0.93671875 0.034375 0.046875
0 0.5359375 0.72109375 0.03125 0.046875
0 0.53828125 0.05234375 0.028125 0.040625
0 0.56875 0.02265625 0.0265625 0.04375
0 0.56640625 0.071875 0.0328125 0.0421875
0 0.5390625 0.09296875 0.03125 0.040625
0 0.565625 0.11953125 0.03125 0.0390625
0 0.54140625 0.14375 0.0296875 0.0390625
0 0.5671875 0.16484375 0.028125 0.0421875
0 0.54296875 0.1875 0.028125 0.0421875
0 0.57109375 0.2125 0.0265625 0.040625
0 0.54453125 0.23203125 0.0328125 0.0390625
0 0.5734375 0.25703125 0.03125 0.04375
0 0.54375 0.2765625 0.0296875 0.0390625
0 0.5765625 0.30078125 0.03125 0.04375
0 0.5484375 0.32265625 0.03125 0.04375
0 0.5765625 0.3421875 0.0296875 0.04375
0 0.5546875 0.36640625 0.0296875 0.0390625
0 0.57890625 0.38671875 0.03125 0.0390625
0 0.55234375 0.409375 0.03125 0.040625
0 0.55078125 0.45625 0.0328125 0.0421875
0 0.55234375 0.5015625 0.0328125 0.040625
0 0.56015625 0.54609375 0.0328125 0.0390625
0 0.5796875 0.4296875 0.0328125 0.0390625
0 0.5796875 0.4796875 0.034375 0.04375
0 0.58359375 0.52265625 0.03125 0.040625
0 0.59296875 0.5703125 0.03125 0.0421875
0 0.55390625 0.5890625 0.03125 0.0421875
0 0.559375 0.6375 0.03125 0.046875
0 0.5875 0.61328125 0.0296875 0.0421875
0 0.5640625 0.6953125 0.028125 0.04375
0 0.590625 0.665625 0.03125 0.0421875
0 0.5984375 0.72109375 0.034375 0.046875
0 0.57578125 0.7515625 0.0296875 0.046875
0 0.57734375 0.815625 0.034375 0.0453125
0 0.60703125 0.7828125 0.034375 0.046875
0 0.58203125 0.8734375 0.0328125 0.0453125
0 0.6265625 0.94609375 0.0359375 0.05
0 0.6109375 0.84609375 0.034375 0.046875
0 0.596875 0.05078125 0.03125 0.040625
0 0.62734375 0.03203125 0.03125 0.040625
0 0.62265625 0.0796875 0.0296875 0.0390625
0 0.596875 0.09921875 0.03125 0.0421875
0 0.59609375 0.1453125 0.0328125 0.0421875
0 0.5984375 0.1890625 0.03125 0.0421875
0 0.59765625 0.234375 0.028125 0.0390625
0 0.603125 0.2796875 0.03125 0.0390625
0 0.6078125 0.32421875 0.034375 0.0421875
0 0.60859375 0.36484375 0.034375 0.0390625
0 0.6125 0.40625 0.03125 0.0421875
0 0.61015625 0.4515625 0.0328125 0.04375
0 0.61328125 0.50078125 0.0328125 0.04375
0 0.62109375 0.5484375 0.0328125 0.0421875
0 0.6203125 0.59453125 0.0328125 0.0421875
0 0.62109375 0.63984375 0.03125 0.04375
0 0.63359375 0.7 0.03125 0.046875
0 0.63671875 0.75 0.0328125 0.0453125
0 0.6390625 0.8140625 0.0359375 0.05
0 0.64609375 0.87421875 0.0359375 0.0453125
0 0.625 0.1234375 0.0296875 0.0390625
0 0.65390625 0.05859375 0.03125 0.034375
0 0.65546875 0.10390625 0.0328125 0.0421875
0 0.65703125 0.14921875 0.034375 0.040625
0 0.6265625 0.16875 0.0359375 0.04375
0 0.65234375 0.19453125 0.0328125 0.040625
0 0.62265625 0.2140625 0.028125 0.0390625
0 0.6234375 0.25625 0.034375 0.0390625
0 0.6515625 0.24140625 0.03125 0.04375
0 0.6546875 0.2828125 0.03125 0.04375
0 0.6296875 0.30390625 0.03125 0.0390625
0 0.63359375 0.346875 0.028125 0.0421875
0 0.66171875 0.32734375 0.028125 0.0421875
0 0.66484375 0.3703125 0.03125 0.0390625
0 0.63671875 0.3875 0.0296875 0.0421875
0 0.6703125 0.4109375 0.0296875 0.0390625
0 0.640625 0.4296875 0.0296875 0.0421875
0 0.63984375 0.47734375 0.03125 0.04375
0 0.66875 0.4578125 0.03125 0.0421875
0 0.6734375 0.503125 0.028125 0.0421875
0 0.64453125 0.525 0.0328125 0.0421875
0 0.67890625 0.55 0.03125 0.04375
0 0.65234375 0.57265625 0.0328125 0.04375
0 0.6875 0.6 0.0328125 0.04375
0 0.65390625 0.6203125 0.034375 0.04375
0 0.6609375 0.67421875 0.0359375 0.0484375
0 0.69765625 0.64921875 0.03125 0.0453125
0 0.6671875 0.72578125 0.0359375 0.04375
0 0.69296875 0.69921875 0.0359375 0.0484375
0 0.6703125 0.78515625 0.034375 0.0484375
0 0.70546875 0.75703125 0.0328125 0.04375
0 0.7046875 0.81328125 0.0359375 0.046875
0 0.678125 0.8484375 0.0359375 0.0453125
0 0.70859375 0.871875 0.0359375 0.0453125
0 0.69765625 0.96015625 0.034375 0.0484375
0 0.77421875 0.97421875 0.0359375 0.04375
0 0.68046875 0.0390625 0.03125 0.0421875
0 0.7140625 0.06953125 0.028125 0.0390625
0 0.6828125 0.08984375 0.0296875 0.04375
0 0.71640625 0.11171875 0.0296875 0.040625
0 0.684375 0.13515625 0.03125 0.0390625
0 0.7078125 0.16328125 0.03125 0.040625
0 0.6796875 0.178125 0.03125 0.040625
0 0.67890625 0.2203125 0.0296875 0.04375
0 0.70703125 0.2078125 0.034375 0.040625
0 0.7390625 0.190625 0.03125 0.04375
0 0.73984375 0.23359375 0.03125 0.0390625
0 0.746875 0.27578125 0.028125 0.0375
0 0.709375 0.2484375 0.028125 0.034375
0 0.68046875 0.265625 0.028125 0.0375
0 0.71640625 0.2953125 0.028125 0.0390625
0 0.6890625 0.31015625 0.03125 0.040625
0 0.7171875 0.33671875 0.028125 0.0375
0 0.74375 0.3203125 0.0265625 0.040625
0 0.7484375 0.36015625 0.028125 0.0390625
0 0.72109375 0.37734375 0.028125 0.0421875
0 0.69453125 0.39609375 0.03125 0.0390625
0 0.725 0.42109375 0.03125 0.040625
0 0.75 0.40234375 0.028125 0.040625
0 0.75078125 0.44765625 0.028125 0.0375
0 0.7265625 0.46640625 0.028125 0.040625
0 0.69453125 0.43828125 0.028125 0.0390625
0 0.6984375 0.4828125 0.0265625 0.040625
0 0.75859375 0.490625 0.0265625 0.0375
0 0.7359375 0.51171875 0.028125 0.040625
0 0.7046875 0.53203125 0.03125 0.0421875
0 0.7421875 0.5609375 0.028125 0.040625
0 0.7671875 0.540625 0.03125 0.04375
0 0.7171875 0.5796875 0.034375 0.046875
0 0.72734375 0.63125 0.03125 0.0421875
0 0.75078125 0.61015625 0.03125 0.0421875
0 0.77890625 0.58984375 0.0328125 0.0453125
0 0.7859375 0.6390625 0.0328125 0.0390625
0 0.759375 0.66015625 0.028125 0.040625
0 0.734375 0.684375 0.0359375 0.04375
0 0.76484375 0.7109375 0.034375 0.0453125
0 0.7953125 0.6875 0.034375 0.0421875
0 0.80078125 0.7375 0.0328125 0.0453125
0 0.7671875 0.76171875 0.0359375 0.0453125
0 0.7296875 0.73046875 0.034375 0.0453125
0 0.7359375 0.78671875 0.0359375 0.0484375
0 0.7734375 0.81875 0.0359375 0.046875
0 0.80703125 0.790625 0.0328125 0.04375
0 0.8078125 0.84609375 0.0359375 0.0453125
0 0.809375 0.91171875 0.0359375 0.0453125
0 0.77578125 0.871875 0.0359375 0.04375
0 0.74296875 0.8453125 0.03125 0.0421875