0 0.83984375 0.050390625 0.0671875 0.09140625
0 0.8359375 0.146484375 0.06875 0.09296875
0 0.8359375 0.24296875 0.0625 0.0890625
0 0.8328125 0.335546875 0.071875 0.08671875
0 0.8296875 0.429296875 0.06875 0.08359375
0 0.828125 0.518359375 0.06875 0.08671875
0 0.821875 0.691015625 0.06875 0.08203125
0 0.81796875 0.776953125 0.0671875 0.08515625
0 0.8140625 0.858984375 0.0625 0.07734375
0 0.81015625 0.943359375 0.0671875 0.07734375
0 0.75390625 0.968359375 0.0640625 0.06171875
0 0.7546875 0.892578125 0.0625 0.07890625
0 0.75859375 0.811328125 0.0671875 0.07890625
0 0.759375 0.728125 0.06875 0.08125
0 0.7640625 0.643359375 0.06875 0.08359375
0 0.765625 0.558203125 0.065625 0.08203125
0 0.76875 0.471484375 0.06875 0.08359375
0 0.76953125 0.382421875 0.0703125 0.08671875
0 0.7734375 0.291796875 0.06875 0.08671875
0 0.775 0.198046875 0.06875 0.08984375
0 0.7765625 0.104296875 0.06875 0.08984375
0 0.777734375 0.028515625 0.06484375 0.05703125
0 0.71640625 0.064453125 0.0703125 0.09140625
0 0.715625 0.158984375 0.06875 0.08984375
0 0.71484375 0.25 0.0671875 0.084375
0 0.71171875 0.3390625 0.0640625 0.0875
0 0.71015625 0.426953125 0.0609375 0.08203125
0 0.70859375 0.511328125 0.0640625 0.07890625
0 0.7078125 0.594921875 0.059375 0.07734375
0 0.70625 0.677734375 0.0625 0.08046875
0 0.70234375 0.759765625 0.0609375 0.07890625
0 0.7 0.841796875 0.0625 0.07734375
0 0.69453125 0.921484375 0.0578125 0.07421875
0 0.64140625 0.951953125 0.0546875 0.07265625
0 0.646875 0.874609375 0.05625 0.07734375
0 0.64765625 0.791796875 0.0609375 0.07734375
0 0.64609375 0.712109375 0.0546875 0.07421875
0 0.64921875 0.631640625 0.0609375 0.07578125
0 0.64921875 0.551171875 0.0578125 0.07734375
0 0.653125 0.468359375 0.059375 0.08046875
0 0.653125 0.383984375 0.059375 0.08046875
0 0.653125 0.297265625 0.059375 0.08203125
0 0.66015625 0.208984375 0.0609375 0.08671875
0 0.65859375 0.118359375 0.0640625 0.08984375
0 0.6609375 0.03515625 0.065625 0.0703125
0 0.60390625 0.079296875 0.0640625 0.08671875
0 0.6046875 0.169140625 0.059375 0.08515625
0 0.603125 0.257421875 0.0625 0.08359375
0 0.60234375 0.342578125 0.0578125 0.07890625
0 0.5984375 0.424609375 0.05625 0.07734375
0 0.59921875 0.506640625 0.0578125 0.07578125
0 0.596875 0.587109375 0.053125 0.07734375
0 0.5984375 0.666015625 0.05625 0.07265625
0 0.5953125 0.743359375 0.05 0.07421875
0 0.596875 0.823046875 0.053125 0.07421875
0 0.59453125 0.901171875 0.0546875 0.07421875
0 0.590625 0.970703125 0.05625 0.05703125
0 0.5421875 0.930078125 0.05625 0.07265625
0 0.54609375 0.852734375 0.0546875 0.07421875
0 0.54765625 0.775390625 0.0546875 0.07265625
0 0.5484375 0.7 0.053125 0.071875
0 0.546875 0.622265625 0.05625 0.07578125
0 0.546875 0.543359375 0.05 0.07421875
0 0.55 0.465625 0.053125 0.078125
0 0.55 0.384765625 0.053125 0.07578125
0 0.54921875 0.301171875 0.0578125 0.08046875
0 0.55 0.217578125 0.0625 0.08203125
0 0.55078125 0.130078125 0.0578125 0.08515625
0 0.55 0.041796875 0.0625 0.08359375
0 0.49609375 0.02265625 0.0578125 0.0453125
0 0.49921875 0.091796875 0.0484375 0.08359375
0 0.5015625 0.177734375 0.05625 0.08046875
0 0.4984375 0.26171875 0.05625 0.0796875
0 0.50078125 0.344140625 0.0546875 0.07890625
0 0.50078125 0.42421875 0.0546875 0.0734375
0 0.5 0.579296875 0.05 0.07109375
0 0.49921875 0.501171875 0.0546875 0.07421875
0 0.49921875 0.65546875 0.0515625 0.0734375
0 0.4984375 0.730078125 0.05625 0.07265625
0 0.49921875 0.805859375 0.0515625 0.07109375
0 0.5 0.880859375 0.046875 0.07109375
0 0.4984375 0.957421875 0.05 0.07109375
0 0.45078125 0.973828125 0.0515625 0.05078125
0 0.45234375 0.909765625 0.0515625 0.07265625
0 0.45234375 0.834765625 0.0515625 0.06953125
0 0.45234375 0.762109375 0.0546875 0.07109375
0 0.45234375 0.688671875 0.0484375 0.07109375
0 0.4515625 0.614453125 0.053125 0.07265625
0 0.4515625 0.539453125 0.053125 0.07265625
0 0.45234375 0.461328125 0.0515625 0.07265625
0 0.45 0.384375 0.05625 0.075
0 0.45078125 0.303515625 0.0546875 0.07578125
0 0.4484375 0.221484375 0.05625 0.07734375
0 0.44921875 0.139453125 0.0578125 0.07890625
0 0.4484375 0.055078125 0.053125 0.08203125
0 0.3984375 0.028515625 0.053125 0.05703125
0 0.40234375 0.101953125 0.0515625 0.07890625
0 0.403125 0.18515625 0.05 0.0765625
0 0.40234375 0.265234375 0.0484375 0.07421875
0 0.40390625 0.344140625 0.0515625 0.07578125
0 0.40546875 0.423046875 0.0484375 0.07109375
0 0.40625 0.573046875 0.05 0.06796875
0 0.40390625 0.496484375 0.0484375 0.07109375
0 0.4078125 0.645703125 0.046875 0.06953125
0 0.40625 0.719921875 0.05 0.07109375
0 0.40625 0.793359375 0.05 0.06796875
0 0.40859375 0.8640625 0.0453125 0.06875
0 0.40546875 0.936328125 0.0453125 0.06953125
0 0.3625 0.964453125 0.046875 0.06640625
0 0.36328125 0.894140625 0.0453125 0.06953125
0 0.36328125 0.822265625 0.0484375 0.06640625
0 0.3625 0.751171875 0.05 0.06484375
0 0.36328125 0.679296875 0.0484375 0.06796875
0 0.36171875 0.605859375 0.0484375 0.06796875
0 0.36328125 0.533203125 0.0453125 0.06953125
0 0.36015625 0.458984375 0.0484375 0.07109375
0 0.35703125 0.384375 0.0515625 0.071875
0 0.35546875 0.306640625 0.0546875 0.07578125
0 0.35625 0.226953125 0.05 0.07265625
0 0.35546875 0.14765625 0.0484375 0.0765625
0 0.3515625 0.065234375 0.053125 0.07734375
0 0.30390625 0.03359375 0.0453125 0.0671875
0 0.30859375 0.110546875 0.0484375 0.07421875
0 0.309375 0.188671875 0.05 0.07421875
0 0.31171875 0.268359375 0.0484375 0.07421875
0 0.31171875 0.345703125 0.0453125 0.07265625
0 0.31484375 0.42109375 0.0515625 0.0703125
0 0.31640625 0.494921875 0.0484375 0.06796875
0 0.3171875 0.567578125 0.05 0.06953125
0 0.31796875 0.639453125 0.0484375 0.06640625
0 0.31953125 0.71015625 0.0453125 0.0671875
0 0.31796875 0.78125 0.0484375 0.065625
0 0.3203125 0.8515625 0.04375 0.065625
0 0.32265625 0.921484375 0.0421875 0.06796875
0 0.321875 0.98046875 0.05 0.0390625
0 0.2796875 0.948828125 0.046875 0.06640625
0 0.2421875 0.973828125 0.046875 0.05078125
0 0.23984375 0.908984375 0.0453125 0.06796875
0 0.278125 0.879296875 0.046875 0.06484375
0 0.27734375 0.8109375 0.0484375 0.065625
0 0.23828125 0.839453125 0.0453125 0.06328125
0 0.2359375 0.77265625 0.04375 0.0640625
0 0.27890625 0.741015625 0.0453125 0.06640625
0 0.2765625 0.670703125 0.046875 0.06640625
0 0.234375 0.703515625 0.046875 0.06640625
0 0.23203125 0.634765625 0.0484375 0.06640625
0 0.2734375 0.601171875 0.04375 0.06484375
0 0.27578125 0.529296875 0.0453125 0.06796875
0 0.2296875 0.563671875 0.046875 0.06796875
0 0.2265625 0.492578125 0.046875 0.06640625
0 0.271875 0.455859375 0.046875 0.07109375
0 0.27109375 0.381640625 0.0453125 0.06953125
0 0.22578125 0.419140625 0.0484375 0.06953125
0 0.22265625 0.344921875 0.0484375 0.07109375
0 0.2671875 0.306640625 0.046875 0.06953125
0 0.265625 0.231640625 0.046875 0.07265625
0 0.22109375 0.269921875 0.0484375 0.07109375
0 0.21796875 0.194140625 0.0484375 0.07265625
0 0.26328125 0.154296875 0.0484375 0.07421875
0 0.2625 0.075 0.046875 0.075
0 0.2171875 0.116015625 0.05 0.07265625
0 0.21640625 0.037890625 0.0484375 0.07265625