0 0.3173076923076923 0.27283653846153844 0.17067307692307693 0.23557692307692307
0 0.921875 0.109375 0.07451923076923077 0.10336538461538461
0 0.9783653846153846 0.10817307692307693 0.04326923076923077 0.1466346153846154
0 0.7764423076923077 0.10817307692307693 0.09375 0.14423076923076922
0 0.7199519230769231 0.09735576923076923 0.03365384615384615 0.10336538461538461
0 0.9242788461538461 0.030048076923076924 0.0985576923076923 0.06009615384615385
0 0.7211538461538461 0.027644230769230768 0.038461538461538464 0.055288461538461536
0 0.7824519230769231 0.016826923076923076 0.07451923076923077 0.03365384615384615
0 0.9819711538461539 0.019230769230769232 0.036057692307692304 0.038461538461538464
0 0.9783653846153846 0.3425480769230769 0.04326923076923077 0.11778846153846154
0 0.9230769230769231 0.35216346153846156 0.07211538461538461 0.0985576923076923
0 0.7716346153846154 0.3401442307692308 0.09134615384615384 0.12259615384615384
0 0.7199519230769231 0.33413461538461536 0.03365384615384615 0.10336538461538461
0 0.9266826923076923 0.2403846153846154 0.09134615384615384 0.14182692307692307
0 0.7211538461538461 0.22596153846153846 0.038461538461538464 0.14423076923076922
0 0.9819711538461539 0.2247596153846154 0.036057692307692304 0.10336538461538461
0 0.7800480769230769 0.21634615384615385 0.07451923076923077 0.10096153846153846
0 0.03365384615384615 0.9507211538461539 0.0673076923076923 0.0985576923076923
0 0.11658653846153846 0.9483173076923077 0.09615384615384616 0.10336538461538461
0 0.2127403846153846 0.9483173076923077 0.09615384615384616 0.10336538461538461
0 0.3076923076923077 0.9447115384615384 0.09615384615384616 0.11057692307692307
0 0.4074519230769231 0.9423076923076923 0.09615384615384616 0.11538461538461539
0 0.6033653846153846 0.9423076923076923 0.09615384615384616 0.11538461538461539
0 0.5048076923076923 0.9435096153846154 0.09615384615384616 0.11298076923076923
0 0.6778846153846154 0.9423076923076923 0.04807692307692308 0.11538461538461539
0 0.06610576923076923 0.8425480769230769 0.09375 0.14423076923076922
0 0.16346153846153846 0.8389423076923077 0.09615384615384616 0.1466346153846154
0 0.2608173076923077 0.8377403846153846 0.09615384615384616 0.14182692307692307
0 0.3581730769230769 0.8341346153846154 0.09615384615384616 0.14182692307692307
0 0.6526442307692307 0.8305288461538461 0.0985576923076923 0.1466346153846154
0 0.4543269230769231 0.8305288461538461 0.09615384615384616 0.1466346153846154
0 0.5528846153846154 0.8293269230769231 0.09615384615384616 0.14423076923076922
0 0.03245192307692308 0.7151442307692307 0.0625 0.14182692307692307
0 0.11298076923076923 0.7139423076923077 0.09615384615384616 0.14423076923076922
0 0.21153846153846154 0.7103365384615384 0.09615384615384616 0.14182692307692307
0 0.31009615384615385 0.7091346153846154 0.09615384615384616 0.14182692307692307
0 0.4050480769230769 0.7055288461538461 0.09615384615384616 0.14423076923076922
0 0.6009615384615384 0.7043269230769231 0.09615384615384616 0.14182692307692307
0 0.5024038461538461 0.703125 0.09615384615384616 0.14423076923076922
0 0.6766826923076923 0.7007211538461539 0.05048076923076923 0.14182692307692307
0 0.06370192307692307 0.5877403846153846 0.09615384615384616 0.14182692307692307
0 0.16105769230769232 0.5865384615384616 0.09375 0.14182692307692307
0 0.25721153846153844 0.5841346153846154 0.09615384615384616 0.14182692307692307
0 0.3545673076923077 0.5805288461538461 0.09615384615384616 0.14182692307692307
0 0.4519230769230769 0.5793269230769231 0.09615384615384616 0.1466346153846154
0 0.5504807692307693 0.5769230769230769 0.0985576923076923 0.1466346153846154
0 0.6502403846153846 0.5733173076923077 0.0985576923076923 0.1466346153846154
0 0.11177884615384616 0.46634615384615385 0.09615384615384616 0.12980769230769232
0 0.030048076923076924 0.46634615384615385 0.06009615384615385 0.12980769230769232
0 0.21033653846153846 0.4651442307692308 0.09615384615384616 0.12740384615384615
0 0.30528846153846156 0.4639423076923077 0.09615384615384616 0.125
0 0.40384615384615385 0.46274038461538464 0.09615384615384616 0.12259615384615384
0 0.5012019230769231 0.46153846153846156 0.09134615384615384 0.1201923076923077
0 0.5997596153846154 0.46153846153846156 0.0985576923076923 0.1201923076923077
0 0.6766826923076923 0.46033653846153844 0.05048076923076923 0.11778846153846154
0 0.9567307692307693 0.9158653846153846 0.08653846153846154 0.16346153846153846
0 0.7608173076923077 0.8701923076923077 0.11778846153846154 0.2091346153846154
0 0.9423076923076923 0.7872596153846154 0.11538461538461539 0.1971153846153846
0 0.8293269230769231 0.6346153846153846 0.1466346153846154 0.21634615384615385
0 0.9915865384615384 0.5949519230769231 0.016826923076923076 0.21634615384615385
0 0.7283653846153846 0.5913461538461539 0.052884615384615384 0.21153846153846154
0 0.7884615384615384 0.5012019230769231 0.14182692307692307 0.19471153846153846
0 0.9266826923076923 0.49278846153846156 0.1466346153846154 0.18509615384615385
0 0.8978365384615384 0.4266826923076923 0.1466346153846154 0.05048076923076923
0 0.8641826923076923 0.9387019230769231 0.12740384615384615 0.12259615384615384