0 0.27283653846153844 0.3449519230769231 0.17067307692307693 0.15144230769230768
0 0.9819711538461539 0.22596153846153846 0.036057692307692304 0.10576923076923077
0 0.6454326923076923 0.2247596153846154 0.06490384615384616 0.10576923076923077
0 0.9194711538461539 0.22355769230769232 0.09615384615384616 0.10336538461538461
0 0.8233173076923077 0.22355769230769232 0.0985576923076923 0.10336538461538461
0 0.7259615384615384 0.22115384615384615 0.09615384615384616 0.10817307692307693
0 0.9603365384615384 0.12139423076923077 0.07932692307692307 0.11778846153846154
0 0.8665865384615384 0.11899038461538461 0.10096153846153846 0.1201923076923077
0 0.6586538461538461 0.11298076923076923 0.09134615384615384 0.1201923076923077
0 0.7584134615384616 0.10817307692307693 0.0985576923076923 0.11778846153846154
0 0.9867788461538461 0.038461538461538464 0.026442307692307692 0.07692307692307693
0 0.9182692307692307 0.036057692307692304 0.10576923076923077 0.07211538461538461
0 0.8112980769230769 0.036057692307692304 0.10817307692307693 0.07211538461538461
0 0.6995192307692307 0.03365384615384615 0.10817307692307693 0.0673076923076923
0 0.9170673076923077 0.3870192307692308 0.0889423076923077 0.0673076923076923
0 0.7415865384615384 0.3870192307692308 0.0889423076923077 0.0673076923076923
0 0.828125 0.3870192307692308 0.08413461538461539 0.0673076923076923
0 0.9795673076923077 0.3858173076923077 0.040865384615384616 0.06971153846153846
0 0.65625 0.38341346153846156 0.08413461538461539 0.07451923076923077
0 0.9579326923076923 0.31971153846153844 0.08413461538461539 0.09615384615384616
0 0.6887019230769231 0.31490384615384615 0.09134615384615384 0.09615384615384616
0 0.8713942307692307 0.31490384615384615 0.09375 0.09615384615384616
0 0.6286057692307693 0.3112980769230769 0.028846153846153848 0.09375
0 0.7800480769230769 0.31009615384615385 0.09134615384615384 0.09615384615384616
0 0.5072115384615384 0.9362980769230769 0.19951923076923078 0.12740384615384615
0 0.5432692307692307 0.8040865384615384 0.14182692307692307 0.3125
0 0.38100961538461536 0.7752403846153846 0.18509615384615385 0.3173076923076923
0 0.2283653846153846 0.6694711538461539 0.21394230769230768 0.3557692307692308
0 0.05048076923076923 0.6586538461538461 0.10096153846153846 0.35096153846153844
0 0.9459134615384616 0.7644230769230769 0.10817307692307693 0.15865384615384615
0 0.8401442307692307 0.7644230769230769 0.11778846153846154 0.16826923076923078
0 0.7331730769230769 0.7704326923076923 0.10576923076923077 0.15865384615384615
0 0.9867788461538461 0.5949519230769231 0.026442307692307692 0.17548076923076922
0 0.9242788461538461 0.5973557692307693 0.11778846153846154 0.16346153846153846
0 0.8161057692307693 0.6033653846153846 0.11538461538461539 0.16826923076923078
0 0.7127403846153846 0.6081730769230769 0.10576923076923077 0.16105769230769232