0 0.43265924142857143 0.84627926 0.008175625714285713 0.09579557999999992
0 0.4474487828571429 0.7794070949999999 0.00918147428571428 0.08311032999999995
0 0.45505154428571426 0.840427575 0.010178554285714249 0.08792197000000002
0 0.4670624792857143 0.82074355 0.00984619571428571 0.08967165999999992
0 0.47744876214285714 0.8513631599999999 0.00984619571428571 0.09404591999999994
0 0.4721102164285714 0.7516307549999999 0.010053921428571389 0.08792197000000002
0 0.44256032357142855 0.6771175650000001 0.009462467142857105 0.09273363000000004
0 0.45220370571428575 0.7009571149999999 0.009887742857142874 0.08704710999999989
0 0.437192515 0.566960665 0.010469372857142908 0.10419455
0 0.4509092321428571 0.549289025 0.009209375714285671 0.08529742999999997
0 0.45312507357142856 0.48717498 0.009347655714285728 0.08879682000000003
0 0.46173283428571427 0.527964655 0.008766022857142843 0.07895479000000001
0 0.46767379142857146 0.58690738 0.007768939999999946 0.06780053999999999
0 0.4849224771428572 0.70304709 0.009513834285714324 0.09142135999999994
0 0.49530742357142854 0.74744549 0.009347655714285728 0.0874845599999999
0 0.5002797907142857 0.8176320250000001 0.009721558571428496 0.09229620999999995
0 0.5062528485714285 0.75726769 0.009264565714285758 0.09492074000000002
0 0.5115828592857142 0.8457288349999998 0.009555384285714256 0.09710785000000001
0 0.5261697592857143 0.84813466 0.00968001857142854 0.09142136000000008
0 0.5384878928571428 0.8562269900000001 0.009721560000000002 0.09360845999999995
0 0.54963931 0.82626353 0.00938920285714289 0.08792196000000004
0 0.5594024171428571 0.807454345 0.009306108571428565 0.0861722900000001
0 0.568012065 0.814234395 0.0068330128571428925 0.08223546999999996
0 0.5640970185714287 0.70640969 0.008890657142857127 0.08967165999999992
0 0.55512327 0.7245627400000001 0.009472291428571436 0.08923423999999996
0 0.5448512321428571 0.7497145449999999 0.009077610000000017 0.09054648999999998
0 0.557312595 0.57177334 0.008599841428571398 0.08967165999999999
0 0.5527426321428571 0.48422073 0.00893220428571429 0.08879681999999996
0 0.5440285371428571 0.507622855 0.008329797142857193 0.08223548999999998
0 0.5364569357142858 0.577829195 0.00943074857142863 0.09404589000000002
0 0.5211683242857144 0.57520466 0.010095465714285703 0.09929496
0 0.5445997828571428 0.382383815 0.010012380000000008 0.09098393000000002
0 0.5399051821428571 0.44646625 0.008267478571428585 0.06517600000000001
0 0.535397535 0.40447366500000004 0.008225938571428547 0.07829867
0 0.5326971028571429 0.35936789 0.008724477142857106 0.09131886000000002
0 0.5293734907142857 0.28142175 0.010137010000000016 0.10016982000000002
0 0.5254786342857143 0.388877095 0.008038985714285738 0.08398516999999998
0 0.5162244542857143 0.45805795000000005 0.00901529428571426 0.09010910000000003
0 0.5178031692857142 0.2812711 0.010261649999999999 0.10148208
0 0.5114719535714286 0.39018936499999995 0.009555381428571406 0.09360847
0 0.5061334028571429 0.29461250499999997 0.010427828571428596 0.10716857
0 0.5131545314285714 0.18796395 0.010344739999999969 0.10060726000000003
0 0.50085717 0.21158475499999999 0.011009459999999974 0.11110537
0 0.49912068214285715 0.33752222000000004 0.008849112857142894 0.09667043999999997
0 0.49345747785714283 0.229472845 0.007685849999999976 0.09448331
0 0.4916278957142857 0.41327626500000003 0.009264562857142826 0.09518641000000003
0 0.4849806742857143 0.141463945 0.008599845714285754 0.08052350999999999
0 0.48047302714285717 0.22021890499999996 0.008558300000000015 0.08573485000000002
0 0.48471063 0.31490504 0.008059757142857182 0.08532920000000005
0 0.5038395371428571 0.491208265 0.010718645714285751 0.10366915000000006
0 0.48709684714285717 0.443907425 0.007727394285714208 0.07666730999999999
0 0.47848456357142855 0.4231890199999999 0.008367235714285682 0.08486004000000001
0 0.4751526214285715 0.45784648000000006 0.008682934285714297 0.0794088
0 0.5127537314285714 0.561306255 0.007644302857142813 0.08311032999999995
0 0.501536545 0.617733785 0.009555381428571406 0.09360848999999995
0 0.49582408857142857 0.562181095 0.010095468571428552 0.09273362999999996
0 0.49000776857142864 0.5676489 0.00619022571428567 0.08442261999999999
0 0.4813040635714286 0.57224183 0.008807570000000006 0.09273366000000002
0 0.47607485642857145 0.29657062500000003 0.007810487142857109 0.08358007000000005
0 0.466124795 0.290566665 0.008849112857142894 0.08442259000000003
0 0.47250197499999996 0.340651575 0.007893575714285735 0.09535814999999999
0 0.4566028435714286 0.28577617 0.008101301428571414 0.08967170000000003
0 0.4650780521428572 0.15754323499999998 0.0063564071428571164 0.06430114999999999
0 0.4789749021428572 0.10542186 0.005816318571428627 0.0616766
0 0.4822777357142857 0.04702592 0.006107134285714356 0.07348702000000001
0 0.4323995671428572 0.4790714300000001 0.007656277142857155 0.11679188000000003
0 0.4339752728571429 0.33286777 0.007491574285714283 0.07323256
0 0.5193733164285714 0.035764575 0.006529349999999974 0.07152915
0 0.4244836157142857 0.84627926 0.008175625714285713 0.09579557999999992
0 0.7101979014285714 0.84627926 0.008175625714285713 0.09579557999999992
0 0.1469449557142857 0.84627926 0.008175625714285713 0.09579557999999992
0 0.7183735271428572 0.84627926 0.008175625714285713 0.09579557999999992
0 0.13876933 0.84627926 0.008175625714285713 0.09579557999999992
0 0.9959121878571429 0.84627926 0.008175624285714288 0.09579557999999992
0 0.40969407428571425 0.7794070949999999 0.00918147428571428 0.08311032999999995
0 0.69540836 0.7794070949999999 0.00918147428571428 0.08311032999999995
0 0.16173449714285715 0.7794070949999999 0.00918147428571428 0.08311032999999995
0 0.7331630685714287 0.7794070949999999 0.009181474285714362 0.08311032999999995
0 0.12397978857142858 0.7794070949999999 0.00918147428571428 0.08311032999999995
0 0.9811226457142856 0.7794070949999999 0.009181474285714362 0.08311032999999995
0 0.4020913128571429 0.840427575 0.010178554285714249 0.08792197000000002
0 0.6878055985714286 0.840427575 0.010178554285714249 0.08792197000000002
0 0.16933725857142856 0.840427575 0.010178554285714288 0.08792197000000002
0 0.74076583 0.840427575 0.010178554285714328 0.08792197000000002
0 0.11637702714285715 0.840427575 0.010178554285714288 0.08792197000000002
0 0.9735198842857143 0.840427575 0.010178554285714328 0.08792197000000002
0 0.39008037785714283 0.82074355 0.00984619571428571 0.08967165999999992
0 0.6757946635714286 0.82074355 0.00984619571428571 0.08967165999999992
0 0.18134819357142856 0.82074355 0.00984619571428571 0.08967165999999992
0 0.752776765 0.82074355 0.00984619571428571 0.08967165999999992
0 0.10436609214285714 0.82074355 0.00984619571428571 0.08967165999999992
0 0.9615089492857143 0.82074355 0.00984619571428571 0.08967165999999992
0 0.379694095 0.8513631599999999 0.00984619571428571 0.09404591999999994
0 0.6654083807142858 0.8513631599999999 0.00984619571428571 0.09404591999999994
0 0.19173447642857144 0.8513631599999999 0.00984619571428571 0.09404591999999994
0 0.7631630478571428 0.8513631599999999 0.00984619571428571 0.09404591999999994
0 0.09397980928571428 0.8513631599999999 0.00984619571428571 0.09404591999999994
0 0.9511226664285715 0.8513631599999999 0.00984619571428571 0.09404591999999994
0 0.3850326407142857 0.7516307549999999 0.010053921428571389 0.08792197000000002
0 0.6707469264285715 0.7516307549999999 0.010053921428571389 0.08792197000000002
0 0.1863959307142857 0.7516307549999999 0.01005392142857143 0.08792197000000002
0 0.7578245021428571 0.7516307549999999 0.010053921428571552 0.08792197000000002
0 0.099318355 0.7516307549999999 0.01005392142857143 0.08792197000000002
0 0.9564612121428572 0.7516307549999999 0.010053921428571552 0.08792197000000002
0 0.4145825335714286 0.6771175650000001 0.009462467142857105 0.09273363000000004
0 0.7002968199999999 0.6771175650000001 0.009462468571428531 0.09273363000000004
0 0.15684603714285714 0.6771175650000001 0.009462468571428571 0.09273363000000004
0 0.7282746092857143 0.6771175650000001 0.009462467142857187 0.09273363000000004
0 0.12886824785714285 0.6771175650000001 0.009462467142857147 0.09273363000000004
0 0.9860111057142856 0.6771175650000001 0.009462468571428611 0.09273363000000004
0 0.4049391514285714 0.7009571149999999 0.009887742857142874 0.08704710999999989
0 0.6906534371428571 0.7009571149999999 0.009887742857142874 0.08704710999999989
0 0.16648942 0.7009571149999999 0.009887742857142855 0.08704710999999989
0 0.7379179914285714 0.7009571149999999 0.009887742857142874 0.08704710999999989
0 0.1192248657142857 0.7009571149999999 0.009887742857142855 0.08704710999999989
0 0.9763677228571428 0.7009571149999999 0.009887742857142874 0.08704710999999989
0 0.41995034214285715 0.566960665 0.010469372857142908 0.10419455
0 0.7056646278571429 0.566960665 0.010469372857142908 0.10419455
0 0.1514782292857143 0.566960665 0.010469372857142847 0.10419455
0 0.7229068007142857 0.566960665 0.010469372857142908 0.10419455
0 0.13423605642857142 0.566960665 0.010469372857142847 0.10419455
0 0.9913789135714286 0.566960665 0.010469372857142747 0.10419455
0 0.406233625 0.549289025 0.009209375714285671 0.08529742999999997
0 0.6919479107142857 0.549289025 0.009209375714285671 0.08529742999999997
0 0.1651949464285714 0.549289025 0.009209375714285732 0.08529742999999997
0 0.7366235178571429 0.549289025 0.009209375714285671 0.08529742999999997
0 0.12051933928571429 0.549289025 0.009209375714285732 0.08529742999999997
0 0.9776621964285714 0.549289025 0.009209375714285671 0.08529742999999997
0 0.4040177835714286 0.48717498 0.009347655714285728 0.08879682000000003
0 0.6897320692857143 0.48717498 0.009347655714285728 0.08879682000000003
0 0.16741078785714286 0.48717498 0.009347655714285728 0.08879682000000003
0 0.7388393592857143 0.48717498 0.009347655714285728 0.08879682000000003
0 0.11830349785714286 0.48717498 0.009347655714285728 0.08879682000000003
0 0.975446355 0.48717498 0.009347655714285728 0.08879682000000003
0 0.39541002285714283 0.527964655 0.008766022857142843 0.07895479000000001
0 0.6811243085714286 0.527964655 0.008766022857142843 0.07895479000000001
0 0.17601854857142857 0.527964655 0.008766022857142864 0.07895479000000001
0 0.74744712 0.527964655 0.008766022857142843 0.07895479000000001
0 0.10969573714285713 0.527964655 0.008766022857142864 0.07895479000000001
0 0.9668385942857143 0.527964655 0.008766022857142843 0.07895479000000001
0 0.3894690657142857 0.58690738 0.007768939999999946 0.06780053999999999
0 0.6751833514285713 0.58690738 0.007768939999999946 0.06780053999999999
0 0.1819595057142857 0.58690738 0.007768939999999986 0.06780053999999999
0 0.7533880771428572 0.58690738 0.007768940000000027 0.06780053999999999
0 0.10375477999999999 0.58690738 0.007768940000000006 0.06780053999999999
0 0.9608976371428571 0.58690738 0.007768940000000027 0.06780053999999999
0 0.37222037999999996 0.70304709 0.009513834285714324 0.09142135999999994
0 0.657934665 0.70304709 0.009513832857142818 0.09142135999999994
0 0.19920819214285718 0.70304709 0.009513832857142858 0.09142135999999994
0 0.7706367628571429 0.70304709 0.009513834285714243 0.09142135999999994
0 0.08650609428571428 0.70304709 0.009513834285714284 0.09142135999999994
0 0.9436489514285714 0.70304709 0.009513834285714243 0.09142135999999994
0 0.3618354335714286 0.74744549 0.009347655714285728 0.0874845599999999
0 0.6475497185714286 0.74744549 0.009347654285714303 0.0874845599999999
0 0.20959313857142856 0.74744549 0.009347654285714262 0.0874845599999999
0 0.7810217092857143 0.74744549 0.009347655714285728 0.0874845599999999
0 0.07612114785714286 0.74744549 0.009347655714285717 0.0874845599999999
0 0.933264005 0.74744549 0.009347655714285728 0.0874845599999999
0 0.3568630664285714 0.8176320250000001 0.009721558571428578 0.09229620999999995
0 0.6425773521428572 0.8176320250000001 0.009721558571428496 0.09229620999999995
0 0.214565505 0.8176320250000001 0.009721558571428578 0.09229620999999995
0 0.7859940764285714 0.8176320250000001 0.009721558571428496 0.09229620999999995
0 0.07114878071428572 0.8176320250000001 0.009721558571428568 0.09229620999999995
0 0.9282916378571429 0.8176320250000001 0.009721558571428496 0.09229620999999995
0 0.35089000857142855 0.75726769 0.009264565714285716 0.09492074000000002
0 0.6366042942857143 0.75726769 0.009264565714285758 0.09492074000000002
0 0.2205385628571429 0.75726769 0.009264565714285716 0.09492074000000002
0 0.7919671342857142 0.75726769 0.009264565714285676 0.09492074000000002
0 0.06517572285714286 0.75726769 0.009264565714285708 0.09492074000000002
0 0.92231858 0.75726769 0.009264565714285676 0.09492074000000002
0 0.34555999785714286 0.8457288349999998 0.009555384285714256 0.09710785000000001
0 0.6312742835714286 0.8457288349999998 0.009555384285714256 0.09710785000000001
0 0.22586857357142856 0.8457288349999998 0.009555384285714256 0.09710785000000001
0 0.797297145 0.8457288349999998 0.00955538428571442 0.09710785000000001
0 0.059845712142857145 0.8457288349999998 0.009555384285714277 0.09710785000000001
0 0.9169885692857143 0.8457288349999998 0.00955538428571442 0.09710785000000001
0 0.33097309785714285 0.84813466 0.00968001857142858 0.09142136000000008
0 0.6166873835714286 0.84813466 0.00968001857142854 0.09142136000000008
0 0.24045547357142855 0.84813466 0.00968001857142858 0.09142136000000008
0 0.811884045 0.84813466 0.009680018571428459 0.09142136000000008
0 0.04525881214285714 0.84813466 0.009680018571428575 0.09142136000000008
0 0.9024016692857143 0.84813466 0.009680018571428459 0.09142136000000008
0 0.31865496428571427 0.8562269900000001 0.009721560000000002 0.09360845999999995
0 0.6043692500000001 0.8562269900000001 0.009721560000000002 0.09360845999999995
0 0.2527736071428572 0.8562269900000001 0.009721560000000002 0.09360845999999995
0 0.8242021785714285 0.8562269900000001 0.00972155999999992 0.09360845999999995
0 0.03294067857142857 0.8562269900000001 0.009721559999999997 0.09360845999999995
0 0.8900835357142858 0.8562269900000001 0.00972155999999992 0.09360845999999995
0 0.3075035471428571 0.82626353 0.00938920285714285 0.08792196000000004
0 0.5932178328571428 0.82626353 0.00938920285714289 0.08792196000000004
0 0.2639250242857143 0.82626353 0.00938920285714285 0.08792196000000004
0 0.8353535957142857 0.82626353 0.00938920285714289 0.08792196000000004
0 0.02178926142857143 0.82626353 0.009389202857142856 0.08792196000000004
0 0.8789321185714285 0.82626353 0.00938920285714289 0.08792196000000004
0 0.29774044 0.807454345 0.009306108571428565 0.0861722900000001
0 0.5834547257142858 0.807454345 0.009306108571428565 0.0861722900000001
0 0.27368813142857146 0.807454345 0.009306108571428565 0.0861722900000001
0 0.8451167028571428 0.807454345 0.009306108571428565 0.0861722900000001
0 0.012026154285714285 0.807454345 0.009306108571428572 0.0861722900000001
0 0.8691690114285715 0.807454345 0.009306108571428565 0.0861722900000001
0 0.28913079214285714 0.814234395 0.006833012857142852 0.08223546999999996
0 0.5748450778571428 0.814234395 0.0068330128571428925 0.08223546999999996
0 0.2822977792857143 0.814234395 0.006833012857142852 0.08223546999999996
0 0.8537263507142857 0.814234395 0.006833012857142811 0.08223546999999996
0 0.0034165064285714285 0.814234395 0.006833012857142857 0.08223546999999996
0 0.8605593635714286 0.814234395 0.006833012857142811 0.08223546999999996
0 0.2930458385714286 0.70640969 0.008890657142857167 0.08967165999999992
0 0.5787601242857142 0.70640969 0.008890657142857127 0.08967165999999992
0 0.2783827328571428 0.70640969 0.008890657142857167 0.08967165999999992
0 0.8498113042857144 0.70640969 0.008890657142857208 0.08967165999999992
0 0.007331552857142857 0.70640969 0.008890657142857143 0.08967165999999992
0 0.8644744099999999 0.70640969 0.008890657142857208 0.08967165999999992
0 0.30201958714285715 0.7245627400000001 0.009472291428571436 0.08923423999999996
0 0.587733872857143 0.7245627400000001 0.009472291428571436 0.08923423999999996
0 0.2694089842857143 0.7245627400000001 0.009472291428571436 0.08923423999999996
0 0.8408375557142859 0.7245627400000001 0.009472291428571518 0.08923423999999996
0 0.016305301428571426 0.7245627400000001 0.009472291428571429 0.08923423999999996
0 0.8734481585714284 0.7245627400000001 0.009472291428571518 0.08923423999999996
0 0.312291625 0.7497145449999999 0.009077610000000017 0.09054648999999998
0 0.5980059107142857 0.7497145449999999 0.009077610000000017 0.09054648999999998
0 0.25913694642857144 0.7497145449999999 0.009077610000000017 0.09054648999999998
0 0.8305655178571428 0.7497145449999999 0.009077610000000017 0.09054648999999998
0 0.026577339285714287 0.7497145449999999 0.00907761 0.09054648999999998
0 0.8837201964285714 0.7497145449999999 0.009077610000000017 0.09054648999999998
0 0.2998302621428572 0.57177334 0.008599841428571437 0.08967165999999999
0 0.5855445478571429 0.57177334 0.008599841428571398 0.08967165999999999
0 0.27159830928571427 0.57177334 0.008599841428571437 0.08967165999999999
0 0.8430268807142859 0.57177334 0.008599841428571477 0.08967165999999999
0 0.014115976428571429 0.57177334 0.008599841428571429 0.08967165999999999
0 0.8712588335714284 0.57177334 0.008599841428571477 0.08967165999999999
0 0.304400225 0.48422073 0.00893220428571429 0.08879681999999996
0 0.5901145107142858 0.48422073 0.00893220428571429 0.08879681999999996
0 0.26702834642857143 0.48422073 0.00893220428571429 0.08879681999999996
0 0.8384569178571428 0.48422073 0.008932204285714208 0.08879681999999996
0 0.018685939285714288 0.48422073 0.008932204285714285 0.08879681999999996
0 0.8758287964285715 0.48422073 0.008932204285714208 0.08879681999999996
0 0.31311432 0.507622855 0.008329797142857111 0.08223548999999998
0 0.5988286057142858 0.507622855 0.008329797142857193 0.08223548999999998
0 0.25831425142857145 0.507622855 0.008329797142857111 0.08223548999999998
0 0.8297428228571428 0.507622855 0.008329797142857193 0.08223548999999998
0 0.027400034285714286 0.507622855 0.008329797142857141 0.08223548999999998
0 0.8845428914285715 0.507622855 0.008329797142857193 0.08223548999999998
0 0.32068592142857144 0.577829195 0.009430748571428588 0.09404589000000002
0 0.6064002071428571 0.577829195 0.00943074857142863 0.09404589000000002
0 0.25074265 0.577829195 0.009430748571428588 0.09404589000000002
0 0.8221712214285715 0.577829195 0.009430748571428466 0.09404589000000002
0 0.034971635714285715 0.577829195 0.009430748571428569 0.09404589000000002
0 0.8921144928571428 0.577829195 0.009430748571428466 0.09404589000000002
0 0.33597453285714285 0.57520466 0.010095465714285703 0.09929496
0 0.6216888185714285 0.57520466 0.010095465714285703 0.09929496
0 0.23545403857142858 0.57520466 0.010095465714285703 0.09929496
0 0.80688261 0.57520466 0.010095465714285703 0.09929496
0 0.050260247142857144 0.57520466 0.010095465714285717 0.09929496
0 0.9074031042857144 0.57520466 0.010095465714285703 0.09929496
0 0.31254307428571426 0.382383815 0.010012379999999967 0.09098393000000002
0 0.5982573600000001 0.382383815 0.010012380000000008 0.09098393000000002
0 0.25888549714285713 0.382383815 0.010012379999999967 0.09098393000000002
0 0.8303140685714285 0.382383815 0.010012380000000088 0.09098393000000002
0 0.026828788571428574 0.382383815 0.01001238 0.09098393000000002
0 0.8839716457142858 0.382383815 0.010012380000000088 0.09098393000000002
0 0.317237675 0.44646625 0.008267478571428585 0.06517600000000001
0 0.6029519607142857 0.44646625 0.008267478571428585 0.06517600000000001
0 0.25419089642857146 0.44646625 0.008267478571428585 0.06517600000000001
0 0.8256194678571429 0.44646625 0.008267478571428424 0.06517600000000001
0 0.031523389285714284 0.44646625 0.008267478571428575 0.06517600000000001
0 0.8886662464285714 0.44646625 0.008267478571428424 0.06517600000000001
0 0.3217453221428571 0.40447366500000004 0.008225938571428587 0.07829867
0 0.6074596078571428 0.40447366500000004 0.008225938571428547 0.07829867
0 0.2496832492857143 0.40447366500000004 0.008225938571428587 0.07829867
0 0.8211118207142857 0.40447366500000004 0.008225938571428547 0.07829867
0 0.036031036428571424 0.40447366500000004 0.008225938571428571 0.07829867
0 0.8931738935714286 0.40447366500000004 0.008225938571428547 0.07829867
0 0.3244457542857143 0.35936789 0.008724477142857146 0.09131886000000002
0 0.61016004 0.35936789 0.008724477142857106 0.09131886000000002
0 0.24698281714285714 0.35936789 0.008724477142857146 0.09131886000000002
0 0.8184113885714286 0.35936789 0.008724477142857267 0.09131886000000002
0 0.038731468571428576 0.35936789 0.00872447714285714 0.09131886000000002
0 0.8958743257142857 0.35936789 0.008724477142857267 0.09131886000000002
0 0.3277693664285714 0.28142175 0.010137010000000016 0.10016982000000002
0 0.6134836521428572 0.28142175 0.010137010000000016 0.10016982000000002
0 0.243659205 0.28142175 0.010137010000000016 0.10016982000000002
0 0.8150877764285714 0.28142175 0.010137009999999853 0.10016982000000002
0 0.042055080714285716 0.28142175 0.010137010000000005 0.10016982000000002
0 0.8991979378571429 0.28142175 0.010137009999999853 0.10016982000000002
0 0.33166422285714287 0.388877095 0.008038985714285697 0.08398516999999998
0 0.6173785085714286 0.388877095 0.008038985714285738 0.08398516999999998
0 0.23976434857142856 0.388877095 0.008038985714285697 0.08398516999999998
0 0.8111929199999999 0.388877095 0.008038985714285738 0.08398516999999998
0 0.04594993714285714 0.388877095 0.008038985714285712 0.08398516999999998
0 0.9030927942857144 0.388877095 0.008038985714285738 0.08398516999999998
0 0.3409184028571428 0.45805795000000005 0.009015294285714301 0.09010910000000003
0 0.6266326885714285 0.45805795000000005 0.00901529428571426 0.09010910000000003
0 0.2305101685714286 0.45805795000000005 0.009015294285714301 0.09010910000000003
0 0.80193874 0.45805795000000005 0.00901529428571426 0.09010910000000003
0 0.05520411714285714 0.45805795000000005 0.00901529428571428 0.09010910000000003
0 0.9123469742857143 0.45805795000000005 0.00901529428571426 0.09010910000000003
0 0.33933968785714286 0.2812711 0.010261649999999999 0.10148208
0 0.6250539735714287 0.2812711 0.010261649999999999 0.10148208
0 0.23208888357142857 0.2812711 0.010261649999999999 0.10148208
0 0.803517455 0.2812711 0.01026165000000008 0.10148208
0 0.053625402142857145 0.2812711 0.010261649999999999 0.10148208
0 0.9107682592857141 0.2812711 0.01026165000000008 0.10148208
0 0.34567090357142854 0.39018936499999995 0.009555381428571447 0.09360847
0 0.6313851892857143 0.39018936499999995 0.009555381428571406 0.09360847
0 0.22575766785714288 0.39018936499999995 0.009555381428571447 0.09360847
0 0.7971862392857143 0.39018936499999995 0.009555381428571406 0.09360847
0 0.05995661785714286 0.39018936499999995 0.009555381428571437 0.09360847
0 0.917099475 0.39018936499999995 0.009555381428571406 0.09360847
0 0.3510094542857143 0.29461250499999997 0.010427828571428556 0.10716857
0 0.63672374 0.29461250499999997 0.010427828571428596 0.10716857
0 0.22041911714285717 0.29461250499999997 0.010427828571428556 0.10716857
0 0.7918476885714286 0.29461250499999997 0.010427828571428596 0.10716857
0 0.06529516857142857 0.29461250499999997 0.010427828571428575 0.10716857
0 0.9224380257142856 0.29461250499999997 0.010427828571428596 0.10716857
0 0.3439883257142857 0.18796395 0.01034474000000001 0.10060726000000003
0 0.6297026114285714 0.18796395 0.010344739999999969 0.10060726000000003
0 0.2274402457142857 0.18796395 0.01034474000000001 0.10060726000000003
0 0.7988688171428572 0.18796395 0.010344740000000132 0.10060726000000003
0 0.05827403999999999 0.18796395 0.01034474 0.10060726000000003
0 0.9154168971428571 0.18796395 0.010344740000000132 0.10060726000000003
0 0.35628568714285713 0.21158475499999999 0.011009459999999974 0.11110537
0 0.6419999728571429 0.21158475499999999 0.011009459999999974 0.11110537
0 0.2151428842857143 0.21158475499999999 0.011009459999999974 0.11110537
0 0.7865714557142857 0.21158475499999999 0.011009460000000054 0.11110537
0 0.07057140142857142 0.21158475499999999 0.011009460000000004 0.11110537
0 0.9277142585714286 0.21158475499999999 0.011009460000000054 0.11110537
0 0.358022175 0.33752222000000004 0.008849112857142854 0.09667043999999997
0 0.6437364607142857 0.33752222000000004 0.008849112857142894 0.09667043999999997
0 0.21340639642857143 0.33752222000000004 0.008849112857142854 0.09667043999999997
0 0.7848349678571429 0.33752222000000004 0.008849112857142894 0.09667043999999997
0 0.07230788928571429 0.33752222000000004 0.008849112857142865 0.09667043999999997
0 0.9294507464285714 0.33752222000000004 0.008849112857142894 0.09667043999999997
0 0.3636853792857143 0.229472845 0.007685850000000017 0.09448331
0 0.649399665 0.229472845 0.007685849999999976 0.09448331
0 0.20774319214285714 0.229472845 0.007685850000000017 0.09448331
0 0.7791717635714286 0.229472845 0.007685849999999976 0.09448331
0 0.07797109357142858 0.229472845 0.007685849999999996 0.09448331
0 0.9351139507142857 0.229472845 0.007685849999999976 0.09448331
0 0.3655149614285714 0.41327626500000003 0.009264562857142868 0.09518641000000003
0 0.6512292471428571 0.41327626500000003 0.009264562857142826 0.09518641000000003
0 0.20591360999999997 0.41327626500000003 0.009264562857142868 0.09518641000000003
0 0.7773421814285715 0.41327626500000003 0.009264562857142826 0.09518641000000003
0 0.07980067571428572 0.41327626500000003 0.009264562857142857 0.09518641000000003
0 0.9369435328571428 0.41327626500000003 0.009264562857142826 0.09518641000000003
0 0.37216218285714286 0.141463945 0.008599845714285754 0.08052350999999999
0 0.6578764685714286 0.141463945 0.008599845714285754 0.08052350999999999
0 0.19926638857142856 0.141463945 0.008599845714285712 0.08052350999999999
0 0.77069496 0.141463945 0.00859984571428559 0.08052350999999999
0 0.08644789714285714 0.141463945 0.008599845714285712 0.08052350999999999
0 0.9435907542857143 0.141463945 0.00859984571428559 0.08052350999999999
0 0.37666983 0.22021890499999996 0.008558300000000015 0.08573485000000002
0 0.6623841157142857 0.22021890499999996 0.008558300000000015 0.08573485000000002
0 0.19475874142857144 0.22021890499999996 0.008558300000000015 0.08573485000000002
0 0.7661873128571428 0.22021890499999996 0.008558299999999852 0.08573485000000002
0 0.09095554428571428 0.22021890499999996 0.008558300000000005 0.08573485000000002
0 0.9480984014285715 0.22021890499999996 0.008558299999999852 0.08573485000000002
0 0.3724322271428572 0.31490504 0.008059757142857182 0.08532920000000005
0 0.6581465128571429 0.31490504 0.008059757142857182 0.08532920000000005
0 0.19899634428571428 0.31490504 0.008059757142857142 0.08532920000000005
0 0.7704249157142856 0.31490504 0.008059757142857019 0.08532920000000005
0 0.08671794142857144 0.31490504 0.008059757142857142 0.08532920000000005
0 0.9438607985714287 0.31490504 0.008059757142857019 0.08532920000000005
0 0.35330332 0.491208265 0.01071864571428571 0.10366915000000006
0 0.6390176057142857 0.491208265 0.010718645714285751 0.10366915000000006
0 0.21812525142857145 0.491208265 0.01071864571428571 0.10366915000000006
0 0.7895538228571428 0.491208265 0.010718645714285751 0.10366915000000006
0 0.06758903428571429 0.491208265 0.01071864571428572 0.10366915000000006
0 0.9247318914285714 0.491208265 0.010718645714285751 0.10366915000000006
0 0.37004601 0.443907425 0.007727394285714208 0.07666730999999999
0 0.6557602957142856 0.443907425 0.007727394285714208 0.07666730999999999
0 0.20138256142857142 0.443907425 0.0077273942857142884 0.07666730999999999
0 0.7728111328571429 0.443907425 0.0077273942857142884 0.07666730999999999
0 0.08433172428571428 0.443907425 0.0077273942857142884 0.07666730999999999
0 0.9414745814285714 0.443907425 0.0077273942857142884 0.07666730999999999
0 0.3786582935714286 0.4231890199999999 0.008367235714285682 0.08486004000000001
0 0.6643725792857144 0.4231890199999999 0.008367235714285682 0.08486004000000001
0 0.19277027785714285 0.4231890199999999 0.008367235714285723 0.08486004000000001
0 0.7641988492857142 0.4231890199999999 0.0083672357142856 0.08486004000000001
0 0.09294400785714285 0.4231890199999999 0.008367235714285723 0.08486004000000001
0 0.9500868650000001 0.4231890199999999 0.0083672357142856 0.08486004000000001
0 0.38199023571428564 0.45784648000000006 0.008682934285714297 0.0794088
0 0.6677045214285714 0.45784648000000006 0.008682934285714297 0.0794088
0 0.1894383357142857 0.45784648000000006 0.008682934285714258 0.0794088
0 0.7608669071428572 0.45784648000000006 0.008682934285714218 0.0794088
0 0.09627595000000001 0.45784648000000006 0.008682934285714278 0.0794088
0 0.9534188071428571 0.45784648000000006 0.008682934285714218 0.0794088
0 0.3443891257142857 0.561306255 0.007644302857142853 0.08311032999999995
0 0.6301034114285714 0.561306255 0.007644302857142813 0.08311032999999995
0 0.22703944571428572 0.561306255 0.007644302857142853 0.08311032999999995
0 0.7984680171428571 0.561306255 0.007644302857142813 0.08311032999999995
0 0.058674840000000006 0.561306255 0.007644302857142863 0.08311032999999995
0 0.9158176971428572 0.561306255 0.007644302857142813 0.08311032999999995
0 0.35560631214285715 0.617733785 0.009555381428571406 0.09360848999999995
0 0.6413205978571429 0.617733785 0.009555381428571406 0.09360848999999995
0 0.21582225928571427 0.617733785 0.009555381428571406 0.09360848999999995
0 0.7872508307142857 0.617733785 0.009555381428571569 0.09360848999999995
0 0.06989202642857142 0.617733785 0.009555381428571427 0.09360848999999995
0 0.9270348835714286 0.617733785 0.009555381428571569 0.09360848999999995
0 0.3613187685714286 0.562181095 0.010095468571428552 0.09273362999999996
0 0.6470330542857142 0.562181095 0.010095468571428552 0.09273362999999996
0 0.21010980285714287 0.562181095 0.010095468571428552 0.09273362999999996
0 0.7815383742857143 0.562181095 0.010095468571428552 0.09273362999999996
0 0.07560448285714286 0.562181095 0.010095468571428573 0.09273362999999996
0 0.93274734 0.562181095 0.010095468571428552 0.09273362999999996
0 0.3671350885714285 0.5676489 0.00619022571428571 0.08442261999999999
0 0.6528493742857142 0.5676489 0.00619022571428567 0.08442261999999999
0 0.20429348285714288 0.5676489 0.00619022571428571 0.08442261999999999
0 0.7757220542857142 0.5676489 0.006190225714285751 0.08442261999999999
0 0.08142080285714286 0.5676489 0.00619022571428571 0.08442261999999999
0 0.9385636600000001 0.5676489 0.006190225714285751 0.08442261999999999
0 0.3758387935714286 0.57224183 0.008807570000000006 0.09273366000000002
0 0.6615530792857143 0.57224183 0.008807570000000006 0.09273366000000002
0 0.19558977785714288 0.57224183 0.008807570000000006 0.09273366000000002
0 0.7670183492857143 0.57224183 0.008807570000000006 0.09273366000000002
0 0.09012450785714285 0.57224183 0.008807569999999995 0.09273366000000002
0 0.947267365 0.57224183 0.008807570000000006 0.09273366000000002
0 0.3810680007142857 0.29657062500000003 0.007810487142857109 0.08358007000000005
0 0.6667822864285714 0.29657062500000003 0.007810487142857109 0.08358007000000005
0 0.19036057071428575 0.29657062500000003 0.007810487142857149 0.08358007000000005
0 0.7617891421428572 0.29657062500000003 0.00781048714285719 0.08358007000000005
0 0.095353715 0.29657062500000003 0.007810487142857149 0.08358007000000005
0 0.9524965721428571 0.29657062500000003 0.00781048714285719 0.08358007000000005
0 0.39101806214285717 0.290566665 0.008849112857142894 0.08442259000000003
0 0.6767323478571429 0.290566665 0.008849112857142894 0.08442259000000003
0 0.18041050928571428 0.290566665 0.008849112857142854 0.08442259000000003
0 0.7518390807142857 0.290566665 0.008849112857142894 0.08442259000000003
0 0.10530377642857143 0.290566665 0.008849112857142854 0.08442259000000003
0 0.9624466335714286 0.290566665 0.008849112857142894 0.08442259000000003
0 0.3846408821428572 0.340651575 0.007893575714285735 0.09535814999999999
0 0.6703551678571429 0.340651575 0.007893575714285735 0.09535814999999999
0 0.1867876892857143 0.340651575 0.007893575714285735 0.09535814999999999
0 0.7582162607142858 0.340651575 0.007893575714285655 0.09535814999999999
0 0.09892659642857142 0.340651575 0.007893575714285716 0.09535814999999999
0 0.9560694535714285 0.340651575 0.007893575714285655 0.09535814999999999
0 0.40054001357142854 0.28577617 0.008101301428571414 0.08967170000000003
0 0.6862542992857142 0.28577617 0.008101301428571414 0.08967170000000003
0 0.17088855785714288 0.28577617 0.008101301428571434 0.08967170000000003
0 0.7423171292857144 0.28577617 0.008101301428571494 0.08967170000000003
0 0.11482572785714285 0.28577617 0.008101301428571434 0.08967170000000003
0 0.9719685849999999 0.28577617 0.008101301428571494 0.08967170000000003
0 0.39206480499999996 0.15754323499999998 0.0063564071428571164 0.06430114999999999
0 0.6777790907142857 0.15754323499999998 0.0063564071428571164 0.06430114999999999
0 0.17936376642857144 0.15754323499999998 0.006356407142857157 0.06430114999999999
0 0.7507923378571428 0.15754323499999998 0.0063564071428571164 0.06430114999999999
0 0.10635051928571429 0.15754323499999998 0.006356407142857157 0.06430114999999999
0 0.9634933764285714 0.15754323499999998 0.0063564071428571164 0.06430114999999999
0 0.37816795499999994 0.10542186 0.005816318571428627 0.0616766
0 0.6638822407142857 0.10542186 0.005816318571428627 0.0616766
0 0.19326061642857142 0.10542186 0.005816318571428545 0.0616766
0 0.7646891878571429 0.10542186 0.005816318571428545 0.0616766
0 0.09245366928571429 0.10542186 0.0058163185714285755 0.0616766
0 0.9495965264285714 0.10542186 0.005816318571428545 0.0616766
0 0.37486512142857137 0.04702592 0.006107134285714356 0.07348702000000001
0 0.6605794071428571 0.04702592 0.006107134285714356 0.07348702000000001
0 0.19656345 0.04702592 0.0061071342857142745 0.07348702000000001
0 0.7679920214285715 0.04702592 0.0061071342857142745 0.07348702000000001
0 0.08915083571428571 0.04702592 0.006107134285714285 0.07348702000000001
0 0.9462936928571428 0.04702592 0.0061071342857142745 0.07348702000000001
0 0.42474328999999994 0.4790714300000001 0.007656277142857155 0.11679188000000003
0 0.7104575757142857 0.4790714300000001 0.007656277142857155 0.11679188000000003
0 0.14668528142857143 0.4790714300000001 0.007656277142857135 0.11679188000000003
0 0.7181138528571429 0.4790714300000001 0.007656277142857155 0.11679188000000003
0 0.13902900428571427 0.4790714300000001 0.007656277142857135 0.11679188000000003
0 0.9961718614285714 0.4790714300000001 0.007656277142857075 0.11679188000000003
0 0.42316758428571427 0.33286777 0.007491574285714283 0.07323256
0 0.70888187 0.33286777 0.007491574285714283 0.07323256
0 0.14826098714285715 0.33286777 0.007491574285714283 0.07323256
0 0.7196895585714286 0.33286777 0.007491574285714283 0.07323256
0 0.13745329857142857 0.33286777 0.007491574285714283 0.07323256
0 0.9945961557142857 0.33286777 0.007491574285714445 0.07323256
0 0.33776954071428567 0.035764575 0.0065293500000000145 0.07152915
0 0.6234838264285715 0.035764575 0.006529349999999974 0.07152915
0 0.23365903071428573 0.035764575 0.0065293500000000145 0.07152915
0 0.8050876021428571 0.035764575 0.006529350000000054 0.07152915
0 0.052055254999999995 0.035764575 0.006529350000000004 0.07152915
0 0.9091981121428572 0.035764575 0.006529350000000054 0.07152915