0 0.34453125 0.2625 0.0609375 0.078125
0 0.39609375 0.23515625 0.0625 0.090625
0 0.0515625 0.64609375 0.078125 0.0875
0 0.125 0.62109375 0.05 0.0671875
0 0.11171875 0.67109375 0.059375 0.0640625
0 0.19765625 0.4296875 0.059375 0.075
0 0.28046875 0.3484375 0.059375 0.078125
0 0.25546875 0.41015625 0.059375 0.0734375
0 0.203125 0.5390625 0.065625 0.075
0 0.18046875 0.60390625 0.0640625 0.075
0 0.171875 0.66015625 0.059375 0.0671875
0 0.153125 0.73125 0.059375 0.0625
0 0.146875 0.78984375 0.0578125 0.059375
0 0.33203125 0.3671875 0.065625 0.084375
0 0.296875 0.45 0.0640625 0.08125
0 0.37421875 0.43828125 0.0671875 0.084375
0 0.3453125 0.509375 0.065625 0.0796875
0 0.32421875 0.578125 0.065625 0.075
0 0.2625 0.5234375 0.0640625 0.078125
0 0.2515625 0.59296875 0.0640625 0.0734375
0 0.22890625 0.65234375 0.0609375 0.06875
0 0.2109375 0.7234375 0.0578125 0.0671875
0 0.1984375 0.7796875 0.0578125 0.065625
0 0.1953125 0.83125 0.05625 0.05625
0 0.24453125 0.86328125 0.0546875 0.0515625
0 0.28828125 0.89609375 0.0578125 0.0515625
0 0.29765625 0.846875 0.05625 0.0546875
0 0.246875 0.8171875 0.05625 0.059375
0 0.26171875 0.76328125 0.0609375 0.0625
0 0.2765625 0.7046875 0.0609375 0.065625
0 0.31328125 0.79453125 0.0546875 0.0578125
0 0.353125 0.83515625 0.0546875 0.0578125
0 0.36953125 0.7875 0.0546875 0.0578125
0 0.3265625 0.7453125 0.0578125 0.059375
0 0.35 0.690625 0.059375 0.0671875
0 0.3015625 0.64296875 0.0625 0.0703125
0 0.475 0.23203125 0.071875 0.09375
0 0.440625 0.315625 0.0703125 0.0890625
0 0.3828125 0.33828125 0.0625 0.0828125
0 0.434375 0.40703125 0.0671875 0.0859375
0 0.42890625 0.49140625 0.0671875 0.0828125
0 0.396875 0.56328125 0.0640625 0.075
0 0.3703125 0.62890625 0.0625 0.06875
0 0.41015625 0.68125 0.0578125 0.0671875
0 0.3859375 0.7328125 0.0578125 0.0625
0 0.42265625 0.78359375 0.0546875 0.0609375
0 0.40625 0.8296875 0.05625 0.05625
0 0.459375 0.8359375 0.0546875 0.05625
0 0.478125 0.79140625 0.0546875 0.0609375
0 0.5125 0.83515625 0.0546875 0.0578125
0 0.440625 0.7328125 0.0578125 0.0625
0 0.49921875 0.73515625 0.0578125 0.0640625
0 0.55703125 0.7359375 0.059375 0.065625
0 0.54921875 0.24765625 0.075 0.1
0 0.62109375 0.2453125 0.06875 0.1
0 0.68671875 0.2703125 0.0734375 0.09375
0 0.5140625 0.33203125 0.0671875 0.0875
0 0.590625 0.3328125 0.0703125 0.090625
0 0.6546875 0.353125 0.0671875 0.0875
0 0.71953125 0.33515625 0.0671875 0.0859375
0 0.50078125 0.4203125 0.0671875 0.0890625
0 0.56640625 0.41953125 0.0703125 0.0859375
0 0.63046875 0.4375 0.0671875 0.0828125
0 0.69609375 0.4234375 0.065625 0.0828125
0 0.76796875 0.3984375 0.06875 0.0859375
0 0.82265625 0.42890625 0.0671875 0.0859375
0 0.7609375 0.47734375 0.0671875 0.0765625
0 0.8421875 0.503125 0.0703125 0.078125
0 0.50390625 0.50390625 0.0640625 0.0796875
0 0.571875 0.50390625 0.0640625 0.078125
0 0.634375 0.5234375 0.0671875 0.078125
0 0.6984375 0.50546875 0.0625 0.078125
0 0.4609375 0.55859375 0.0640625 0.0734375
0 0.5359375 0.56640625 0.0625 0.078125
0 0.78515625 0.54921875 0.0640625 0.075
0 0.8296875 0.58203125 0.0640625 0.071875
0 0.76875 0.61796875 0.059375 0.0703125
0 0.7234375 0.56953125 0.059375 0.075
0 0.66171875 0.5828125 0.0609375 0.0703125
0 0.5984375 0.59140625 0.0640625 0.075
0 0.49375 0.62421875 0.0640625 0.075
0 0.43125 0.621875 0.0609375 0.071875
0 0.46953125 0.68203125 0.059375 0.0671875
0 0.528125 0.67578125 0.059375 0.071875
0 0.5859375 0.65703125 0.0609375 0.06875
0 0.6484375 0.65546875 0.0609375 0.0671875
0 0.709375 0.63984375 0.0578125 0.0671875
0 0.81015625 0.65078125 0.0609375 0.0671875
0 0.74140625 0.6890625 0.059375 0.0671875
0 0.78828125 0.70859375 0.0578125 0.065625
0 0.68359375 0.70390625 0.059375 0.0625
0 0.71328125 0.75 0.05625 0.0640625
0 0.7609375 0.76796875 0.0578125 0.0625
0 0.61328125 0.71328125 0.059375 0.0640625
0 0.53359375 0.78359375 0.0578125 0.059375
0 0.590625 0.7828125 0.059375 0.065625
0 0.56796875 0.8265625 0.0546875 0.0578125
0 0.5546875 0.86328125 0.0578125 0.046875
0 0.4453125 0.8671875 0.053125 0.040625
0 0.346875 0.878125 0.0546875 0.0453125
0 0.6109375 0.87109375 0.0546875 0.05625
0 0.66328125 0.8609375 0.0578125 0.0609375
0 0.62109375 0.815625 0.05625 0.0546875
0 0.64765625 0.75859375 0.059375 0.065625
0 0.6765625 0.80234375 0.0578125 0.0625
0 0.72421875 0.82421875 0.05625 0.0625
0 0.8828125 0.50625 0.0484375 0.0734375
0 0.9515625 0.51953125 0.065625 0.0703125
0 0.9375 0.58984375 0.05625 0.0625
0 0.953125 0.7046875 0.0515625 0.05625