0 0.39663461538461536 0.2776442307692308 0.16346153846153846 0.22355769230769232
0 0.6586538461538461 0.7283653846153846 0.11538461538461539 0.13221153846153846
0 0.5120192307692307 0.7463942307692307 0.1658653846153846 0.16826923076923078
0 0.3449519230769231 0.7596153846153846 0.16346153846153846 0.19471153846153846
0 0.1778846153846154 0.7692307692307693 0.16346153846153846 0.21394230769230768
0 0.04447115384615385 0.7800480769230769 0.0889423076923077 0.23557692307692307
0 0.6057692307692307 0.8966346153846154 0.16346153846153846 0.20673076923076922
0 0.43509615384615385 0.8990384615384616 0.16346153846153846 0.20192307692307693
0 0.27283653846153844 0.9110576923076923 0.1658653846153846 0.1778846153846154
0 0.09495192307692307 0.9170673076923077 0.17067307692307693 0.1658653846153846
0 0.01201923076923077 0.9326923076923077 0.02403846153846154 0.1346153846153846
0 0.8834134615384616 0.7560096153846154 0.19951923076923078 0.1875