0 0.0578125 0.215625 0.096875 0.075
0 0.15078125 0.23125 0.1078125 0.0796875
0 0.26640625 0.2234375 0.090625 0.065625
0 0.36953125 0.18046875 0.09375 0.0765625
0 0.5140625 0.1875 0.0953125 0.075
0 0.80234375 0.2109375 0.09375 0.075
0 0.08984375 0.340625 0.090625 0.0671875
0 0.19140625 0.36484375 0.090625 0.06875
0 0.28828125 0.33125 0.096875 0.0703125
0 0.4171875 0.34375 0.0890625 0.0671875
0 0.52734375 0.3421875 0.0796875 0.05625
0 0.38125 0.2578125 0.096875 0.0703125
0 0.47890625 0.253125 0.075 0.0515625
0 0.58515625 0.28203125 0.078125 0.0578125
0 0.69921875 0.2734375 0.0875 0.0625
0 0.88671875 0.3015625 0.0875 0.0609375
0 0.65703125 0.34375 0.0984375 0.075
0 0.78828125 0.3703125 0.0859375 0.065625
0 0.88984375 0.39375 0.096875 0.0734375
0 0.05625 0.4328125 0.103125 0.0734375
0 0.16171875 0.45390625 0.0953125 0.071875
0 0.26171875 0.47578125 0.09375 0.0625
0 0.38671875 0.4265625 0.103125 0.075
0 0.50390625 0.4390625 0.1 0.071875
0 0.60703125 0.425 0.0984375 0.075
0 0.696875 0.41875 0.0984375 0.0703125
0 0.0734375 0.5359375 0.08125 0.0625
0 0.22578125 0.5453125 0.1 0.071875
0 0.33359375 0.5203125 0.0984375 0.0734375
0 0.4453125 0.51875 0.1015625 0.078125
0 0.55390625 0.52109375 0.0984375 0.0703125
0 0.67421875 0.525 0.10625 0.071875
0 0.7796875 0.5109375 0.0890625 0.0625
0 0.92265625 0.509375 0.1046875 0.0765625
0 0.09296875 0.6015625 0.0953125 0.0671875
0 0.19765625 0.603125 0.096875 0.0703125
0 0.3 0.584375 0.08125 0.059375
0 0.41953125 0.5875 0.1 0.071875
0 0.52890625 0.60703125 0.0875 0.0609375
0 0.65 0.59375 0.0984375 0.071875
0 0.7734375 0.6046875 0.096875 0.0625
0 0.87734375 0.590625 0.090625 0.0625
0 0.06640625 0.6953125 0.1015625 0.0765625
0 0.18515625 0.68203125 0.1015625 0.071875
0 0.3078125 0.6859375 0.08125 0.059375
0 0.3953125 0.6765625 0.1 0.0734375
0 0.5 0.659375 0.09375 0.06875
0 0.61171875 0.67109375 0.0984375 0.0734375
0 0.71484375 0.66875 0.0875 0.059375
0 0.8734375 0.6890625 0.0828125 0.059375
0 0.93203125 0.15234375 0.03125 0.0234375
0 0.97578125 0.1296875 0.0375 0.025
0 0.97734375 0.1515625 0.034375 0.0265625
0 0.96484375 0.18046875 0.03125 0.025
0 0.93828125 0.21875 0.034375 0.0265625
0 0.98359375 0.2265625 0.03125 0.025
0 0.96015625 0.25078125 0.034375 0.025
0 0.94296875 0.2796875 0.0359375 0.0296875
0 0.98359375 0.28046875 0.03125 0.0234375
0 0.98984375 0.2515625 0.01875 0.0265625
0 0.99453125 0.19453125 0.009375 0.0296875