0 0.8078125 0.173046875 0.196875 0.28359375
0 0.58203125 0.15 0.1953125 0.290625
0 0.3734375 0.136328125 0.196875 0.27265625
0 0.46328125 0.385546875 0.1984375 0.28671875
0 0.2546875 0.370703125 0.196875 0.28515625
0 0.12734375 0.1421875 0.2046875 0.284375
0 0.6734375 0.406640625 0.190625 0.27890625
0 0.89375 0.43984375 0.190625 0.2765625
0 0.75859375 0.658984375 0.1890625 0.27421875
0 0.56328125 0.644921875 0.1921875 0.29296875
0 0.34375 0.631640625 0.2 0.30078125
0 0.14453125 0.614453125 0.1921875 0.28515625
0 0.06953125 0.856640625 0.1390625 0.24140625
0 0.23671875 0.8734375 0.1890625 0.253125
0 0.44453125 0.87109375 0.2015625 0.2578125
0 0.65546875 0.890625 0.1796875 0.21875
0 0.84765625 0.89609375 0.1734375 0.2078125