0 0.0875 0.4427083333333333 0.05625 0.10833333333333334
0 0.1390625 0.4322916666666667 0.06875 0.1125
0 0.20703125 0.434375 0.0640625 0.10833333333333334
0 0.28203125 0.45625 0.053125 0.09583333333333334
0 0.328125 0.4395833333333333 0.0625 0.10833333333333334
0 0.3875 0.45 0.0546875 0.10208333333333333
0 0.44296875 0.45 0.0546875 0.1
0 0.49765625 0.44583333333333336 0.05625 0.1
0 0.553125 0.4479166666666667 0.05625 0.1
0 0.1 0.565625 0.059375 0.10625
0 0.15859375 0.5625 0.065625 0.10833333333333334
0 0.22578125 0.5645833333333333 0.0578125 0.10416666666666667
0 0.2828125 0.559375 0.059375 0.10208333333333333
0 0.340625 0.5604166666666667 0.05625 0.10416666666666667
0 0.39609375 0.5614583333333333 0.0515625 0.09791666666666667
0 0.45078125 0.55625 0.0578125 0.10416666666666667
0 0.5078125 0.5541666666666667 0.059375 0.10416666666666667
0 0.55 0.5635416666666667 0.04375 0.09375
0 0.1109375 0.6854166666666667 0.053125 0.10416666666666667
0 0.1546875 0.6854166666666667 0.0625 0.10833333333333334
0 0.215625 0.6802083333333333 0.0625 0.10833333333333334
0 0.275 0.6802083333333333 0.0625 0.10833333333333334
0 0.33515625 0.6802083333333333 0.059375 0.10208333333333333
0 0.3921875 0.6770833333333334 0.05625 0.1
0 0.45078125 0.6770833333333334 0.0578125 0.10625
0 0.5078125 0.6729166666666667 0.05625 0.10625
0 0.559375 0.6708333333333333 0.053125 0.10208333333333333
0 0.61796875 0.6708333333333333 0.0578125 0.10416666666666667
0 0.61328125 0.553125 0.0578125 0.10208333333333333
0 0.6625 0.55625 0.05 0.1
0 0.71875 0.553125 0.053125 0.09791666666666667
0 0.76484375 0.553125 0.0484375 0.09791666666666667
0 0.80625 0.5520833333333334 0.04375 0.09375
0 0.8734375 0.5510416666666667 0.05 0.09583333333333334
0 0.67734375 0.6697916666666667 0.05625 0.10416666666666667
0 0.715625 0.6677083333333333 0.040625 0.09791666666666667
0 0.76171875 0.6666666666666666 0.0515625 0.09583333333333334
0 0.81796875 0.6635416666666667 0.053125 0.09791666666666667
0 0.8671875 0.6666666666666666 0.05 0.09583333333333334