0 0.06171875 0.42083333333333334 0.0453125 0.07916666666666666
0 0.1078125 0.41770833333333335 0.04375 0.07708333333333334
0 0.153125 0.41458333333333336 0.046875 0.07916666666666666
0 0.2 0.41354166666666664 0.046875 0.07916666666666666
0 0.2453125 0.41041666666666665 0.04375 0.07916666666666666
0 0.29609375 0.4114583333333333 0.0421875 0.075
0 0.33828125 0.41354166666666664 0.0421875 0.07291666666666667
0 0.38046875 0.4114583333333333 0.0421875 0.075
0 0.06875 0.515625 0.046875 0.07708333333333334
0 0.1171875 0.5114583333333333 0.04375 0.07708333333333334
0 0.16640625 0.5083333333333333 0.0421875 0.075
0 0.20546875 0.5072916666666667 0.0453125 0.07708333333333334
0 0.25078125 0.5041666666666667 0.04375 0.075
0 0.296875 0.503125 0.04375 0.07291666666666667
0 0.33984375 0.5041666666666667 0.040625 0.075
0 0.38046875 0.5052083333333334 0.0421875 0.075
0 0.0875 0.5947916666666667 0.034375 0.06875
0 0.10546875 0.6104166666666667 0.0453125 0.07916666666666666
0 0.15234375 0.609375 0.0453125 0.07708333333333334
0 0.19765625 0.6072916666666667 0.0453125 0.07708333333333334
0 0.24765625 0.5989583333333334 0.04375 0.07291666666666667
0 0.29140625 0.5979166666666667 0.0421875 0.075
0 0.33359375 0.5947916666666667 0.0421875 0.07291666666666667
0 0.37734375 0.590625 0.0421875 0.07291666666666667
0 0.4390625 0.4114583333333333 0.040625 0.07083333333333333
0 0.4421875 0.4979166666666667 0.0421875 0.075
0 0.44453125 0.5854166666666667 0.0421875 0.07083333333333333
0 0.4796875 0.41041666666666665 0.040625 0.07291666666666667
0 0.4828125 0.49583333333333335 0.0421875 0.075
0 0.484375 0.5833333333333334 0.040625 0.07083333333333333
0 0.5203125 0.409375 0.040625 0.07291666666666667
0 0.559375 0.4083333333333333 0.0390625 0.07083333333333333
0 0.59765625 0.409375 0.0390625 0.07083333333333333
0 0.6421875 0.409375 0.040625 0.07291666666666667
0 0.68984375 0.40625 0.0390625 0.07083333333333333
0 0.73046875 0.409375 0.0390625 0.07083333333333333
0 0.525 0.4979166666666667 0.04375 0.07083333333333333
0 0.56328125 0.4947916666666667 0.0359375 0.07083333333333333
0 0.60078125 0.4947916666666667 0.0390625 0.07291666666666667
0 0.63828125 0.49375 0.0390625 0.07083333333333333
0 0.678125 0.49375 0.0375 0.07083333333333333
0 0.52578125 0.5822916666666667 0.040625 0.07083333333333333
0 0.56796875 0.5822916666666667 0.0390625 0.07291666666666667
0 0.60703125 0.58125 0.0390625 0.07083333333333333
0 0.64453125 0.5802083333333333 0.0359375 0.06875
0 0.77265625 0.4114583333333333 0.0390625 0.07291666666666667
0 0.81953125 0.409375 0.0390625 0.07083333333333333
0 0.8578125 0.41041666666666665 0.0375 0.07083333333333333
0 0.8921875 0.4114583333333333 0.034375 0.06875
0 0.92109375 0.4125 0.0328125 0.06666666666666667
0 0.721875 0.49583333333333335 0.0375 0.075
0 0.75546875 0.496875 0.0359375 0.06875
0 0.81875 0.4947916666666667 0.0375 0.06666666666666667
0 0.85546875 0.4947916666666667 0.034375 0.06666666666666667
0 0.89140625 0.49583333333333335 0.0359375 0.06666666666666667
0 0.93203125 0.49583333333333335 0.0359375 0.06875
0 0.6953125 0.5833333333333334 0.040625 0.07083333333333333
0 0.73359375 0.584375 0.0359375 0.07083333333333333
0 0.77109375 0.584375 0.0390625 0.06875
0 0.81796875 0.5770833333333333 0.0375 0.07083333333333333
0 0.85703125 0.5802083333333333 0.0359375 0.06666666666666667
0 0.89609375 0.5833333333333334 0.0359375 0.06666666666666667
0 0.92578125 0.5802083333333333 0.03125 0.06875