0 0.2515625 0.209375 0.0828125 0.065625
0 0.34296875 0.2171875 0.090625 0.071875
0 0.21484375 0.2640625 0.090625 0.0671875
0 0.2953125 0.271875 0.0828125 0.065625
0 0.37265625 0.29375 0.0875 0.06875
0 0.453125 0.26875 0.090625 0.065625
0 0.20703125 0.328125 0.084375 0.065625
0 0.28515625 0.33125 0.0875 0.0671875
0 0.34765625 0.365625 0.090625 0.0671875
0 0.4328125 0.328125 0.090625 0.0671875
0 0.525 0.309375 0.0875 0.0625
0 0.49921875 0.36640625 0.090625 0.0671875
0 0.58359375 0.346875 0.09375 0.0703125
0 0.68671875 0.32578125 0.0875 0.0640625
0 0.7921875 0.32421875 0.096875 0.0671875
0 0.84375 0.3703125 0.090625 0.065625
0 0.7609375 0.3875 0.09375 0.0703125
0 0.165625 0.375 0.0796875 0.0625
0 0.275 0.390625 0.084375 0.0625
0 0.33671875 0.42578125 0.0859375 0.065625
0 0.421875 0.390625 0.0875 0.06875
0 0.65234375 0.378125 0.090625 0.0671875
0 0.56015625 0.41015625 0.090625 0.0671875
0 0.484375 0.4265625 0.090625 0.0671875
0 0.62578125 0.4421875 0.090625 0.06875
0 0.70390625 0.43828125 0.08125 0.0625
0 0.80859375 0.42890625 0.0859375 0.0640625
0 0.88671875 0.45703125 0.090625 0.065625
0 0.14140625 0.4234375 0.0796875 0.05625
0 0.2109375 0.4234375 0.078125 0.0609375
0 0.26640625 0.45703125 0.0828125 0.065625
0 0.4109375 0.4484375 0.084375 0.0625
0 0.55390625 0.4703125 0.0859375 0.0625
0 0.47578125 0.484375 0.0859375 0.0609375
0 0.11015625 0.4703125 0.0765625 0.059375
0 0.171875 0.46953125 0.078125 0.059375
0 0.2125 0.5 0.084375 0.0640625
0 0.34453125 0.490625 0.0859375 0.0640625
0 0.7609375 0.47734375 0.0859375 0.0609375
0 0.6921875 0.4984375 0.08125 0.065625
0 0.60703125 0.50859375 0.0828125 0.0609375
0 0.415625 0.52734375 0.084375 0.0609375
0 0.534375 0.53046875 0.0875 0.065625
0 0.93203125 0.521875 0.090625 0.0640625
0 0.828125 0.5203125 0.0875 0.0625
0 0.746875 0.5421875 0.0828125 0.0578125
0 0.67265625 0.55703125 0.0859375 0.059375
0 0.59296875 0.56875 0.0875 0.0625
0 0.0734375 0.525 0.06875 0.059375
0 0.12890625 0.521875 0.0828125 0.059375
0 0.05390625 0.584375 0.0796875 0.059375
0 0.12421875 0.578125 0.078125 0.0609375
0 0.19140625 0.5578125 0.084375 0.0625
0 0.26875 0.5421875 0.078125 0.0625
0 0.34140625 0.55 0.0828125 0.0625
0 0.47109375 0.5703125 0.0796875 0.0625
0 0.25 0.5984375 0.084375 0.059375
0 0.32734375 0.60390625 0.08125 0.0609375
0 0.39921875 0.5875 0.078125 0.0625
0 0.85078125 0.575 0.0890625 0.0578125
0 0.80625 0.6203125 0.0828125 0.0609375
0 0.72421875 0.59765625 0.0875 0.0625
0 0.64765625 0.6109375 0.08125 0.05625
0 0.58515625 0.640625 0.0828125 0.05625
0 0.52734375 0.6109375 0.084375 0.059375
0 0.45546875 0.628125 0.08125 0.0578125
0 0.38125 0.6453125 0.08125 0.059375
0 0.18046875 0.6140625 0.0796875 0.059375
0 0.084375 0.6421875 0.078125 0.059375
0 0.16171875 0.6671875 0.08125 0.059375
0 0.23515625 0.65234375 0.078125 0.059375
0 0.30859375 0.665625 0.08125 0.059375
0 0.89140625 0.65 0.084375 0.059375
0 0.15859375 0.7203125 0.0796875 0.05625
0 0.21875 0.703125 0.0796875 0.0609375
0 0.21953125 0.75234375 0.078125 0.05625
0 0.2796875 0.78515625 0.0796875 0.05625
0 0.2859375 0.7296875 0.08125 0.059375
0 0.35390625 0.809375 0.071875 0.053125
0 0.35234375 0.7546875 0.08125 0.059375
0 0.359375 0.7078125 0.08125 0.0625
0 0.43359375 0.6828125 0.078125 0.0578125
0 0.42265625 0.74765625 0.08125 0.059375
0 0.41796875 0.81328125 0.078125 0.0578125
0 0.509375 0.66796875 0.084375 0.059375
0 0.49609375 0.7265625 0.0859375 0.059375
0 0.48671875 0.7828125 0.08125 0.0625
0 0.48828125 0.8296875 0.0796875 0.0578125
0 0.5703125 0.70625 0.0828125 0.059375
0 0.56171875 0.7625 0.0859375 0.059375
0 0.56171875 0.81796875 0.0828125 0.0609375
0 0.64609375 0.69296875 0.08125 0.0609375
0 0.63515625 0.75 0.0828125 0.0609375
0 0.63359375 0.8015625 0.08125 0.0578125
0 0.71171875 0.659375 0.0828125 0.0625
0 0.71953125 0.7140625 0.0828125 0.0578125
0 0.70078125 0.7703125 0.08125 0.0609375
0 0.79140625 0.7375 0.084375 0.059375
0 0.7890625 0.6765625 0.084375 0.0625
0 0.85546875 0.69375 0.084375 0.0625