0 0.4569854421428571 0.70342664 0.01144321571428569 0.20270270000000004
0 0.46323059499999997 0.532094595 0.011817175714285701 0.18581080999999997
0 0.4691765785714286 0.34749035 0.011144045714285735 0.18098456
0 0.47523475214285715 0.527268335 0.010994461428571429 0.18581080999999997
0 0.48095635928571434 0.6889478750000001 0.010770084285714299 0.18581080999999997
0 0.469397095 0.704029925 0.012041552857142831 0.18701737000000002
0 0.5440436242857144 0.714888995 0.009049862857142849 0.18460424999999994
0 0.5524242035714285 0.38429054 0.008900278571428624 0.17012548
0 0.55709872 0.544763515 0.008227148571428578 0.17253861
0 0.5611001057142857 0.690757725 0.007254848571428576 0.17012549
0 0.5528729578571429 0.7004102299999999 0.007853187142857142 0.18219111999999996
0 0.5485350071428572 0.545366795 0.008601108571428588 0.18581080999999997
0 0.40015741500000007 0.70342664 0.01144321571428569 0.20270270000000004
0 0.6858717007142858 0.70342664 0.01144321571428569 0.20270270000000004
0 0.17127115642857144 0.70342664 0.01144321571428573 0.20270270000000004
0 0.7426997278571428 0.70342664 0.01144321571428577 0.20270270000000004
0 0.11444312928571429 0.70342664 0.01144321571428573 0.20270270000000004
0 0.9715859864285715 0.70342664 0.01144321571428577 0.20270270000000004
0 0.39391226214285713 0.532094595 0.011817175714285701 0.18581080999999997
0 0.6796265478571428 0.532094595 0.011817175714285701 0.18581080999999997
0 0.17751630928571427 0.532094595 0.011817175714285701 0.18581080999999997
0 0.7489448807142857 0.532094595 0.011817175714285701 0.18581080999999997
0 0.10819797642857143 0.532094595 0.01181717571428572 0.18581080999999997
0 0.9653408335714285 0.532094595 0.011817175714285701 0.18581080999999997
0 0.38796627857142857 0.34749035 0.011144045714285735 0.18098456
0 0.6736805642857143 0.34749035 0.011144045714285735 0.18098456
0 0.18346229285714288 0.34749035 0.011144045714285693 0.18098456
0 0.7548908642857142 0.34749035 0.011144045714285735 0.18098456
0 0.10225199285714284 0.34749035 0.011144045714285714 0.18098456
0 0.95939485 0.34749035 0.011144045714285735 0.18098456
0 0.381908105 0.527268335 0.010994461428571429 0.18581080999999997
0 0.6676223907142856 0.527268335 0.010994461428571429 0.18581080999999997
0 0.1895204664285714 0.527268335 0.010994461428571429 0.18581080999999997
0 0.7609490378571429 0.527268335 0.010994461428571347 0.18581080999999997
0 0.09619381928571429 0.527268335 0.010994461428571429 0.18581080999999997
0 0.9533366764285715 0.527268335 0.010994461428571347 0.18581080999999997
0 0.3761864978571428 0.6889478750000001 0.010770084285714299 0.18581080999999997
0 0.6619007835714286 0.6889478750000001 0.010770084285714299 0.18581080999999997
0 0.1952420735714286 0.6889478750000001 0.010770084285714299 0.18581080999999997
0 0.7666706449999999 0.6889478750000001 0.01077008428571438 0.18581080999999997
0 0.09047221214285714 0.6889478750000001 0.010770084285714278 0.18581080999999997
0 0.9476150692857144 0.6889478750000001 0.01077008428571438 0.18581080999999997
0 0.38774576214285716 0.704029925 0.012041552857142831 0.18701737000000002
0 0.6734600478571429 0.704029925 0.012041552857142831 0.18701737000000002
0 0.1836828092857143 0.704029925 0.01204155285714285 0.18701737000000002
0 0.7551113807142857 0.704029925 0.012041552857142831 0.18701737000000002
0 0.10203147642857142 0.704029925 0.01204155285714285 0.18701737000000002
0 0.9591743335714286 0.704029925 0.012041552857142831 0.18701737000000002
0 0.31309923285714286 0.714888995 0.009049862857142849 0.18460424999999994
0 0.5988135185714285 0.714888995 0.009049862857142849 0.18460424999999994
0 0.25832933857142854 0.714888995 0.009049862857142849 0.18460424999999994
0 0.8297579100000001 0.714888995 0.009049862857142769 0.18460424999999994
0 0.027384947142857143 0.714888995 0.009049862857142859 0.18460424999999994
0 0.8845278042857142 0.714888995 0.009049862857142769 0.18460424999999994
0 0.3047186535714286 0.38429054 0.008900278571428584 0.17012548
0 0.5904329392857143 0.38429054 0.008900278571428624 0.17012548
0 0.2667099178571428 0.38429054 0.008900278571428584 0.17012548
0 0.8381384892857142 0.38429054 0.008900278571428544 0.17012548
0 0.019004367857142858 0.38429054 0.008900278571428569 0.17012548
0 0.8761472250000001 0.38429054 0.008900278571428544 0.17012548
0 0.3000441371428571 0.544763515 0.008227148571428537 0.17253861
0 0.5857584228571429 0.544763515 0.008227148571428578 0.17253861
0 0.2713844342857143 0.544763515 0.008227148571428537 0.17253861
0 0.8428130057142857 0.544763515 0.008227148571428578 0.17253861
0 0.01432985142857143 0.544763515 0.008227148571428573 0.17253861
0 0.8714727085714286 0.544763515 0.008227148571428578 0.17253861
0 0.29604275142857145 0.690757725 0.007254848571428576 0.17012549
0 0.5817570371428571 0.690757725 0.007254848571428576 0.17012549
0 0.27538582 0.690757725 0.007254848571428576 0.17012549
0 0.8468143914285715 0.690757725 0.007254848571428576 0.17012549
0 0.010328465714285716 0.690757725 0.0072548485714285715 0.17012549
0 0.8674713228571428 0.690757725 0.007254848571428576 0.17012549
0 0.3042698992857143 0.7004102299999999 0.007853187142857142 0.18219111999999996
0 0.589984185 0.7004102299999999 0.007853187142857142 0.18219111999999996
0 0.2671586721428571 0.7004102299999999 0.007853187142857142 0.18219111999999996
0 0.8385872435714286 0.7004102299999999 0.00785318714285706 0.18219111999999996
0 0.018555613571428573 0.7004102299999999 0.007853187142857144 0.18219111999999996
0 0.8756984707142857 0.7004102299999999 0.00785318714285706 0.18219111999999996
0 0.30860785 0.545366795 0.008601108571428588 0.18581080999999997
0 0.5943221357142857 0.545366795 0.008601108571428588 0.18581080999999997
0 0.26282072142857144 0.545366795 0.008601108571428588 0.18581080999999997
0 0.8342492928571429 0.545366795 0.00860110857142867 0.18581080999999997
0 0.022893564285714284 0.545366795 0.008601108571428569 0.18581080999999997
0 0.8800364214285714 0.545366795 0.00860110857142867 0.18581080999999997