0 0.06390839140625 0.26976611406249995 0.10842916093750002 0.13196211874999997
0 0.14613312421875 0.25092750078125 0.1076521203125 0.1358747640625
0 0.24285663125 0.24894913984375 0.105532115625 0.12518366093750002
0 0.3241498046875 0.23628339921875 0.10018150937499999 0.1266268328125
0 0.40564798125 0.2261844328125 0.104262771875 0.12426015000000001
0 0.48410554765625 0.21533268203125 0.09430977031250007 0.11625518593750002
0 0.5571530796875 0.20666688984374998 0.08885490000000003 0.1123106921875
0 0.6259795726562499 0.19654050234375 0.07793329531250004 0.10331038593750001
0 0.7029135078125 0.181660675 0.08911200937500005 0.11261215625000001
0 0.77242186796875 0.16816147109375001 0.09037345781249995 0.1114914703125
0 0.82491733046875 0.2520154046875 0.08332016093750001 0.10755530937500002
0 0.75198813515625 0.2654281671875 0.07850266406250003 0.104386315625
0 0.80573997265625 0.3424084875 0.08224938593750002 0.101987496875
0 0.8781474953125 0.4221711476562501 0.08696262499999996 0.10723874843750006
0 0.7975381867187501 0.4346424953125 0.09086781406250007 0.10980340000000002
0 0.8327676640625 0.5103583617187499 0.07867900312500006 0.0939587515625
0 0.8839390726562499 0.5850959476562501 0.08339792656249986 0.10542806718750004
0 0.82028829375 0.60191771015625 0.09214273750000004 0.10720551406250003
0 0.74818320703125 0.6157948484375 0.09311873593749995 0.11086404999999999
0 0.766773821875 0.5246219789062501 0.08978364999999995 0.10692136718750005
0 0.72157640234375 0.44846744140625 0.09105455156249995 0.11197716718750002
0 0.73723357421875 0.3562785421875 0.08972381718750003 0.11133344374999998
0 0.6863155429687501 0.27678578046875 0.09597455156249994 0.11640541718749997
0 0.6172016140625001 0.28692814296874997 0.08988647812500003 0.11201735156250003
0 0.6648914296875 0.37175465703125 0.08346920312499995 0.10846652031250001
0 0.6469620921875 0.463161846875 0.09020915 0.11000748125
0 0.6953131234375001 0.53968055546875 0.08353580000000002 0.10507970156249993
0 0.6813826515625 0.6321576015625 0.09365924687499998 0.10965564687500003
0 0.6076161578124999 0.6459427882812501 0.08868125000000004 0.10635943281250002
0 0.5354043390625 0.6622632226562499 0.085008815625 0.1053592421875
0 0.4598506265625 0.67750556953125 0.09092625625000003 0.10922672656249999
0 0.38417024375 0.69428255078125 0.100890903125 0.11787966718749994
0 0.30309941562500003 0.72060284921875 0.103736109375 0.1188281984375
0 0.22082517578125 0.73202989140625 0.09802183281250001 0.11492516718750005
0 0.13412783828125 0.75181754296875 0.1030902484375 0.11970823593750009
0 0.15731455859375001 0.65288549765625 0.11304125468750001 0.12449541406249995
0 0.2440639015625 0.63293859453125 0.09432993750000003 0.11428836718750005
0 0.32505327421875 0.614245640625 0.09603827031250001 0.11415959375
0 0.4050398140625 0.6006519671875 0.10413507812499997 0.11788149687500002
0 0.4804968890625 0.5872217171875 0.09504081874999999 0.11208951562499996
0 0.5550888484375 0.5703565148437499 0.09127908124999999 0.11124459218750005
0 0.6261819921875 0.5535189820312499 0.093004596875 0.10882171406250007
0 0.57543501953125 0.4773107453125 0.08514740468749996 0.10780992812500001
0 0.5959711453125001 0.38305480468750003 0.09936946249999998 0.11684614999999998
0 0.54008246953125 0.30167915234375 0.08900010468749997 0.11402736718749998
0 0.46437925390625 0.31237332578125 0.10284356718750001 0.12256204531249999
0 0.38552260234375 0.3262020125 0.10165038593749998 0.12141515312500002
0 0.44428906015624997 0.40990599921875004 0.09025174531249998 0.1110211203125
0 0.5215360312499999 0.39801390546875004 0.08710354062499999 0.10933980781250004
0 0.5039057421875001 0.49142740703125 0.09961335 0.11811981718750006
0 0.42486432265624996 0.5063095578125 0.0940482265625 0.11186946249999999
0 0.34616380156250004 0.5216935664062501 0.0981308125 0.11533838593750004
0 0.36590802890624996 0.42432474062500003 0.09046486093749997 0.112087559375
0 0.30476028828125 0.3377081515625 0.1049246578125 0.12133905625
0 0.2209612015625 0.34882998828125 0.1004658875 0.11992495781250004
0 0.13618592265625 0.36491886328125 0.11348038906249998 0.12654682656249996
0 0.05264938828125 0.3777631 0.09905194218749999 0.11863537187499995
0 0.1195966015625 0.46634935703125 0.10573564062499999 0.12232158593750002
0 0.20106689218749998 0.44998238671874996 0.10444690937499998 0.11969870156249995
0 0.28551814140625 0.43686531328125 0.0965239171875 0.11516810781249998
0 0.265258353125 0.53397336875 0.100929003125 0.11490866562500006
0 0.1824585 0.551441559375 0.10332512187500001 0.11911885624999999
0 0.09123540156250001 0.5670837351562501 0.11076704374999999 0.12270857343749997
0 0.0682912609375 0.50010430546875 0.007093668750000004 0.008106979687499915
0 0.07090676874999999 0.50481400390625 0.006623075000000001 0.004201967187499989
0 0.0671582484375 0.50964434296875 0.007570293750000001 0.0084868421875
0 0.061374941406249994 0.5138646124999999 0.005326610937500009 0.008330940624999972
0 0.05695135546875 0.51762438203125 0.005721510937499996 0.006331273437499974
0 0.054689266406250006 0.5109014515625 0.007575664062499998 0.007975603124999963
0 0.0575638828125 0.5074948906250001 0.003544346875000004 0.006476043749999949
0 0.06338752265625 0.5032089882812499 0.005826704687500006 0.006763529687499936
0 0.0748792171875 0.5111167703125 0.005165949999999997 0.005541081249999991
0 0.07901323125 0.505531509375 0.006378259374999995 0.008229140625000042
0 0.08139865625 0.50185308359375 0.006776840624999991 0.008045951562499987
0 0.08299169296875 0.499240190625 0.006306470312500001 0.006966606250000051
0 0.0837604796875 0.50741594765625 0.005053506250000006 0.006012479687500072
0 0.0809225984375 0.49235318984375 0.007362928125000001 0.008145585937499967
0 0.07499003046875 0.4943770328125 0.006958360937499996 0.0072034437500000156
0 0.08020136484375 0.4850110015625 0.005511407812499991 0.007637853125000049
0 0.07435780546875001 0.48408202265625 0.007681248437499999 0.00876290156249997
0 0.07079865 0.48743706171875 0.006367403125000004 0.0066360515625
0 0.0627985234375 0.492740640625 0.005990518750000007 0.008422562500000019
0 0.06256494609375 0.4853687257812499 0.006235139062500006 0.007750829687500005
0 0.057202525000000004 0.48660156796875 0.004748259374999997 0.007209939062500048
0 0.06854454453125 0.47569236640624996 0.007327435937499993 0.005895004687500016
0 0.0588495296875 0.4790236671875 0.006674565624999995 0.006146649999999987
0 0.059783401562500005 0.47154815625 0.005790662499999999 0.007375281250000043
0 0.06311921640625 0.47101799375 0.0052248953125 0.007039496875000051
0 0.069167496875 0.46033350546875 0.006550412499999991 0.0070792890624999496
0 0.0596213578125 0.465209534375 0.0034447187499999977 0.006957134374999984
0 0.05410104921875001 0.46675107968749996 0.005326542187500005 0.0064943218749999865
0 0.054606401562500004 0.47392558828125003 0.0039329343750000075 0.0046922734374999385
0 0.09118172890625001 0.501127653125 0.006526073437500002 0.006389484374999999
0 0.05214630234374999 0.4973369640625 0.003601092187499999 0.006565096874999998
0 0.05536686953125001 0.5022840421874999 0.005251914062499996 0.005438800000000033
0 0.0490982765625 0.50594208828125 0.003873625000000003 0.00661984218749998
0 0.044587384375 0.5036823125 0.005456793749999999 0.006851978125000002
0 0.046446457812499994 0.50939316953125 0.006794096875000005 0.004843826562499931
0 0.049432438281250005 0.51547010859375 0.004159676562500003 0.006608742187500028
0 0.04318041015625 0.5165155289062501 0.0067453015625 0.004724967187499996
0 0.037987194531250004 0.52276663203125 0.004629235937499998 0.006484879687500023
0 0.04088216953125 0.51243485625 0.007045964062499998 0.007341784374999971
0 0.03724006171875 0.503798821875 0.007272207812499998 0.006835621874999998
0 0.032409528124999996 0.50945613125 0.006724068750000001 0.006975559375000007
0 0.02894808125 0.50395579921875 0.004871071874999999 0.006087648437500004
0 0.02969846484375 0.4994523062500001 0.004911248437500004 0.007075890625000003
0 0.025514438281250003 0.5104605640625 0.005249592187499999 0.007348021875000032
0 0.03297957890625 0.51716087421875 0.005868573437500002 0.007057045312500065
0 0.029212545312499998 0.521923515625 0.006156490624999999 0.008453118749999966
0 0.03424733125 0.526640684375 0.007321328124999998 0.007099162500000045
0 0.0243590203125 0.52495563828125 0.006794628125000002 0.004937973437499998
0 0.018704146875 0.52729346796875 0.007227665625000002 0.008523660937499945
0 0.02227140078125 0.51934513828125 0.005498629687500001 0.006743326562499962
0 0.01423416796875 0.5153645140625001 0.0075441359375 0.008379624999999979
0 0.01135316875 0.5203857210937499 0.007822934375000002 0.006678229687500004
0 0.007338980468750001 0.5264936484375 0.007252460937499999 0.00860149374999999
0 0.0125232390625 0.53390126875 0.006327346874999999 0.007625621874999933
0 0.005065109375 0.531275971875 0.0039764281250000005 0.006237971874999993
0 0.0059536812500000005 0.5179557531250001 0.005912368750000001 0.007216221874999995
0 0.0041757109374999995 0.5028857664062499 0.00252963125 0.005511726562499941
0 0.01044257734375 0.5089305203125 0.0056007015625 0.006817299999999982
0 0.01636777109375 0.50214750625 0.0041751234375 0.007792359374999958
0 0.014247796093749997 0.4953600671875 0.0051603828125 0.006879665624999998
0 0.020325596874999997 0.492159175 0.006410125 0.007499846874999961
0 0.028573440625 0.4905685109375 0.0026657187500000014 0.004011978124999959
0 0.0338404546875 0.490306803125 0.005010921875000002 0.005994659375000033
0 0.03917822890625 0.49353268281249996 0.005496689062499999 0.006922850000000036
0 0.04331734375 0.4939755 0.0070447593750000035 0.007773253124999968
0 0.04943867109375 0.48992616640625003 0.005586489062500005 0.00686156718749995
0 0.052376659375 0.48294557265625004 0.0062916031249999945 0.0072115484374999815
0 0.04240520078125 0.48011074843749996 0.005600701562499999 0.006817299999999982
0 0.009625325 0.49352969687500003 0.003618034375000001 0.005976062500000001
0 0.00652023984375 0.48356944140625 0.0061318984375 0.008127373437499941
0 0.01055109921875 0.48010012734374996 0.005844660937499998 0.0069630140625000616
0 0.017098874218749997 0.48464750859374994 0.007177085937500003 0.007932251562499992
0 0.0192340125 0.47852442812499996 0.0037927875 0.006459518750000015
0 0.026726144531250003 0.47649013124999995 0.006932870312499997 0.008026771875000005
0 0.02972368828125 0.4715489554687499 0.0052343671875 0.006762717187500033
0 0.03203035625 0.4786917421875 0.003291056249999996 0.004155509374999955
0 0.03692026796875 0.47321776406250005 0.0065873734374999994 0.007146603124999995
0 0.0361987296875 0.46618925390624993 0.005529178125000001 0.005447304687500054
0 0.048244410156249994 0.47779180468749993 0.005493164062499995 0.006166768750000084
0 0.043516011718750004 0.471706371875 0.005793607812499995 0.004433559374999963
0 0.04822637265625 0.46897653281250007 0.004864170312499999 0.004513537500000009
0 0.00800302890625 0.47224092500000003 0.0069355078125 0.00806491562499998
0 0.01482604375 0.47425724531249996 0.006963868749999999 0.007677478125000014
0 0.004836878125000001 0.4671705359375 0.004269609375 0.006656268750000027
0 0.011950578125 0.46686222656250004 0.006913184374999999 0.0077417624999999825
0 0.00759172421875 0.45565602812500006 0.006419101562500001 0.0061309031250000425
0 0.017650566406250002 0.45790291640624997 0.0069848734375 0.00715224531250005
0 0.02259489453125 0.46307472968749996 0.006328114062499998 0.007593131249999985
0 0.0282155125 0.4595134984375 0.0029106562499999987 0.005627381250000063
0 0.0386147578125 0.45675575546875 0.005810040625000001 0.0043664234375
0 0.046261028125000006 0.4555467484375001 0.0034547999999999966 0.006288440625000025
0 0.04361355234375 0.45774936171874997 0.006220951562499999 0.006783970312500021
0 0.054431030468749995 0.45230648359375003 0.0047648765624999975 0.006514714062500015
0 0.062811690625 0.44868179140625 0.004986128125 0.004216748437499973
0 0.07089994375 0.44991222734375 0.0060192312500000015 0.007871704687500003
0 0.0754663796875 0.44781769609375 0.005435215625000001 0.006845914062499947
0 0.049489044531250005 0.447933321875 0.006540464062500001 0.007704990625000008
0 0.02134582578125 0.44563774375000004 0.0055471703124999995 0.004626356249999919
0 0.026668030468750003 0.44568998203125004 0.007349482812500002 0.011450889062499936
0 0.01844585 0.43773093359375004 0.007475225000000002 0.01134673906249999
0 0.019635825781249998 0.43134090859374996 0.0050019640625 0.0077150546875
0 0.012222849999999999 0.43649975546875003 0.009618715625 0.010901495312499954
0 0.01269857109375 0.4446750203125 0.005231439062499998 0.006670593750000009
0 0.0036617859375 0.42529715546875 0.0024156875000000003 0.007337857812500026
0 0.0047492757812499994 0.41351126562499996 0.0047269484375 0.008545934375000019
0 0.01296250859375 0.4228007640625 0.0051596890625 0.008244953125
0 0.0207041859375 0.41352877968749996 0.007118893749999999 0.00836195312500001
0 0.0327789109375 0.4213737664062499 0.005498631249999997 0.006644876562500013
0 0.0334076375 0.42918474687499997 0.004934721874999997 0.006659356250000048
0 0.040254261718750003 0.43655431875 0.0074582453125 0.008386446874999986
0 0.0462859265625 0.432058403125 0.005604115625 0.005687996874999967
0 0.0304954265625 0.43613736796874997 0.00696996875 0.006943270312499994
0 0.0636054875 0.44202477734375006 0.006036746874999999 0.004632923437500036
0 0.05883057578124999 0.43792978046875 0.005890382812499995 0.007991776562499987
0 0.0701001765625 0.43535708984375 0.006637443750000005 0.005730232812500002
0 0.07096187265625001 0.44251907578124994 0.005616339062499998 0.006822104687500019
0 0.01075563671875 0.45315277578124996 0.003296051562499999 0.005946070312500051
0 0.09511227265625 0.5062910695312499 0.004285254687499995 0.006271273437500025
0 0.090204025 0.50931951171875 0.005045646874999999 0.003133920312499949
0 0.08877507734375 0.5027101148437501 0.005151595312500002 0.0041041453124999626
0 0.04748661328125 0.52306134375 0.0046084765624999965 0.005308899999999994
0 0.043473128125 0.52467248515625 0.003083628124999999 0.0006139765625000848
0 0.0311350890625 0.5307007734375 0.005071312500000003 0.0033216218749999803
0 0.02302936875 0.5320381296875001 0.002965165625000002 0.0034325812499999666
0 0.018762871874999996 0.532460284375 0.005392296874999999 0.004719137500000059
0 0.011573743749999999 0.5375046007812501 0.005840912499999999 0.003942745312499963
0 0.00516638828125 0.5405237632812501 0.004058476562500001 0.003716460937499999
0 0.007272359375 0.42005373281249997 0.005403740624999999 0.007028909375000047
0 0.0315179890625 0.43143728984375 0.0032756656250000015 0.006014632812500054
0 0.07545734453125 0.44067993281250006 0.005802251562499994 0.008428281250000058
0 0.07889014296875001 0.4371666875000001 0.003073932812500002 0.004318431250000021
0 0.075873728125 0.433447246875 0.0009983750000000069 0.003036925000000057
0 0.07830463359374999 0.4777328484375 0.0032825546874999945 0.006435809375000013
0 0.0776833609375 0.47006609609374994 0.003927728124999997 0.006270792187499996
0 0.0725724484375 0.4686479890625 0.007453728125000003 0.00808087500000001
0 0.075968325 0.4622245093749999 0.004333031249999997 0.00663206875000002
0 0.0653584890625 0.455476 0.006282999999999994 0.005812534374999956
0 0.06513481796875001 0.46284167499999995 0.0039620171875 0.0063061937499999665
0 0.06053390703125 0.45727248828124994 0.007139954687499994 0.007111814062500077
0 0.054594921874999994 0.45926686953124995 0.006422996874999998 0.008255823437499999
0 0.04788284375 0.46300400937499997 0.00354870625 0.006535009375000023
0 0.04391881484375 0.46416409140625003 0.0053709046875 0.006329154687499994
0 0.0334239 0.4534719382812501 0.005756015624999999 0.006382879687499976
0 0.0233281984375 0.45460360625000007 0.007629831250000002 0.008384321875000022
0 0.00628037734375 0.44765457578125006 0.0034706765624999995 0.005984626562500051
0 0.004616689843750001 0.44146834453125 0.0041280203125 0.006943620312499998
0 0.004713390625 0.44981914140625 0.004219228125 0.006216101562499965
0 0.0124702609375 0.45952179218749994 0.0055897625 0.005961568750000002
0 0.00498528671875 0.46041871796875 0.0046275484375 0.004032498437499932
0 0.015787278125000002 0.48753293515625007 0.0048650031250000005 0.00595186406249999
0 0.04734879921875 0.484371915625 0.0038103828125000015 0.005877787499999965
0 0.04967541171875001 0.49903195703125 0.004315951562500003 0.004661551562499966