0 0.3622861216730038 0.459775641025641 0.02899239543726236 0.03717948717948718
0 0.6137119771863118 0.46105769230769234 0.027328897338403043 0.03461538461538462
0 0.4203897338403042 0.5033653846153846 0.02637832699619772 0.03717948717948718
0 0.533745247148289 0.41442307692307695 0.027328897338403043 0.03685897435897436
0 0.902328897338403 0.32868589743589743 0.024477186311787073 0.035897435897435895
0 0.47065114068441066 0.46105769230769234 0.025427756653992394 0.03653846153846154
0 0.5361216730038023 0.32403846153846155 0.027566539923954372 0.03685897435897436
0 0.5854325095057035 0.46041666666666664 0.027328897338403043 0.035897435897435895
0 0.6669439163498099 0.5025641025641026 0.025665399239543727 0.035576923076923075
0 0.498574144486692 0.4637820512820513 0.028041825095057035 0.03685897435897436
0 0.7983602661596958 0.3267628205128205 0.02637832699619772 0.03717948717948718
0 0.8271150190114068 0.3261217948717949 0.02709125475285171 0.035897435897435895
0 0.6465066539923955 0.32868589743589743 0.02709125475285171 0.03782051282051282
0 0.8745247148288974 0.41442307692307695 0.026615969581749048 0.03685897435897436
0 0.3906844106463878 0.459775641025641 0.027328897338403043 0.03685897435897436
0 0.6488830798479087 0.371474358974359 0.026615969581749048 0.03717948717948718
0 0.560004752851711 0.5019230769230769 0.025427756653992394 0.03653846153846154
0 0.4443916349809886 0.4625 0.027328897338403043 0.03685897435897436
0 0.6708650190114068 0.4150641025641026 0.02709125475285171 0.03685897435897436
0 0.7421577946768061 0.32868589743589743 0.02709125475285171 0.03685897435897436
0 0.39306083650190116 0.5019230769230769 0.026615969581749048 0.035576923076923075
0 0.9262119771863118 0.3299679487179487 0.02352661596958175 0.035897435897435895
0 0.9189638783269962 0.45721153846153845 0.025427756653992394 0.03653846153846154
0 0.41801330798479086 0.45913461538461536 0.025665399239543727 0.035897435897435895
0 0.7656844106463878 0.5025641025641026 0.02637832699619772 0.035897435897435895
0 0.3344819391634981 0.4565705128205128 0.026615969581749048 0.03782051282051282
0 0.6411596958174905 0.5033653846153846 0.02614068441064639 0.03685897435897436
0 0.9213403041825095 0.5012820512820513 0.02067490494296578 0.035576923076923075
0 0.5317252851711026 0.459775641025641 0.02614068441064639 0.03685897435897436
0 0.595175855513308 0.371474358974359 0.027328897338403043 0.0391025641025641
0 0.5581036121673004 0.459775641025641 0.02637832699619772 0.035576923076923075
0 0.6694391634980988 0.4618589743589744 0.02637832699619772 0.03685897435897436
0 0.7909933460076045 0.4150641025641026 0.02709125475285171 0.03653846153846154
0 0.16159695817490494 0.49150641025641023 0.030180608365019013 0.03717948717948718
0 0.533745247148289 0.5033653846153846 0.02637832699619772 0.035576923076923075
0 0.33745247148288976 0.5 0.027328897338403043 0.035897435897435895
0 0.7710313688212928 0.32740384615384616 0.026615969581749048 0.03685897435897436
0 0.44724334600760457 0.5052884615384615 0.02709125475285171 0.035897435897435895
0 0.9233602661596958 0.41378205128205126 0.024477186311787073 0.035576923076923075
0 0.19284695817490494 0.49150641025641023 0.028517110266159697 0.03942307692307692
0 0.7314638783269962 0.3729166666666667 0.02637832699619772 0.03653846153846154
0 0.5654705323193916 0.37083333333333335 0.02709125475285171 0.03685897435897436
0 0.846245247148289 0.41442307692307695 0.026615969581749048 0.035897435897435895
0 0.7646150190114068 0.371474358974359 0.02637832699619772 0.03717948717948718
0 0.902328897338403 0.371474358974359 0.025665399239543727 0.03685897435897436
0 0.8999524714828897 0.41378205128205126 0.024477186311787073 0.03653846153846154
0 0.7387119771863118 0.4625 0.026615969581749048 0.03685897435897436
0 0.816421102661597 0.41442307692307695 0.025427756653992394 0.035897435897435895
0 0.22065114068441063 0.4947115384615385 0.028279467680608364 0.038141025641025644
0 0.7349096958174905 0.4169871794871795 0.02637832699619772 0.035897435897435895
0 0.7011644486692015 0.3735576923076923 0.027328897338403043 0.03782051282051282
0 0.6411596958174905 0.46105769230769234 0.026615969581749048 0.03653846153846154
0 0.5381416349809885 0.37083333333333335 0.02709125475285171 0.03685897435897436
0 0.6201283269961977 0.371474358974359 0.025427756653992394 0.038141025641025644
0 0.596245247148289 0.3248397435897436 0.028041825095057035 0.03782051282051282
0 0.8779705323193916 0.32740384615384616 0.025427756653992394 0.035897435897435895
0 0.6206036121673004 0.3261217948717949 0.024714828897338403 0.03782051282051282
0 0.30762832699619774 0.5012820512820513 0.027566539923954372 0.03685897435897436
0 0.6997385931558935 0.4157051282051282 0.028041825095057035 0.03782051282051282
0 0.8701283269961977 0.37083333333333335 0.025665399239543727 0.03685897435897436
0 0.36478136882129275 0.5019230769230769 0.027328897338403043 0.03653846153846154
0 0.6943916349809885 0.5040064102564102 0.027566539923954372 0.035897435897435895
0 0.5620247148288974 0.4157051282051282 0.026615969581749048 0.03685897435897436
0 0.6143060836501901 0.5040064102564102 0.02709125475285171 0.03782051282051282
0 0.27827946768060835 0.4980769230769231 0.02899239543726236 0.038141025641025644
0 0.24904942965779467 0.4966346153846154 0.028279467680608364 0.03717948717948718
0 0.7953897338403042 0.46041666666666664 0.02637832699619772 0.03685897435897436
0 0.5673716730038023 0.3248397435897436 0.027328897338403043 0.038461538461538464
0 0.6137119771863118 0.4150641025641026 0.024714828897338403 0.03653846153846154
0 0.3041825095057034 0.4578525641025641 0.02923003802281369 0.03782051282051282
0 0.8486216730038023 0.5025641025641026 0.025665399239543727 0.035256410256410256
0 0.9287072243346007 0.37227564102564104 0.025665399239543727 0.035576923076923075
0 0.6948669201520913 0.4625 0.02637832699619772 0.038141025641025644
0 0.7021150190114068 0.33076923076923076 0.025665399239543727 0.03685897435897436
0 0.7661596958174905 0.46105769230769234 0.026615969581749048 0.03653846153846154
0 0.7890922053231939 0.37083333333333335 0.025190114068441065 0.03685897435897436
0 0.5888783269961977 0.4157051282051282 0.02637832699619772 0.03782051282051282
0 0.47409695817490494 0.5040064102564102 0.02637832699619772 0.035897435897435895
0 0.8471958174904943 0.4584935897435897 0.026615969581749048 0.03653846153846154
0 0.6762119771863118 0.32868589743589743 0.028041825095057035 0.035897435897435895
0 0.5840066539923955 0.49935897435897436 0.02352661596958175 0.0342948717948718
0 0.8745247148288974 0.4584935897435897 0.02614068441064639 0.03653846153846154
0 0.7558222433460076 0.4157051282051282 0.022576045627376425 0.035256410256410256
0 0.8256891634980988 0.36955128205128207 0.02637832699619772 0.03782051282051282
0 0.7377614068441065 0.5040064102564102 0.026615969581749048 0.03685897435897436
0 0.6396150190114068 0.4150641025641026 0.025427756653992394 0.035576923076923075
0 0.8144011406844106 0.5012820512820513 0.025665399239543727 0.035256410256410256
0 0.5009505703422054 0.5052884615384615 0.02709125475285171 0.035256410256410256
0 0.8745247148288974 0.5025641025641026 0.02614068441064639 0.03685897435897436
0 0.9013783269961977 0.5033653846153846 0.025665399239543727 0.035576923076923075
0 0.7886169201520913 0.5012820512820513 0.02352661596958175 0.035256410256410256
0 0.847671102661597 0.3280448717948718 0.022576045627376425 0.035576923076923075
0 0.84375 0.37083333333333335 0.019724334600760455 0.035897435897435895
0 0.6694391634980988 0.3735576923076923 0.02138783269961977 0.035576923076923075
0 0.814995247148289 0.4578525641025641 0.02067490494296578 0.035897435897435895
0 0.9907319391634981 0.6120192307692308 0.0028517110266159697 0.0842948717948718
0 0.8906844106463878 0.45721153846153845 0.0185361216730038 0.0342948717948718