0 0.13701923076923078 0.15985576923076922 0.16346153846153846 0.22596153846153846
0 0.2776442307692308 0.2824519230769231 0.028846153846153848 0.17548076923076922
0 0.40024038461538464 0.33052884615384615 0.16826923076923078 0.1875
0 0.3293269230769231 0.4074519230769231 0.13221153846153846 0.10576923076923077
0 0.4855769230769231 0.4326923076923077 0.1971153846153846 0.055288461538461536
0 0.046875 0.6237980769230769 0.09375 0.12740384615384615
0 0.14903846153846154 0.6370192307692307 0.10576923076923077 0.1346153846153846
0 0.23197115384615385 0.640625 0.0625 0.12740384615384615
0 0.2127403846153846 0.7355769230769231 0.10096153846153846 0.1346153846153846
0 0.02403846153846154 0.7439903846153846 0.04807692307692308 0.1346153846153846
0 0.10336538461538461 0.75 0.10817307692307693 0.14423076923076922
0 0.054086538461538464 0.8737980769230769 0.10817307692307693 0.14903846153846154
0 0.23677884615384615 0.8737980769230769 0.05048076923076923 0.1466346153846154
0 0.15985576923076922 0.8798076923076923 0.10817307692307693 0.15144230769230768
0 0.21995192307692307 0.9627403846153846 0.08653846153846154 0.07451923076923077
0 0.109375 0.9639423076923077 0.10336538461538461 0.07211538461538461
0 0.028846153846153848 0.9627403846153846 0.057692307692307696 0.06971153846153846
0 0.02283653846153846 0.5072115384615384 0.04567307692307692 0.0985576923076923
0 0.10096153846153846 0.5084134615384616 0.10576923076923077 0.10096153846153846
0 0.19230769230769232 0.5192307692307693 0.09375 0.1201923076923077
0 0.2512019230769231 0.5216346153846154 0.02403846153846154 0.125
0 0.5144230769230769 0.7848557692307693 0.16346153846153846 0.22596153846153846