0 0.50554206 0.48188052 0.012861668571428595 0.13350605999999998
0 0.4752441685714286 0.49015622000000003 0.010818454285714308 0.14192362000000003
0 0.47975793071428574 0.32776135500000003 0.010807350000000042 0.14105819
0 0.49747225785714283 0.28297754500000005 0.010950310000000059 0.13456779000000002
0 0.5137321985714285 0.373626905 0.011037757142857133 0.14105821000000002
0 0.5238619057142858 0.346583555 0.010293311428571397 0.13629855000000002
0 0.5142023607142857 0.49496076 0.011153358571428547 0.13957327999999997
0 0.5268962428571429 0.47631 0.009412180000000003 0.13759664000000002
0 0.5370060078571428 0.44082910999999997 0.009572224285714291 0.13067354
0 0.47536768142857144 0.6189687899999999 0.011065479999999996 0.14192358000000005
0 0.48846556571428573 0.58913811 0.012783548571428582 0.1380759400000001
0 0.4764230885714286 0.7490274149999999 0.011177885714285643 0.14668321000000006
0 0.47450864428571427 0.880782705 0.01154842857142853 0.14019283000000002
0 0.4878788807142857 0.8398931350000001 0.01161017857142854 0.13543319000000012
0 0.5008476978571429 0.7979218349999999 0.011239641428571433 0.14495243000000002
0 0.50038453 0.926715575 0.011177891428571505 0.13326971
0 0.4889406757142857 0.7109647250000001 0.012574402857142834 0.14538514999999996
0 0.5010638464285714 0.66899342 0.010930864285714312 0.14019279999999995
0 0.5146811064285715 0.63124314 0.011363152857142853 0.1422700600000001
0 0.5135082678571429 0.7592774299999999 0.01136209857142855 0.13889473999999993
0 0.5135386157142857 0.8882985999999999 0.01043681714285713 0.13605143999999997
0 0.5262089928571428 0.848547005 0.010663159999999965 0.13370239000000012
0 0.5263530442857143 0.7273783149999999 0.010251537142857176 0.1345404099999999
0 0.5264560685714286 0.5991525849999999 0.010539551428571485 0.13976010999999994
0 0.5377682078571429 0.568044315 0.008920872857142804 0.13466960999999997
0 0.539087235 0.68717511 0.010046321428571413 0.1290191200000001
0 0.5380955121428571 0.80866029 0.010148004285714315 0.12901907999999992
0 0.5368858192857142 0.9310715500000001 0.008803907142857139 0.13608220000000004
0 0.503933737142857 0.401142465 0.014819594285714287 0.13949747
0 0.3516007971428572 0.48188052 0.012861668571428555 0.13350605999999998
0 0.6373150828571428 0.48188052 0.012861668571428595 0.13350605999999998
0 0.21982777428571426 0.48188052 0.012861668571428555 0.13350605999999998
0 0.7912563457142856 0.48188052 0.012861668571428677 0.13350605999999998
0 0.06588651142857144 0.48188052 0.012861668571428564 0.13350605999999998
0 0.9230293685714287 0.48188052 0.012861668571428677 0.13350605999999998
0 0.38189868857142856 0.49015622000000003 0.010818454285714308 0.14192362000000003
0 0.6676129742857142 0.49015622000000003 0.010818454285714308 0.14192362000000003
0 0.18952988285714287 0.49015622000000003 0.010818454285714308 0.14192362000000003
0 0.7609584542857143 0.49015622000000003 0.010818454285714227 0.14192362000000003
0 0.09618440285714286 0.49015622000000003 0.010818454285714277 0.14192362000000003
0 0.95332726 0.49015622000000003 0.010818454285714227 0.14192362000000003
0 0.3773849264285714 0.32776135500000003 0.010807350000000042 0.14105819
0 0.6630992121428572 0.32776135500000003 0.010807350000000042 0.14105819
0 0.19404364500000001 0.32776135500000003 0.010807350000000002 0.14105819
0 0.7654722164285713 0.32776135500000003 0.01080734999999988 0.14105819
0 0.09167064071428571 0.32776135500000003 0.010807350000000002 0.14105819
0 0.948813497857143 0.32776135500000003 0.01080734999999988 0.14105819
0 0.35967059928571427 0.28297754500000005 0.010950309999999977 0.13456779000000002
0 0.645384885 0.28297754500000005 0.010950310000000059 0.13456779000000002
0 0.21175797214285716 0.28297754500000005 0.010950309999999977 0.13456779000000002
0 0.7831865435714286 0.28297754500000005 0.010950309999999977 0.13456779000000002
0 0.07395631357142857 0.28297754500000005 0.010950309999999998 0.13456779000000002
0 0.9310991707142857 0.28297754500000005 0.010950309999999977 0.13456779000000002
0 0.34341065857142855 0.373626905 0.011037757142857133 0.14105821000000002
0 0.6291249442857143 0.373626905 0.011037757142857133 0.14105821000000002
0 0.22801791285714285 0.373626905 0.011037757142857133 0.14105821000000002
0 0.7994464842857142 0.373626905 0.011037757142857214 0.14105821000000002
0 0.05769637285714286 0.373626905 0.011037757142857143 0.14105821000000002
0 0.91483923 0.373626905 0.011037757142857214 0.14105821000000002
0 0.33328095142857145 0.346583555 0.010293311428571436 0.13629855000000002
0 0.6189952371428571 0.346583555 0.010293311428571397 0.13629855000000002
0 0.23814761999999998 0.346583555 0.010293311428571436 0.13629855000000002
0 0.8095761914285715 0.346583555 0.010293311428571315 0.13629855000000002
0 0.047566665714285715 0.346583555 0.010293311428571426 0.13629855000000002
0 0.9047095228571428 0.346583555 0.010293311428571315 0.13629855000000002
0 0.34294049642857144 0.49496076 0.011153358571428547 0.13957327999999997
0 0.6286547821428571 0.49496076 0.011153358571428547 0.13957327999999997
0 0.228488075 0.49496076 0.011153358571428547 0.13957327999999997
0 0.7999166464285713 0.49496076 0.011153358571428629 0.13957327999999997
0 0.05722621071428571 0.49496076 0.011153358571428577 0.13957327999999997
0 0.914369067857143 0.49496076 0.011153358571428629 0.13957327999999997
0 0.3302466142857143 0.47631 0.009412180000000003 0.13759664000000002
0 0.6159609 0.47631 0.009412180000000003 0.13759664000000002
0 0.24118195714285715 0.47631 0.009412180000000003 0.13759664000000002
0 0.8126105285714286 0.47631 0.009412180000000003 0.13759664000000002
0 0.04453232857142857 0.47631 0.009412179999999997 0.13759664000000002
0 0.9016751857142857 0.47631 0.009412180000000003 0.13759664000000002
0 0.3201368492857143 0.44082910999999997 0.009572224285714291 0.13067354
0 0.605851135 0.44082910999999997 0.009572224285714291 0.13067354
0 0.2512917221428571 0.44082910999999997 0.009572224285714291 0.13067354
0 0.8227202935714285 0.44082910999999997 0.009572224285714291 0.13067354
0 0.03442256357142857 0.44082910999999997 0.009572224285714286 0.13067354
0 0.8915654207142857 0.44082910999999997 0.009572224285714291 0.13067354
0 0.3817751757142857 0.6189687899999999 0.011065479999999996 0.14192358000000005
0 0.6674894614285714 0.6189687899999999 0.011065479999999996 0.14192358000000005
0 0.1896533957142857 0.6189687899999999 0.011065479999999996 0.14192358000000005
0 0.7610819671428571 0.6189687899999999 0.011065480000000077 0.14192358000000005
0 0.09606089 0.6189687899999999 0.011065479999999985 0.14192358000000005
0 0.9532037471428572 0.6189687899999999 0.011065480000000077 0.14192358000000005
0 0.3686772914285714 0.58913811 0.012783548571428542 0.1380759400000001
0 0.6543915771428571 0.58913811 0.012783548571428582 0.1380759400000001
0 0.20275128 0.58913811 0.012783548571428582 0.1380759400000001
0 0.7741798514285714 0.58913811 0.012783548571428582 0.1380759400000001
0 0.08296300571428572 0.58913811 0.012783548571428572 0.1380759400000001
0 0.9401058628571429 0.58913811 0.012783548571428582 0.1380759400000001
0 0.38071976857142853 0.7490274149999999 0.011177885714285643 0.14668321000000006
0 0.6664340542857142 0.7490274149999999 0.011177885714285643 0.14668321000000006
0 0.19070880285714287 0.7490274149999999 0.011177885714285725 0.14668321000000006
0 0.7621373742857142 0.7490274149999999 0.011177885714285725 0.14668321000000006
0 0.09500548285714286 0.7490274149999999 0.011177885714285725 0.14668321000000006
0 0.9521483400000001 0.7490274149999999 0.011177885714285725 0.14668321000000006
0 0.3826342128571429 0.880782705 0.01154842857142853 0.14019283000000002
0 0.6683484985714286 0.880782705 0.01154842857142853 0.14019283000000002
0 0.18879435857142857 0.880782705 0.01154842857142857 0.14019283000000002
0 0.7602229299999999 0.880782705 0.01154842857142853 0.14019283000000002
0 0.09691992714285713 0.880782705 0.011548428571428562 0.14019283000000002
0 0.9540627842857143 0.880782705 0.01154842857142853 0.14019283000000002
0 0.3692639764285714 0.8398931350000001 0.01161017857142854 0.13543319000000012
0 0.6549782621428571 0.8398931350000001 0.01161017857142854 0.13543319000000012
0 0.202164595 0.8398931350000001 0.01161017857142858 0.13543319000000012
0 0.7735931664285713 0.8398931350000001 0.011610178571428703 0.13543319000000012
0 0.08354969071428572 0.8398931350000001 0.01161017857142857 0.13543319000000012
0 0.940692547857143 0.8398931350000001 0.011610178571428703 0.13543319000000012
0 0.35629515928571426 0.7979218349999999 0.011239641428571433 0.14495243000000002
0 0.642009445 0.7979218349999999 0.011239641428571433 0.14495243000000002
0 0.21513341214285714 0.7979218349999999 0.011239641428571433 0.14495243000000002
0 0.7865619835714285 0.7979218349999999 0.011239641428571433 0.14495243000000002
0 0.07058087357142857 0.7979218349999999 0.011239641428571423 0.14495243000000002
0 0.9277237307142858 0.7979218349999999 0.011239641428571433 0.14495243000000002
0 0.35675832714285716 0.926715575 0.011177891428571424 0.13326971
0 0.6424726128571429 0.926715575 0.011177891428571505 0.13326971
0 0.2146702442857143 0.926715575 0.011177891428571424 0.13326971
0 0.7860988157142856 0.926715575 0.011177891428571424 0.13326971
0 0.07104404142857143 0.926715575 0.011177891428571424 0.13326971
0 0.9281868985714287 0.926715575 0.011177891428571424 0.13326971
0 0.3682021814285715 0.7109647250000001 0.012574402857142834 0.14538514999999996
0 0.6539164671428571 0.7109647250000001 0.012574402857142834 0.14538514999999996
0 0.20322638999999998 0.7109647250000001 0.012574402857142876 0.14538514999999996
0 0.7746549614285714 0.7109647250000001 0.012574402857142754 0.14538514999999996
0 0.0824878957142857 0.7109647250000001 0.012574402857142855 0.14538514999999996
0 0.9396307528571429 0.7109647250000001 0.012574402857142754 0.14538514999999996
0 0.3560790107142857 0.66899342 0.01093086428571427 0.14019279999999995
0 0.6417932964285714 0.66899342 0.010930864285714312 0.14019279999999995
0 0.21534956071428568 0.66899342 0.01093086428571427 0.14019279999999995
0 0.7867781321428572 0.66899342 0.010930864285714312 0.14019279999999995
0 0.070364725 0.66899342 0.010930864285714291 0.14019279999999995
0 0.9275075821428571 0.66899342 0.010930864285714312 0.14019279999999995
0 0.34246175071428575 0.63124314 0.011363152857142853 0.1422700600000001
0 0.6281760364285714 0.63124314 0.011363152857142853 0.1422700600000001
0 0.2289668207142857 0.63124314 0.011363152857142853 0.1422700600000001
0 0.8003953921428572 0.63124314 0.011363152857142853 0.1422700600000001
0 0.056747465 0.63124314 0.011363152857142863 0.1422700600000001
0 0.9138903221428571 0.63124314 0.011363152857142853 0.1422700600000001
0 0.34363458928571433 0.7592774299999999 0.01136209857142859 0.13889473999999993
0 0.6293488749999999 0.7592774299999999 0.01136209857142855 0.13889473999999993
0 0.22779398214285712 0.7592774299999999 0.01136209857142859 0.13889473999999993
0 0.7992225535714287 0.7592774299999999 0.011362098571428468 0.13889473999999993
0 0.05792030357142857 0.7592774299999999 0.011362098571428569 0.13889473999999993
0 0.9150631607142856 0.7592774299999999 0.011362098571428468 0.13889473999999993
0 0.34360424142857143 0.8882985999999999 0.01043681714285717 0.13605143999999997
0 0.6293185271428571 0.8882985999999999 0.01043681714285713 0.13605143999999997
0 0.22782433000000002 0.8882985999999999 0.01043681714285717 0.13605143999999997
0 0.7992529014285714 0.8882985999999999 0.010436817142857048 0.13605143999999997
0 0.05788995571428572 0.8882985999999999 0.010436817142857139 0.13605143999999997
0 0.9150328128571429 0.8882985999999999 0.010436817142857048 0.13605143999999997
0 0.3309338642857143 0.848547005 0.010663160000000005 0.13370239000000012
0 0.61664815 0.848547005 0.010663159999999965 0.13370239000000012
0 0.24049470714285714 0.848547005 0.010663160000000005 0.13370239000000012
0 0.8119232785714287 0.848547005 0.010663159999999965 0.13370239000000012
0 0.04521957857142857 0.848547005 0.010663159999999994 0.13370239000000012
0 0.9023624357142856 0.848547005 0.010663159999999965 0.13370239000000012
0 0.3307898128571428 0.7273783149999999 0.010251537142857136 0.1345404099999999
0 0.6165040985714285 0.7273783149999999 0.010251537142857176 0.1345404099999999
0 0.24063875857142858 0.7273783149999999 0.010251537142857136 0.1345404099999999
0 0.81206733 0.7273783149999999 0.010251537142857094 0.1345404099999999
0 0.04507552714285715 0.7273783149999999 0.01025153714285714 0.1345404099999999
0 0.9022183842857142 0.7273783149999999 0.010251537142857094 0.1345404099999999
0 0.3306867885714286 0.5991525849999999 0.010539551428571403 0.13976010999999994
0 0.6164010742857143 0.5991525849999999 0.010539551428571485 0.13976010999999994
0 0.24074178285714287 0.5991525849999999 0.010539551428571403 0.13976010999999994
0 0.8121703542857144 0.5991525849999999 0.010539551428571324 0.13976010999999994
0 0.04497250285714286 0.5991525849999999 0.01053955142857143 0.13976010999999994
0 0.9021153599999999 0.5991525849999999 0.010539551428571324 0.13976010999999994
0 0.3193746492857143 0.568044315 0.008920872857142846 0.13466960999999997
0 0.6050889349999999 0.568044315 0.008920872857142804 0.13466960999999997
0 0.25205392214285716 0.568044315 0.008920872857142846 0.13466960999999997
0 0.8234824935714286 0.568044315 0.008920872857142968 0.13466960999999997
0 0.03366036357142858 0.568044315 0.00892087285714286 0.13466960999999997
0 0.8908032207142857 0.568044315 0.008920872857142968 0.13466960999999997
0 0.31805562214285715 0.68717511 0.010046321428571413 0.1290191200000001
0 0.6037699078571429 0.68717511 0.010046321428571413 0.1290191200000001
0 0.2533729492857143 0.68717511 0.010046321428571413 0.1290191200000001
0 0.8248015207142857 0.68717511 0.010046321428571576 0.1290191200000001
0 0.032341336428571434 0.68717511 0.010046321428571429 0.1290191200000001
0 0.8894841935714286 0.68717511 0.010046321428571576 0.1290191200000001
0 0.31904734500000004 0.80866029 0.010148004285714276 0.12901907999999992
0 0.6047616307142857 0.80866029 0.010148004285714315 0.12901907999999992
0 0.2523812264285714 0.80866029 0.010148004285714276 0.12901907999999992
0 0.8238097978571428 0.80866029 0.010148004285714315 0.12901907999999992
0 0.033333059285714284 0.80866029 0.010148004285714286 0.12901907999999992
0 0.8904759164285715 0.80866029 0.010148004285714315 0.12901907999999992
0 0.3202570378571428 0.9310715500000001 0.008803907142857139 0.13608220000000004
0 0.6059713235714286 0.9310715500000001 0.008803907142857139 0.13608220000000004
0 0.2511715335714286 0.9310715500000001 0.008803907142857139 0.13608220000000004
0 0.822600105 0.9310715500000001 0.008803907142857139 0.13608220000000004
0 0.034542752142857146 0.9310715500000001 0.008803907142857139 0.13608220000000004
0 0.8916856092857143 0.9310715500000001 0.008803907142857139 0.13608220000000004
0 0.35320912 0.401142465 0.014819594285714287 0.13949747
0 0.6389234057142857 0.401142465 0.014819594285714287 0.13949747
0 0.2182194514285714 0.401142465 0.014819594285714287 0.13949747
0 0.7896480228571429 0.401142465 0.014819594285714208 0.13949747
0 0.06749483428571429 0.401142465 0.014819594285714287 0.13949747
0 0.9246376914285714 0.401142465 0.014819594285714208 0.13949747