0 0.4467857892857143 0.57264388 0.022278578571428592 0.17210398
0 0.4708923528571428 0.496998205 0.020222091428571422 0.16810163000000003
0 0.4513306292857143 0.75588212 0.02141483285714287 0.16235314000000003
0 0.4891386414285714 0.722189225 0.024173714285714302 0.18331073000000003
0 0.5080804414285713 0.643741835 0.02330682285714285 0.16570011
0 0.49810856785714286 0.552886935 0.024970710000000052 0.17610641000000002
0 0.51670625 0.76861727 0.016337628571428613 0.13047882000000002
0 0.5345862478571428 0.7402001100000001 0.014623889999999976 0.13127930000000007
0 0.5231042078571428 0.5222986000000001 0.023192575714285714 0.1761972
0 0.5075503507142857 0.36932708000000003 0.019568561428571423 0.16329866000000004
0 0.5324155128571428 0.37613121 0.022849825714285673 0.1801088
0 0.5416125621428571 0.24579745 0.020679081428571392 0.16730106
0 0.5594354235714286 0.41227379999999997 0.0211360871428572 0.16414759999999995
0 0.5417268178571428 0.47511725499999996 0.020907592857142845 0.16383451000000002
0 0.5305303914285714 0.60685422 0.019993597142857148 0.14530844
0 0.5502292578571428 0.558235185 0.019212090000000005 0.15929625000000003
0 0.5499527514285715 0.711376645 0.014966625714285685 0.12887785000000007
0 0.5645766428571429 0.675755135 0.013367142857142897 0.13288030999999997
0 0.56591756 0.48619164499999995 0.011022022857142865 0.15929622999999998
0 0.4103570678571429 0.57264388 0.022278578571428592 0.17210398
0 0.6960713535714286 0.57264388 0.022278578571428592 0.17210398
0 0.16107150357142858 0.57264388 0.02227857857142857 0.17210398
0 0.732500075 0.57264388 0.022278578571428592 0.17210398
0 0.12464278214285712 0.57264388 0.02227857857142857 0.17210398
0 0.9817856392857143 0.57264388 0.022278578571428592 0.17210398
0 0.38625050428571434 0.496998205 0.020222091428571422 0.16810163000000003
0 0.67196479 0.496998205 0.020222091428571422 0.16810163000000003
0 0.18517806714285714 0.496998205 0.020222091428571443 0.16810163000000003
0 0.7566066385714285 0.496998205 0.02022209142857134 0.16810163000000003
0 0.10053621857142858 0.496998205 0.020222091428571433 0.16810163000000003
0 0.9576790757142858 0.496998205 0.02022209142857134 0.16810163000000003
0 0.4058122278571428 0.75588212 0.02141483285714287 0.16235314000000003
0 0.6915265135714286 0.75588212 0.02141483285714287 0.16235314000000003
0 0.16561634357142857 0.75588212 0.021414832857142848 0.16235314000000003
0 0.737044915 0.75588212 0.021414832857142952 0.16235314000000003
0 0.12009794214285713 0.75588212 0.021414832857142848 0.16235314000000003
0 0.9772407992857143 0.75588212 0.021414832857142952 0.16235314000000003
0 0.36800421571428577 0.722189225 0.024173714285714302 0.18331073000000003
0 0.6537185014285715 0.722189225 0.024173714285714302 0.18331073000000003
0 0.2034243557142857 0.722189225 0.024173714285714264 0.18331073000000003
0 0.774852927142857 0.722189225 0.024173714285714302 0.18331073000000003
0 0.08228993 0.722189225 0.024173714285714284 0.18331073000000003
0 0.9394327871428573 0.722189225 0.024173714285714302 0.18331073000000003
0 0.3490624157142857 0.643741835 0.02330682285714285 0.16570011
0 0.6347767014285715 0.643741835 0.02330682285714285 0.16570011
0 0.2223661557142857 0.643741835 0.02330682285714285 0.16570011
0 0.793794727142857 0.643741835 0.02330682285714293 0.16570011
0 0.06334813 0.643741835 0.02330682285714285 0.16570011
0 0.9204909871428572 0.643741835 0.02330682285714293 0.16570011
0 0.3590342892857143 0.552886935 0.024970710000000052 0.17610641000000002
0 0.644748575 0.552886935 0.024970710000000052 0.17610641000000002
0 0.21239428214285713 0.552886935 0.024970710000000014 0.17610641000000002
0 0.7838228535714286 0.552886935 0.024970710000000052 0.17610641000000002
0 0.07332000357142858 0.552886935 0.024970710000000004 0.17610641000000002
0 0.9304628607142857 0.552886935 0.024970710000000052 0.17610641000000002
0 0.3404366071428572 0.76861727 0.016337628571428574 0.13047882000000002
0 0.6261508928571428 0.76861727 0.016337628571428613 0.13047882000000002
0 0.23099196428571425 0.76861727 0.016337628571428574 0.13047882000000002
0 0.8024205357142857 0.76861727 0.016337628571428533 0.13047882000000002
0 0.054722321428571426 0.76861727 0.016337628571428574 0.13047882000000002
0 0.9118651785714286 0.76861727 0.016337628571428533 0.13047882000000002
0 0.3225566092857143 0.7402001100000001 0.014623889999999976 0.13127930000000007
0 0.608270895 0.7402001100000001 0.014623889999999976 0.13127930000000007
0 0.24887196214285714 0.7402001100000001 0.014623889999999976 0.13127930000000007
0 0.8203005335714286 0.7402001100000001 0.01462389000000014 0.13127930000000007
0 0.03684232357142857 0.7402001100000001 0.014623890000000002 0.13127930000000007
0 0.8939851807142857 0.7402001100000001 0.01462389000000014 0.13127930000000007
0 0.3340386492857143 0.5222986000000001 0.023192575714285714 0.1761972
0 0.6197529350000001 0.5222986000000001 0.023192575714285714 0.1761972
0 0.23738992214285715 0.5222986000000001 0.023192575714285714 0.1761972
0 0.8088184935714285 0.5222986000000001 0.02319257571428563 0.1761972
0 0.04832436357142857 0.5222986000000001 0.023192575714285717 0.1761972
0 0.9054672207142858 0.5222986000000001 0.02319257571428563 0.1761972
0 0.3495925064285714 0.36932708000000003 0.019568561428571423 0.16329866000000004
0 0.6353067921428572 0.36932708000000003 0.019568561428571423 0.16329866000000004
0 0.221836065 0.36932708000000003 0.019568561428571423 0.16329866000000004
0 0.7932646364285714 0.36932708000000003 0.019568561428571423 0.16329866000000004
0 0.06387822071428571 0.36932708000000003 0.019568561428571433 0.16329866000000004
0 0.9210210778571429 0.36932708000000003 0.019568561428571423 0.16329866000000004
0 0.3247273442857143 0.37613121 0.022849825714285715 0.1801088
0 0.6104416300000001 0.37613121 0.022849825714285673 0.1801088
0 0.24670122714285714 0.37613121 0.022849825714285715 0.1801088
0 0.8181297985714286 0.37613121 0.022849825714285836 0.1801088
0 0.03901305857142857 0.37613121 0.022849825714285708 0.1801088
0 0.8961559157142857 0.37613121 0.022849825714285836 0.1801088
0 0.315530295 0.24579745 0.020679081428571392 0.16730106
0 0.6012445807142857 0.24579745 0.020679081428571392 0.16730106
0 0.25589827642857144 0.24579745 0.020679081428571392 0.16730106
0 0.8273268478571429 0.24579745 0.020679081428571472 0.16730106
0 0.029816009285714287 0.24579745 0.02067908142857143 0.16730106
0 0.8869588664285714 0.24579745 0.020679081428571472 0.16730106
0 0.29770743357142854 0.41227379999999997 0.021136087142857158 0.16414759999999995
0 0.5834217192857143 0.41227379999999997 0.0211360871428572 0.16414759999999995
0 0.27372113785714286 0.41227379999999997 0.021136087142857158 0.16414759999999995
0 0.8451497092857143 0.41227379999999997 0.021136087142857116 0.16414759999999995
0 0.011993147857142856 0.41227379999999997 0.021136087142857144 0.16414759999999995
0 0.869136005 0.41227379999999997 0.021136087142857116 0.16414759999999995
0 0.31541603928571427 0.47511725499999996 0.020907592857142845 0.16383451000000002
0 0.601130325 0.47511725499999996 0.020907592857142845 0.16383451000000002
0 0.25601253214285713 0.47511725499999996 0.020907592857142845 0.16383451000000002
0 0.8274411035714286 0.47511725499999996 0.020907592857142845 0.16383451000000002
0 0.029701753571428572 0.47511725499999996 0.020907592857142856 0.16383451000000002
0 0.8868446107142857 0.47511725499999996 0.020907592857142845 0.16383451000000002
0 0.3266124657142857 0.60685422 0.019993597142857148 0.14530844
0 0.6123267514285715 0.60685422 0.019993597142857148 0.14530844
0 0.24481610571428572 0.60685422 0.019993597142857148 0.14530844
0 0.8162446771428571 0.60685422 0.01999359714285707 0.14530844
0 0.04089818 0.60685422 0.019993597142857148 0.14530844
0 0.8980410371428572 0.60685422 0.01999359714285707 0.14530844
0 0.30691359928571427 0.558235185 0.019212090000000005 0.15929625000000003
0 0.5926278850000001 0.558235185 0.019212090000000005 0.15929625000000003
0 0.26451497214285713 0.558235185 0.019212090000000005 0.15929625000000003
0 0.8359435435714285 0.558235185 0.019212090000000088 0.15929625000000003
0 0.021199313571428572 0.558235185 0.01921209 0.15929625000000003
0 0.8783421707142858 0.558235185 0.019212090000000088 0.15929625000000003
0 0.30719010571428573 0.711376645 0.014966625714285685 0.12887785000000007
0 0.5929043914285714 0.711376645 0.014966625714285685 0.12887785000000007
0 0.2642384657142857 0.711376645 0.014966625714285685 0.12887785000000007
0 0.8356670371428572 0.711376645 0.014966625714285685 0.12887785000000007
0 0.02147582 0.711376645 0.014966625714285713 0.12887785000000007
0 0.878618677142857 0.711376645 0.014966625714285685 0.12887785000000007
0 0.29256621428571433 0.675755135 0.013367142857142857 0.13288030999999997
0 0.5782805 0.675755135 0.013367142857142897 0.13288030999999997
0 0.2788623571428571 0.675755135 0.013367142857142857 0.13288030999999997
0 0.8502909285714286 0.675755135 0.013367142857142815 0.13288030999999997
0 0.006851928571428572 0.675755135 0.013367142857142857 0.13288030999999997
0 0.8639947857142857 0.675755135 0.013367142857142815 0.13288030999999997
0 0.29122529714285716 0.48619164499999995 0.011022022857142865 0.15929622999999998
0 0.5769395828571429 0.48619164499999995 0.011022022857142865 0.15929622999999998
0 0.2802032742857143 0.48619164499999995 0.011022022857142865 0.15929622999999998
0 0.8516318457142857 0.48619164499999995 0.011022022857142865 0.15929622999999998
0 0.005511011428571429 0.48619164499999995 0.011022022857142858 0.15929622999999998
0 0.8626538685714286 0.48619164499999995 0.011022022857142865 0.15929622999999998