0 0.06328125 0.365625 0.04375 0.0296875
0 0.1046875 0.35390625 0.0453125 0.0328125
0 0.15078125 0.353125 0.0453125 0.0359375
0 0.19296875 0.34765625 0.040625 0.034375
0 0.2296875 0.346875 0.0390625 0.034375
0 0.278125 0.34296875 0.0390625 0.034375
0 0.31484375 0.33984375 0.0390625 0.034375
0 0.36015625 0.34453125 0.04375 0.034375
0 0.4046875 0.3375 0.040625 0.0328125
0 0.4640625 0.340625 0.0421875 0.03125
0 0.5046875 0.33359375 0.0390625 0.034375
0 0.5453125 0.33828125 0.0421875 0.0328125
0 0.58515625 0.3359375 0.04375 0.034375
0 0.6234375 0.33046875 0.0453125 0.0359375
0 0.6765625 0.33046875 0.04375 0.0375
0 0.71640625 0.32265625 0.0390625 0.0328125
0 0.75859375 0.3296875 0.0359375 0.034375
0 0.8078125 0.32421875 0.0390625 0.0328125
0 0.85546875 0.3359375 0.0453125 0.0359375
0 0.88828125 0.32890625 0.0421875 0.034375
0 0.04765625 0.3921875 0.04375 0.03125
0 0.1046875 0.38515625 0.0421875 0.0265625
0 0.14296875 0.384375 0.0390625 0.03125
0 0.1859375 0.38203125 0.0453125 0.034375
0 0.22734375 0.38046875 0.046875 0.0296875
0 0.265625 0.375 0.0421875 0.03125
0 0.30703125 0.375 0.04375 0.0328125
0 0.34921875 0.375 0.04375 0.028125
0 0.38984375 0.3671875 0.0421875 0.025
0 0.43671875 0.3625 0.0390625 0.028125
0 0.47421875 0.36875 0.040625 0.028125
0 0.52109375 0.365625 0.046875 0.0296875
0 0.56484375 0.3640625 0.0421875 0.03125
0 0.61484375 0.365625 0.0421875 0.03125
0 0.65546875 0.3609375 0.040625 0.0328125
0 0.70234375 0.36171875 0.0390625 0.0359375
0 0.7421875 0.359375 0.0375 0.0328125
0 0.7796875 0.35390625 0.0390625 0.0359375
0 0.82109375 0.35625 0.0390625 0.034375
0 0.88671875 0.3625 0.040625 0.03125
0 0.08125 0.4140625 0.040625 0.025
0 0.12421875 0.41328125 0.040625 0.028125
0 0.1703125 0.4078125 0.0484375 0.0296875
0 0.21171875 0.4078125 0.0390625 0.028125
0 0.25 0.4078125 0.046875 0.0296875
0 0.290625 0.403125 0.0453125 0.028125
0 0.33125 0.403125 0.0390625 0.028125
0 0.3734375 0.4015625 0.0375 0.0234375
0 0.41171875 0.390625 0.0359375 0.0265625
0 0.4640625 0.3984375 0.04375 0.0296875
0 0.50234375 0.39296875 0.040625 0.0328125
0 0.546875 0.38984375 0.0421875 0.03125
0 0.5890625 0.3890625 0.0390625 0.0265625
0 0.6390625 0.3921875 0.04375 0.0296875
0 0.678125 0.3890625 0.0359375 0.0265625
0 0.71328125 0.3921875 0.040625 0.0328125
0 0.75625 0.390625 0.0375 0.0328125
0 0.79375 0.3859375 0.0421875 0.0265625
0 0.8484375 0.3859375 0.0453125 0.034375
0 0.8859375 0.39296875 0.034375 0.0296875
0 0.065625 0.4421875 0.04375 0.03125
0 0.10859375 0.4390625 0.040625 0.028125
0 0.15078125 0.4375 0.0421875 0.0296875
0 0.19140625 0.43515625 0.0421875 0.028125
0 0.2296875 0.434375 0.0421875 0.028125
0 0.26796875 0.43515625 0.04375 0.0296875
0 0.3125 0.43125 0.053125 0.03125
0 0.35546875 0.428125 0.0359375 0.028125
0 0.39609375 0.4265625 0.04375 0.028125
0 0.4328125 0.41796875 0.0421875 0.0296875
0 0.49140625 0.4234375 0.0453125 0.028125
0 0.52734375 0.415625 0.040625 0.03125
0 0.5734375 0.4171875 0.04375 0.0296875
0 0.60859375 0.4171875 0.0390625 0.028125
0 0.65 0.4234375 0.0359375 0.028125
0 0.684375 0.41640625 0.034375 0.025
0 0.73046875 0.4140625 0.046875 0.021875
0 0.77578125 0.41328125 0.040625 0.0296875
0 0.81328125 0.40859375 0.0359375 0.028125
0 0.853125 0.4125 0.0390625 0.0296875
0 0.06796875 0.4796875 0.040625 0.0296875
0 0.1359375 0.46484375 0.0421875 0.028125
0 0.29921875 0.503125 0.040625 0.03125
0 0.178125 0.465625 0.040625 0.0296875
0 0.215625 0.4625 0.040625 0.025
0 0.25546875 0.4609375 0.040625 0.0265625
0 0.2953125 0.459375 0.0328125 0.0265625
0 0.3328125 0.45703125 0.0375 0.028125
0 0.3734375 0.45625 0.04375 0.0296875
0 0.4140625 0.453125 0.040625 0.03125
0 0.45859375 0.440625 0.040625 0.03125
0 0.496875 0.44921875 0.0390625 0.028125
0 0.5375 0.44453125 0.040625 0.0296875
0 0.584375 0.4484375 0.0390625 0.034375
0 0.6234375 0.44375 0.0390625 0.03125
0 0.665625 0.4453125 0.0390625 0.03125
0 0.70859375 0.43984375 0.0390625 0.0296875
0 0.74609375 0.43984375 0.0359375 0.028125
0 0.78671875 0.43984375 0.0359375 0.0265625
0 0.82578125 0.43828125 0.040625 0.0265625
0 0.878125 0.434375 0.0359375 0.028125
0 0.090625 0.5109375 0.04375 0.0296875
0 0.13046875 0.5125 0.0328125 0.0265625
0 0.1703125 0.5078125 0.0390625 0.0234375
0 0.22109375 0.50703125 0.0421875 0.0296875
0 0.2609375 0.50703125 0.0390625 0.0296875
0 0.340625 0.50078125 0.0421875 0.0296875
0 0.3828125 0.49921875 0.040625 0.028125
0 0.4203125 0.49921875 0.0390625 0.03125
0 0.46015625 0.49765625 0.040625 0.0296875
0 0.50234375 0.49921875 0.034375 0.0265625
0 0.5375 0.490625 0.0390625 0.028125
0 0.5796875 0.49453125 0.0375 0.028125
0 0.61953125 0.49453125 0.0390625 0.028125
0 0.6578125 0.49375 0.034375 0.025
0 0.69765625 0.4890625 0.0390625 0.034375
0 0.7375 0.4875 0.0375 0.028125
0 0.775 0.484375 0.0359375 0.0265625
0 0.8125 0.48203125 0.0390625 0.028125
0 0.85078125 0.4796875 0.0375 0.0265625
0 0.10703125 0.53828125 0.0390625 0.028125
0 0.159375 0.534375 0.0375 0.0203125
0 0.2046875 0.53359375 0.0375 0.0265625
0 0.2421875 0.53125 0.040625 0.0234375
0 0.28671875 0.52890625 0.040625 0.0203125
0 0.32265625 0.52734375 0.0421875 0.0265625
0 0.36171875 0.52421875 0.0375 0.0234375
0 0.40546875 0.5234375 0.0328125 0.0234375
0 0.44375 0.52265625 0.0375 0.0234375
0 0.48515625 0.52578125 0.0328125 0.025
0 0.56328125 0.52109375 0.0359375 0.025
0 0.6015625 0.51953125 0.0390625 0.0265625
0 0.6390625 0.51796875 0.0375 0.0265625
0 0.678125 0.5171875 0.0390625 0.0265625
0 0.7140625 0.51171875 0.034375 0.0265625
0 0.76171875 0.5125 0.034375 0.0234375
0 0.79921875 0.50859375 0.0375 0.0296875
0 0.8375 0.50546875 0.0328125 0.0234375
0 0.87890625 0.50078125 0.0375 0.0265625
0 0.09921875 0.56640625 0.040625 0.0265625
0 0.1375 0.55859375 0.0421875 0.028125
0 0.18125 0.5625 0.04375 0.0296875
0 0.215625 0.559375 0.0421875 0.028125
0 0.26484375 0.55546875 0.053125 0.03125
0 0.30234375 0.55546875 0.04375 0.034375
0 0.34140625 0.55234375 0.0390625 0.03125
0 0.37890625 0.55 0.0421875 0.0296875
0 0.41953125 0.54921875 0.0390625 0.028125
0 0.4578125 0.54609375 0.0375 0.028125
0 0.51328125 0.54453125 0.0375 0.0265625
0 0.55 0.5453125 0.0390625 0.0265625
0 0.5890625 0.5453125 0.0375 0.0265625
0 0.62890625 0.5453125 0.0375 0.0265625
0 0.665625 0.5421875 0.0359375 0.0265625
0 0.70390625 0.53984375 0.0359375 0.0265625
0 0.740625 0.53828125 0.0359375 0.0265625
0 0.77890625 0.53359375 0.0359375 0.025
0 0.821875 0.534375 0.0359375 0.0234375
0 0.8640625 0.53125 0.0359375 0.0265625
0 0.1109375 0.59453125 0.0359375 0.0265625
0 0.1578125 0.584375 0.0453125 0.025
0 0.1953125 0.590625 0.0453125 0.025
0 0.23515625 0.5859375 0.040625 0.028125
0 0.275 0.58515625 0.040625 0.028125
0 0.3125 0.58046875 0.0390625 0.0234375
0 0.353125 0.58203125 0.0390625 0.028125
0 0.38984375 0.575 0.040625 0.028125
0 0.428125 0.575 0.040625 0.0234375
0 0.46328125 0.571875 0.0359375 0.0234375
0 0.4984375 0.56953125 0.040625 0.0296875
0 0.53671875 0.57109375 0.040625 0.025
0 0.57265625 0.571875 0.034375 0.025
0 0.609375 0.57109375 0.0390625 0.028125
0 0.646875 0.56640625 0.0359375 0.0234375
0 0.68515625 0.56640625 0.034375 0.025
0 0.72109375 0.56171875 0.03125 0.025
0 0.76328125 0.56015625 0.040625 0.028125
0 0.7984375 0.55625 0.0390625 0.0265625
0 0.84296875 0.5546875 0.0359375 0.028125
0 0.86640625 0.56796875 0.034375 0.025
0 0.821875 0.5765625 0.034375 0.0265625
0 0.78046875 0.58125 0.0375 0.0265625
0 0.7453125 0.58359375 0.0375 0.025
0 0.70703125 0.58828125 0.0359375 0.025
0 0.66640625 0.5890625 0.0359375 0.025
0 0.6265625 0.59296875 0.0328125 0.0265625
0 0.5859375 0.59453125 0.0359375 0.0265625
0 0.55 0.59453125 0.0359375 0.0265625
0 0.51015625 0.5953125 0.0359375 0.025
0 0.47265625 0.596875 0.0375 0.0265625
0 0.43359375 0.6015625 0.0375 0.028125
0 0.39140625 0.603125 0.0390625 0.028125
0 0.35234375 0.609375 0.0390625 0.0265625
0 0.31328125 0.6078125 0.0390625 0.0265625
0 0.2765625 0.6109375 0.0375 0.028125
0 0.2390625 0.61171875 0.0375 0.028125
0 0.19765625 0.61796875 0.040625 0.028125
0 0.15859375 0.61953125 0.0375 0.0265625
0 0.1125 0.62734375 0.0390625 0.0265625
0 0.14765625 0.6640625 0.040625 0.0296875
0 0.1390625 0.68984375 0.0390625 0.028125
0 0.1875 0.66015625 0.0421875 0.028125
0 0.22890625 0.66171875 0.0390625 0.0265625
0 0.26796875 0.6546875 0.0359375 0.0296875
0 0.3046875 0.65390625 0.034375 0.025
0 0.340625 0.646875 0.04375 0.0234375
0 0.3859375 0.64609375 0.0421875 0.0265625
0 0.42109375 0.64609375 0.0359375 0.0265625
0 0.45625 0.6453125 0.0421875 0.0234375
0 0.49375 0.63984375 0.0453125 0.03125
0 0.5296875 0.6296875 0.0359375 0.025
0 0.56953125 0.6328125 0.0375 0.028125
0 0.60390625 0.63125 0.034375 0.0234375
0 0.6421875 0.628125 0.0390625 0.025
0 0.68046875 0.62734375 0.0390625 0.0265625
0 0.71796875 0.62421875 0.04375 0.0296875
0 0.75546875 0.61953125 0.0359375 0.025
0 0.7875 0.6125 0.03125 0.0234375
0 0.82265625 0.6109375 0.0375 0.0265625
0 0.8578125 0.609375 0.0390625 0.0265625
0 0.1765625 0.68515625 0.0375 0.0234375
0 0.2125 0.6828125 0.0390625 0.0203125
0 0.2515625 0.68046875 0.040625 0.0234375
0 0.28984375 0.675 0.0453125 0.0234375
0 0.3296875 0.67265625 0.0453125 0.0203125
0 0.36484375 0.6671875 0.040625 0.0234375
0 0.4046875 0.67265625 0.05 0.0203125
0 0.4421875 0.67109375 0.04375 0.025
0 0.47890625 0.66640625 0.040625 0.025
0 0.51328125 0.65859375 0.0390625 0.025
0 0.5484375 0.6546875 0.0359375 0.0234375
0 0.584375 0.65234375 0.04375 0.025
0 0.6234375 0.65078125 0.040625 0.0203125
0 0.66171875 0.646875 0.0390625 0.0203125
0 0.7 0.64453125 0.0359375 0.0234375
0 0.73515625 0.6421875 0.0359375 0.0234375
0 0.771875 0.640625 0.0390625 0.0265625
0 0.80390625 0.634375 0.0359375 0.0296875
0 0.8359375 0.63046875 0.0375 0.0203125
0 0.15703125 0.70703125 0.0453125 0.021875
0 0.1984375 0.70625 0.0421875 0.0234375
0 0.2359375 0.70234375 0.046875 0.0265625
0 0.278125 0.69765625 0.04375 0.0265625
0 0.31484375 0.6984375 0.0421875 0.0265625
0 0.35625 0.690625 0.0453125 0.021875
0 0.390625 0.69375 0.0375 0.0265625
0 0.42890625 0.69375 0.0390625 0.025
0 0.465625 0.68828125 0.040625 0.028125
0 0.50078125 0.68515625 0.0328125 0.0265625
0 0.5390625 0.67890625 0.0390625 0.0234375
0 0.5734375 0.6765625 0.0390625 0.0234375
0 0.615625 0.67421875 0.0375 0.025
0 0.6484375 0.67109375 0.0375 0.0234375
0 0.6828125 0.66796875 0.0421875 0.028125
0 0.71484375 0.66328125 0.034375 0.028125
0 0.75234375 0.6640625 0.040625 0.028125
0 0.79140625 0.6578125 0.0359375 0.0265625
0 0.82265625 0.653125 0.034375 0.0265625
0 0.8578125 0.64453125 0.034375 0.025
0 0.14375 0.734375 0.0421875 0.0265625
0 0.1375 0.7578125 0.0390625 0.028125
0 0.18203125 0.73125 0.0375 0.0234375
0 0.18359375 0.7578125 0.0390625 0.025
0 0.24296875 0.75 0.0375 0.0265625
0 0.2203125 0.728125 0.0421875 0.0265625
0 0.25859375 0.7234375 0.0390625 0.025
0 0.28203125 0.746875 0.0375 0.025
0 0.2984375 0.7234375 0.040625 0.025
0 0.3203125 0.74140625 0.034375 0.0265625
0 0.33515625 0.71953125 0.0421875 0.028125
0 0.3703125 0.71796875 0.0421875 0.0234375
0 0.3625 0.74453125 0.0375 0.0234375
0 0.39609375 0.7359375 0.034375 0.0234375
0 0.4125 0.7171875 0.0421875 0.0234375
0 0.4328125 0.73515625 0.034375 0.0234375
0 0.45078125 0.70859375 0.04375 0.025
0 0.46875 0.728125 0.0375 0.028125
0 0.48359375 0.7046875 0.0359375 0.01875
0 0.503125 0.7265625 0.0390625 0.0234375
0 0.521875 0.69921875 0.0390625 0.0234375
0 0.5375 0.7234375 0.0359375 0.028125
0 0.559375 0.69765625 0.0390625 0.021875
0 0.57578125 0.71953125 0.0359375 0.0234375
0 0.59453125 0.69453125 0.0390625 0.028125
0 0.61171875 0.71875 0.0359375 0.0265625
0 0.63046875 0.69453125 0.0359375 0.028125
0 0.6453125 0.71796875 0.0359375 0.0265625
0 0.66328125 0.6890625 0.03125 0.025
0 0.68203125 0.71484375 0.0359375 0.025
0 0.70703125 0.6875 0.03125 0.0203125
0 0.73671875 0.684375 0.0390625 0.0265625
0 0.78046875 0.68203125 0.0359375 0.0234375
0 0.81171875 0.678125 0.0359375 0.0234375
0 0.86015625 0.67109375 0.0421875 0.0265625
0 0.71875 0.71015625 0.0359375 0.025
0 0.75234375 0.709375 0.0359375 0.0234375
0 0.7875 0.70390625 0.034375 0.0234375
0 0.821875 0.70078125 0.0328125 0.0234375
0 0.85703125 0.6953125 0.0328125 0.025
0 0.18125 0.79765625 0.0390625 0.0296875
0 0.21796875 0.790625 0.0375 0.0265625
0 0.25625 0.7859375 0.0375 0.0234375
0 0.29609375 0.78984375 0.0390625 0.0234375
0 0.33359375 0.78203125 0.034375 0.0265625
0 0.371875 0.77421875 0.0375 0.0234375
0 0.40625 0.77109375 0.034375 0.025
0 0.44140625 0.76953125 0.034375 0.0265625
0 0.4765625 0.76953125 0.0375 0.0296875
0 0.54921875 0.76328125 0.0359375 0.03125
0 0.584375 0.76171875 0.0328125 0.025
0 0.61796875 0.7578125 0.03125 0.0265625
0 0.65390625 0.75625 0.0390625 0.0265625
0 0.6890625 0.75 0.0328125 0.0265625
0 0.72421875 0.74921875 0.034375 0.03125
0 0.75859375 0.75 0.0328125 0.021875
0 0.78984375 0.740625 0.0328125 0.025
0 0.821875 0.7328125 0.0328125 0.0234375
0 0.85625 0.725 0.03125 0.0234375
0 0.15546875 0.82421875 0.040625 0.0234375
0 0.2125 0.81875 0.040625 0.021875
0 0.2484375 0.81484375 0.034375 0.0234375
0 0.284375 0.8109375 0.040625 0.0234375
0 0.3203125 0.80625 0.040625 0.0265625
0 0.35703125 0.80546875 0.046875 0.025
0 0.3890625 0.7953125 0.0390625 0.0265625
0 0.428125 0.796875 0.034375 0.021875
0 0.4625 0.78984375 0.040625 0.025
0 0.4984375 0.78828125 0.0359375 0.028125
0 0.53359375 0.784375 0.0375 0.025
0 0.57109375 0.78359375 0.0359375 0.0234375
0 0.60625 0.78203125 0.03125 0.0265625
0 0.6421875 0.78125 0.0328125 0.0265625
0 0.6765625 0.77265625 0.0390625 0.028125
0 0.7109375 0.7703125 0.034375 0.028125
0 0.7453125 0.7703125 0.0359375 0.03125
0 0.78046875 0.76875 0.03125 0.0265625
0 0.81015625 0.7625 0.040625 0.0234375
0 0.84375 0.75078125 0.03125 0.021875
0 0.18359375 0.83984375 0.0375 0.0203125
0 0.16953125 0.8609375 0.0328125 0.021875
0 0.18671875 0.878125 0.0390625 0.021875
0 0.2125 0.865625 0.0453125 0.025
0 0.23671875 0.88125 0.0390625 0.021875
0 0.278125 0.8765625 0.0375 0.0234375
0 0.24921875 0.85625 0.0375 0.0296875
0 0.265625 0.83125 0.0484375 0.028125
0 0.31015625 0.86640625 0.0375 0.025
0 0.28984375 0.85078125 0.046875 0.028125
0 0.30625 0.83359375 0.040625 0.028125
0 0.33203125 0.84765625 0.034375 0.0234375
0 0.346875 0.86953125 0.034375 0.0234375
0 0.37265625 0.8453125 0.046875 0.021875
0 0.384375 0.8578125 0.0375 0.01875
0 0.37734375 0.821875 0.04375 0.025
0 0.41640625 0.82109375 0.0375 0.028125
0 0.40625 0.83984375 0.0453125 0.0234375
0 0.43984375 0.83359375 0.0421875 0.025
0 0.41796875 0.86015625 0.0328125 0.0265625
0 0.45234375 0.859375 0.0328125 0.025
0 0.44921875 0.8125 0.0375 0.025
0 0.51796875 0.80625 0.0359375 0.021875
0 0.47109375 0.8328125 0.034375 0.0234375
0 0.4828125 0.8515625 0.0328125 0.0203125
0 0.48671875 0.8109375 0.040625 0.025
0 0.50625 0.83203125 0.0390625 0.0234375
0 0.521875 0.84765625 0.0296875 0.021875
0 0.53984375 0.82578125 0.034375 0.0234375
0 0.553125 0.853125 0.0328125 0.021875
0 0.5546875 0.8046875 0.040625 0.021875
0 0.5734375 0.81875 0.0359375 0.021875
0 0.5859375 0.840625 0.0359375 0.0234375
0 0.5921875 0.8 0.040625 0.021875
0 0.6078125 0.81953125 0.0375 0.021875
0 0.62421875 0.83515625 0.0359375 0.021875
0 0.625 0.79765625 0.0375 0.0234375
0 0.6390625 0.81640625 0.034375 0.025
0 0.659375 0.83359375 0.034375 0.0203125
0 0.6578125 0.796875 0.0390625 0.025
0 0.67578125 0.81640625 0.034375 0.0203125
0 0.69453125 0.8359375 0.034375 0.0234375
0 0.69296875 0.78984375 0.0375 0.021875
0 0.70625 0.8078125 0.0390625 0.0265625
0 0.73046875 0.83203125 0.0390625 0.025
0 0.725 0.7890625 0.0390625 0.021875
0 0.76328125 0.78828125 0.0359375 0.0203125
0 0.7953125 0.78671875 0.034375 0.0203125
0 0.82578125 0.78125 0.0359375 0.01875
0 0.86171875 0.7671875 0.034375 0.0234375
0 0.875 0.79140625 0.03125 0.025
0 0.86640625 0.82578125 0.034375 0.0234375
0 0.74921875 0.8109375 0.0375 0.0234375
0 0.7640625 0.82890625 0.0359375 0.0203125
0 0.7828125 0.80703125 0.0359375 0.025
0 0.815625 0.80703125 0.04375 0.03125
0 0.79765625 0.83046875 0.034375 0.0234375
0 0.82890625 0.8328125 0.034375 0.0234375
0 0.52578125 0.51953125 0.0375 0.028125
0 0.5109375 0.76171875 0.0359375 0.025