0 0.47947647857142867 0.28407698000000003 0.02834767142857142 0.20611244000000004
0 0.47621387214285715 0.918728 0.02896857571428573 0.16254400000000005
0 0.5225266399999999 0.494545575 0.016913717142857162 0.13452959000000006
0 0.5336537285714286 0.259616945 0.012528031428571467 0.13734699000000003
0 0.5381421871428571 0.413163845 0.012530751428571421 0.12185141000000002
0 0.5224001064285714 0.7302031499999999 0.01666053571428571 0.12964417999999994
0 0.5462527985714286 0.321262555 0.005592445714285727 0.09866546999999998
0 0.5505920042857143 0.23909177 0.004540491428571483 0.09700333999999998
0 0.5541110735714285 0.11319161999999999 0.0039053014285713875 0.07781666
0 0.5505866307142857 0.50697085 0.004551324285714275 0.07536476
0 0.5565087221428571 0.35588796500000003 0.0038425985714285716 0.08657659
0 0.558155275 0.27431911 0.0032597328571428567 0.07184304000000001
0 0.5507319728571428 0.6701631849999999 0.005204634285714259 0.08926637
0 0.5602156742857143 0.43992494 0.004428317142857087 0.07606909999999999
0 0.5677463607142857 0.5283398300000001 0.0030752185714285523 0.06784395999999994
0 0.5647932978571428 0.670307085 0.004182298571428597 0.07818212999999993
0 0.5556083107142857 0.9448167799999999 0.004594124285714299 0.08029973999999995
0 0.54590691 0.964306725 0.004962191428571389 0.07138655
0 0.5670584721428572 0.84514364 0.0032211300000000165 0.07606909999999999
0 0.567550145 0.45947244 0.003967175714285694 0.06304270000000002
0 0.5677156078571428 0.387147365 0.003628764285714315 0.07113871000000004
0 0.5000484478571429 0.15628033 0.020603975714285686 0.16833808
0 0.5192378228571428 0.22186528500000002 0.0158066314285715 0.15268055
0 0.5213597249999999 0.106672225 0.01574513 0.16753755
0 0.5355672464285715 0.16885066999999998 0.012054872857142901 0.14178874
0 0.5361044435714286 0.082324255 0.011653161428571448 0.12607747
0 0.5048457942857143 0.333441935 0.020849994285714258 0.15807485000000004
0 0.5237584 0.375012375 0.01586813714285719 0.13550749
0 0.4782142128571429 0.43735811999999996 0.02872256285714286 0.17563238000000006
0 0.47799894642857144 0.596056595 0.028661055714285663 0.15687711000000007
0 0.4770763814285714 0.75636913 0.02903008285714285 0.1521382000000001
0 0.5018319064285715 0.88103793 0.021342032857142906 0.15636426
0 0.5026929692857143 0.7429866100000001 0.021465041428571436 0.13523396000000004
0 0.503769295 0.600709225 0.02152654714285713 0.13100791
0 0.5034617721428571 0.46530512 0.02078848714285714 0.13946002
0 0.5212672978571429 0.8493424749999999 0.01654468428571428 0.12255577000000002
0 0.5375659657142857 0.51442861 0.011993360000000003 0.10460396000000002
0 0.5374122057142857 0.625980505 0.01230087999999999 0.10283417000000007
0 0.5228356607142858 0.608786955 0.01574513 0.11045622999999992
0 0.5372251278571428 0.726786715 0.012552032857142877 0.10283417
0 0.5363177842857143 0.83631214 0.01276761428571433 0.11762541999999997
0 0.5350750428571429 0.935624575 0.012669911428571448 0.12607752999999988
0 0.5576623207142858 0.067748715 0.003755810000000029 0.07193498999999999
0 0.5498882657142857 0.089914525 0.00446786285714292 0.08078989
0 0.5581784478571429 0.13701896000000002 0.0036266242857142775 0.08408966000000001
0 0.5502515600000001 0.16435866000000002 0.0038702771428570973 0.0811194
0 0.5545733714285714 0.18892734 0.003483248571428622 0.07925897999999998
0 0.5544766142857144 0.259677375 0.0025156799999999585 0.07663487
0 0.5579276135714286 0.206846495 0.0027091928571428524 0.07296869
0 0.5515416564285714 0.338783275 0.004257304285714229 0.08407063000000001
0 0.5608303192857144 0.363168765 0.004128298571428591 0.07075733
0 0.5459942578571428 0.408978495 0.005547395714285699 0.09012158999999997
0 0.5456471007142857 0.497622705 0.004208038571428574 0.08125716999999995
0 0.5457362371428571 0.671008765 0.003999285714285748 0.07889853000000009
0 0.5458975007142858 0.583401325 0.003934784285714272 0.07830237000000004
0 0.5459620042857143 0.7973447049999999 0.0048378457142856796 0.09233772999999999
0 0.5458652478571429 0.8859889150000001 0.005547401428571398 0.09381511000000003
0 0.5502515621428571 0.7929125099999998 0.0039992842857143225 0.07313147999999998
0 0.5509611114285714 0.870106835 0.003354242857142903 0.09012158999999997
0 0.5508075614285715 0.9569042799999999 0.004951439999999983 0.08495068000000003
0 0.5604364078571429 0.93178845 0.004271078571428575 0.07608630000000005
0 0.5549281464285715 0.7855254899999999 0.004192798571428642 0.08051848000000007
0 0.5673775378571428 0.91332088 0.003289735714285647 0.07017663999999996
0 0.5672807807142858 0.770382095 0.003096221428571409 0.07682495000000003
0 0.5612173464285715 0.59287053 0.0039992842857143225 0.07561542000000003
0 0.5507353442857142 0.584558645 0.0044508199999999725 0.07007813000000006
0 0.5560892292857142 0.669162595 0.00419279857142856 0.07077161000000004
0 0.5557022042857143 0.50953116 0.0044508199999999725 0.07239277999999999
0 0.5564848592857142 0.588202895 0.004691635714285667 0.07608626999999998
0 0.5605077978571429 0.672414895 0.003612255714285766 0.06722184999999996
0 0.5603787871428572 0.51542699 0.004128291428571467 0.06928709999999995
0 0.5643235092857143 0.5226320099999999 0.0029473328571428476 0.06374147999999998
0 0.5653133907142858 0.59513133 0.0035477500000000157 0.06943797999999994
0 0.5510901221428571 0.41858162 0.004128292857142891 0.08273458000000006
0 0.5552184171428571 0.4260190849999999 0.004128297142857167 0.07672406999999999
0 0.5684851285714285 0.6675241150000001 0.0026667114285714075 0.07387013000000003
0 0.5684847414285714 0.592643915 0.0023654228571428704 0.05520653000000003
0 0.5597337421428572 0.7807239300000001 0.004128298571428591 0.084212
0 0.3776663785714286 0.28407698000000003 0.028347671428571378 0.20611244000000004
0 0.6633806642857142 0.28407698000000003 0.02834767142857142 0.20611244000000004
0 0.19376219285714286 0.28407698000000003 0.02834767142857142 0.20611244000000004
0 0.7651907642857142 0.28407698000000003 0.028347671428571336 0.20611244000000004
0 0.09195209285714287 0.28407698000000003 0.02834767142857143 0.20611244000000004
0 0.9490949500000001 0.28407698000000003 0.028347671428571336 0.20611244000000004
0 0.380928985 0.918728 0.02896857571428573 0.16254400000000005
0 0.6666432707142856 0.918728 0.02896857571428573 0.16254400000000005
0 0.1904995864285714 0.918728 0.02896857571428571 0.16254400000000005
0 0.7619281578571427 0.918728 0.02896857571428573 0.16254400000000005
0 0.09521469928571429 0.918728 0.02896857571428572 0.16254400000000005
0 0.9523575564285716 0.918728 0.02896857571428573 0.16254400000000005
0 0.3346162164285715 0.494545575 0.016913715714285696 0.13452959000000006
0 0.6203305021428571 0.494545575 0.016913715714285738 0.13452959000000006
0 0.23681235428571426 0.494545575 0.01691371714285712 0.13452959000000006
0 0.8082409257142857 0.494545575 0.016913717142857162 0.13452959000000006
0 0.04890193071428572 0.494545575 0.016913715714285717 0.13452959000000006
0 0.9060447878571429 0.494545575 0.016913715714285738 0.13452959000000006
0 0.32348912857142853 0.259616945 0.012528031428571427 0.13734699000000003
0 0.6092034142857142 0.259616945 0.012528031428571467 0.13734699000000003
0 0.24793944285714287 0.259616945 0.012528031428571427 0.13734699000000003
0 0.8193680142857144 0.259616945 0.012528031428571304 0.13734699000000003
0 0.03777484285714286 0.259616945 0.012528031428571427 0.13734699000000003
0 0.8949176999999999 0.259616945 0.012528031428571304 0.13734699000000003
0 0.31900067 0.413163845 0.012530751428571421 0.12185141000000002
0 0.6047149557142858 0.413163845 0.012530751428571421 0.12185141000000002
0 0.25242790142857147 0.413163845 0.012530751428571421 0.12185141000000002
0 0.8238564728571428 0.413163845 0.012530751428571421 0.12185141000000002
0 0.03328638428571429 0.413163845 0.012530751428571432 0.12185141000000002
0 0.8904292414285715 0.413163845 0.012530751428571421 0.12185141000000002
0 0.3347427507142857 0.7302031499999999 0.01666053571428571 0.12964417999999994
0 0.6204570364285714 0.7302031499999999 0.01666053571428571 0.12964417999999994
0 0.2366858207142857 0.7302031499999999 0.01666053571428571 0.12964417999999994
0 0.8081143921428572 0.7302031499999999 0.01666053571428571 0.12964417999999994
0 0.04902846500000001 0.7302031499999999 0.016660535714285715 0.12964417999999994
0 0.9061713221428571 0.7302031499999999 0.01666053571428571 0.12964417999999994
0 0.3108900585714286 0.321262555 0.005592445714285727 0.09866546999999998
0 0.5966043442857143 0.321262555 0.005592445714285727 0.09866546999999998
0 0.26053851285714286 0.321262555 0.005592445714285727 0.09866546999999998
0 0.8319670842857142 0.321262555 0.005592445714285564 0.09866546999999998
0 0.02517577285714286 0.321262555 0.005592445714285716 0.09866546999999998
0 0.8823186300000001 0.321262555 0.005592445714285564 0.09866546999999998
0 0.30655085285714284 0.23909177 0.004540491428571443 0.09700333999999998
0 0.5922651385714286 0.23909177 0.004540491428571483 0.09700333999999998
0 0.26487771857142856 0.23909177 0.004540491428571443 0.09700333999999998
0 0.83630629 0.23909177 0.004540491428571321 0.09700333999999998
0 0.020836567142857143 0.23909177 0.00454049142857143 0.09700333999999998
0 0.8779794242857143 0.23909177 0.004540491428571321 0.09700333999999998
0 0.30303178357142857 0.11319161999999999 0.003905301428571428 0.07781666
0 0.5887460692857143 0.11319161999999999 0.0039053014285713875 0.07781666
0 0.2683967878571428 0.11319161999999999 0.003905301428571428 0.07781666
0 0.8398253592857142 0.11319161999999999 0.0039053014285713875 0.07781666
0 0.017317497857142858 0.11319161999999999 0.003905301428571428 0.07781666
0 0.8744603550000001 0.11319161999999999 0.0039053014285713875 0.07781666
0 0.30655622642857144 0.50697085 0.004551324285714275 0.07536476
0 0.5922705121428572 0.50697085 0.004551324285714275 0.07536476
0 0.264872345 0.50697085 0.004551324285714275 0.07536476
0 0.8363009164285714 0.50697085 0.004551324285714275 0.07536476
0 0.020841940714285714 0.50697085 0.004551324285714285 0.07536476
0 0.8779847978571429 0.50697085 0.004551324285714275 0.07536476
0 0.300634135 0.35588796500000003 0.0038425985714285716 0.08657659
0 0.5863484207142858 0.35588796500000003 0.0038425985714285716 0.08657659
0 0.27079443642857143 0.35588796500000003 0.0038425985714285716 0.08657659
0 0.842223007857143 0.35588796500000003 0.0038425985714286527 0.08657659
0 0.014919849285714286 0.35588796500000003 0.0038425985714285716 0.08657659
0 0.8720627064285713 0.35588796500000003 0.0038425985714286527 0.08657659
0 0.29898758214285714 0.27431911 0.0032597328571428567 0.07184304000000001
0 0.5847018678571428 0.27431911 0.0032597328571428567 0.07184304000000001
0 0.2724409892857143 0.27431911 0.0032597328571428567 0.07184304000000001
0 0.8438695607142856 0.27431911 0.003259732857142938 0.07184304000000001
0 0.013273296428571429 0.27431911 0.0032597328571428567 0.07184304000000001
0 0.8704161535714285 0.27431911 0.003259732857142938 0.07184304000000001
0 0.3064108842857143 0.6701631849999999 0.005204634285714259 0.08926637
0 0.59212517 0.6701631849999999 0.005204634285714259 0.08926637
0 0.2650176871428572 0.6701631849999999 0.005204634285714259 0.08926637
0 0.8364462585714286 0.6701631849999999 0.005204634285714421 0.08926637
0 0.02069659857142857 0.6701631849999999 0.005204634285714284 0.08926637
0 0.8778394557142857 0.6701631849999999 0.005204634285714421 0.08926637
0 0.29692718285714287 0.43992494 0.004428317142857168 0.07606909999999999
0 0.5826414685714285 0.43992494 0.004428317142857087 0.07606909999999999
0 0.2745013885714286 0.43992494 0.004428317142857168 0.07606909999999999
0 0.8459299599999999 0.43992494 0.004428317142857168 0.07606909999999999
0 0.011212897142857144 0.43992494 0.004428317142857144 0.07606909999999999
0 0.8683557542857144 0.43992494 0.004428317142857168 0.07606909999999999
0 0.2893964964285714 0.5283398300000001 0.003075218571428593 0.06784395999999994
0 0.5751107821428572 0.5283398300000001 0.0030752185714285523 0.06784395999999994
0 0.28203207500000005 0.5283398300000001 0.003075218571428593 0.06784395999999994
0 0.8534606464285713 0.5283398300000001 0.0030752185714285523 0.06784395999999994
0 0.0036822107142857143 0.5283398300000001 0.0030752185714285713 0.06784395999999994
0 0.8608250678571429 0.5283398300000001 0.0030752185714285523 0.06784395999999994
0 0.2923495592857143 0.670307085 0.0041822985714285565 0.07818212999999993
0 0.5780638450000001 0.670307085 0.004182298571428597 0.07818212999999993
0 0.27907901214285713 0.670307085 0.0041822985714285565 0.07818212999999993
0 0.8505075835714287 0.670307085 0.004182298571428516 0.07818212999999993
0 0.006635273571428571 0.670307085 0.004182298571428571 0.07818212999999993
0 0.8637781307142856 0.670307085 0.004182298571428516 0.07818212999999993
0 0.3015345464285714 0.9448167799999999 0.004594124285714299 0.08029973999999995
0 0.5872488321428572 0.9448167799999999 0.004594124285714299 0.08029973999999995
0 0.269894025 0.9448167799999999 0.004594124285714299 0.08029973999999995
0 0.8413225964285714 0.9448167799999999 0.00459412428571438 0.08029973999999995
0 0.015820260714285713 0.9448167799999999 0.004594124285714286 0.08029973999999995
0 0.8729631178571429 0.9448167799999999 0.00459412428571438 0.08029973999999995
0 0.31123594714285713 0.964306725 0.0049621914285714296 0.07138655
0 0.5969502328571429 0.964306725 0.004962191428571389 0.07138655
0 0.26019262428571427 0.964306725 0.0049621914285714296 0.07138655
0 0.8316211957142858 0.964306725 0.004962191428571552 0.07138655
0 0.025521661428571426 0.964306725 0.0049621914285714296 0.07138655
0 0.8826645185714285 0.964306725 0.004962191428571552 0.07138655
0 0.290084385 0.84514364 0.0032211300000000165 0.07606909999999999
0 0.5757986707142857 0.84514364 0.0032211300000000165 0.07606909999999999
0 0.28134418642857145 0.84514364 0.0032211300000000165 0.07606909999999999
0 0.8527727578571428 0.84514364 0.0032211299999999354 0.07606909999999999
0 0.004370099285714286 0.84514364 0.00322113 0.07606909999999999
0 0.8615129564285715 0.84514364 0.0032211299999999354 0.07606909999999999
0 0.28959271214285714 0.45947244 0.003967175714285694 0.06304270000000002
0 0.5753069978571429 0.45947244 0.003967175714285694 0.06304270000000002
0 0.2818358592857143 0.45947244 0.003967175714285694 0.06304270000000002
0 0.8532644307142857 0.45947244 0.003967175714285856 0.06304270000000002
0 0.003878426428571429 0.45947244 0.003967175714285715 0.06304270000000002
0 0.8610212835714286 0.45947244 0.003967175714285856 0.06304270000000002
0 0.2894272492857143 0.387147365 0.003628764285714315 0.07113871000000004
0 0.5751415350000001 0.387147365 0.003628764285714315 0.07113871000000004
0 0.28200132214285717 0.387147365 0.003628764285714315 0.07113871000000004
0 0.8534298935714285 0.387147365 0.003628764285714234 0.07113871000000004
0 0.0037129635714285712 0.387147365 0.003628764285714286 0.07113871000000004
0 0.8608558207142858 0.387147365 0.003628764285714234 0.07113871000000004
0 0.3570944092857143 0.15628033 0.020603975714285728 0.16833808
0 0.642808695 0.15628033 0.020603975714285686 0.16833808
0 0.2143341621428571 0.15628033 0.020603975714285728 0.16833808
0 0.7857627335714287 0.15628033 0.020603975714285686 0.16833808
0 0.07138012357142857 0.15628033 0.020603975714285717 0.16833808
0 0.9285229807142856 0.15628033 0.020603975714285686 0.16833808
0 0.3379050342857143 0.22186528500000002 0.015806631428571416 0.15268055
0 0.62361932 0.22186528500000002 0.0158066314285715 0.15268055
0 0.23352353714285715 0.22186528500000002 0.015806631428571416 0.15268055
0 0.8049521085714286 0.22186528500000002 0.015806631428571336 0.15268055
0 0.05219074857142857 0.22186528500000002 0.015806631428571433 0.15268055
0 0.9093336057142857 0.22186528500000002 0.015806631428571336 0.15268055
0 0.33578313214285715 0.106672225 0.01574513 0.16753755
0 0.6214974178571429 0.106672225 0.01574513 0.16753755
0 0.2356454392857143 0.106672225 0.01574513 0.16753755
0 0.8070740107142856 0.106672225 0.01574512999999992 0.16753755
0 0.05006884642857143 0.106672225 0.01574513 0.16753755
0 0.9072117035714287 0.106672225 0.01574512999999992 0.16753755
0 0.32157561142857144 0.16885066999999998 0.012054871428571435 0.14178874
0 0.6072898971428572 0.16885066999999998 0.012054871428571475 0.14178874
0 0.24985295999999999 0.16885066999999998 0.012054871428571435 0.14178874
0 0.8212815328571428 0.16885066999999998 0.012054871428571395 0.14178874
0 0.03586132571428571 0.16885066999999998 0.01205487142857143 0.14178874
0 0.8930041821428573 0.16885066999999998 0.01205487285714282 0.14178874
0 0.3210384135714286 0.082324255 0.011653161428571448 0.12607747
0 0.6067526992857143 0.082324255 0.011653161428571448 0.12607747
0 0.25039015785714286 0.082324255 0.011653161428571448 0.12607747
0 0.8218187292857143 0.082324255 0.011653161428571366 0.12607747
0 0.035324127857142854 0.082324255 0.011653161428571432 0.12607747
0 0.892466985 0.082324255 0.011653161428571366 0.12607747
0 0.35229706285714285 0.333441935 0.020849994285714258 0.15807485000000004
0 0.6380113485714285 0.333441935 0.020849994285714258 0.15807485000000004
0 0.21913150857142857 0.333441935 0.020849994285714258 0.15807485000000004
0 0.79056008 0.333441935 0.020849994285714338 0.15807485000000004
0 0.06658277714285715 0.333441935 0.02084999428571429 0.15807485000000004
0 0.9237256342857143 0.333441935 0.020849994285714338 0.15807485000000004
0 0.33338445714285714 0.375012375 0.01586813714285715 0.13550749
0 0.6190987428571428 0.375012375 0.01586813714285719 0.13550749
0 0.23804411428571426 0.375012375 0.01586813714285715 0.13550749
0 0.8094726857142857 0.375012375 0.015868137142857026 0.13550749
0 0.04767017142857142 0.375012375 0.01586813714285714 0.13550749
0 0.9048130285714286 0.375012375 0.015868137142857026 0.13550749
0 0.37892864428571427 0.43735811999999996 0.02872256285714286 0.17563238000000006
0 0.6646429292857143 0.43735811999999996 0.028722561428571436 0.17563238000000006
0 0.19249992785714284 0.43735811999999996 0.028722561428571415 0.17563238000000006
0 0.7639284985714286 0.43735811999999996 0.028722562857142944 0.17563238000000006
0 0.09321435857142857 0.43735811999999996 0.02872256285714286 0.17563238000000006
0 0.950357215 0.43735811999999996 0.02872256142857152 0.17563238000000006
0 0.3791439107142857 0.596056595 0.028661055714285663 0.15687711000000007
0 0.6648581957142857 0.596056595 0.02866105714285709 0.15687711000000007
0 0.19228466142857145 0.596056595 0.02866105714285713 0.15687711000000007
0 0.7637132321428571 0.596056595 0.028661055714285663 0.15687711000000007
0 0.093429625 0.596056595 0.028661055714285715 0.15687711000000007
0 0.9505724814285713 0.596056595 0.02866105714285709 0.15687711000000007
0 0.38006647571428576 0.75636913 0.02903008285714285 0.1521382000000001
0 0.6657807614285715 0.75636913 0.02903008285714285 0.1521382000000001
0 0.1913620957142857 0.75636913 0.029030082857142828 0.1521382000000001
0 0.7627906671428573 0.75636913 0.02903008285714285 0.1521382000000001
0 0.09435218999999999 0.75636913 0.02903008285714285 0.1521382000000001
0 0.951495047142857 0.75636913 0.02903008285714285 0.1521382000000001
0 0.3553109507142857 0.88103793 0.021342032857142906 0.15636426
0 0.6410252364285715 0.88103793 0.021342032857142906 0.15636426
0 0.2161176207142857 0.88103793 0.021342032857142864 0.15636426
0 0.787546192142857 0.88103793 0.021342032857142743 0.15636426
0 0.06959666499999999 0.88103793 0.021342032857142854 0.15636426
0 0.9267395221428573 0.88103793 0.021342032857142743 0.15636426
0 0.35444988857142856 0.7429866100000001 0.02146504000000001 0.13523396000000004
0 0.6401641742857143 0.7429866100000001 0.02146504000000001 0.13523396000000004
0 0.21697868285714283 0.7429866100000001 0.02146504000000001 0.13523396000000004
0 0.788407255 0.7429866100000001 0.021465041428571436 0.13523396000000004
0 0.06873560285714286 0.7429866100000001 0.02146503999999999 0.13523396000000004
0 0.9258784592857143 0.7429866100000001 0.021465041428571436 0.13523396000000004
0 0.35337356214285714 0.600709225 0.02152654714285713 0.13100791
0 0.6390878478571429 0.600709225 0.02152654714285713 0.13100791
0 0.21805500928571428 0.600709225 0.02152654714285713 0.13100791
0 0.7894835807142856 0.600709225 0.02152654714285713 0.13100791
0 0.06765927642857142 0.600709225 0.02152654714285714 0.13100791
0 0.9248021335714286 0.600709225 0.02152654714285713 0.13100791
0 0.353681085 0.46530512 0.02078848714285714 0.13946002
0 0.6393953707142856 0.46530512 0.02078848714285714 0.13946002
0 0.21774748642857142 0.46530512 0.02078848714285714 0.13946002
0 0.7891760578571428 0.46530512 0.02078848714285706 0.13946002
0 0.0679667992857143 0.46530512 0.02078848714285714 0.13946002
0 0.9251096564285713 0.46530512 0.02078848714285706 0.13946002
0 0.3358755592857143 0.8493424749999999 0.01654468428571428 0.12255577000000002
0 0.621589845 0.8493424749999999 0.01654468428571428 0.12255577000000002
0 0.23555301214285715 0.8493424749999999 0.01654468428571428 0.12255577000000002
0 0.8069815835714285 0.8493424749999999 0.01654468428571428 0.12255577000000002
0 0.05016127357142858 0.8493424749999999 0.01654468428571429 0.12255577000000002
0 0.9073041307142857 0.8493424749999999 0.01654468428571428 0.12255577000000002
0 0.31957689142857143 0.51442861 0.011993360000000003 0.10460396000000002
0 0.6052911771428572 0.51442861 0.011993360000000003 0.10460396000000002
0 0.25185168 0.51442861 0.011993360000000003 0.10460396000000002
0 0.8232802514285713 0.51442861 0.011993360000000003 0.10460396000000002
0 0.03386260571428571 0.51442861 0.011993359999999998 0.10460396000000002
0 0.8910054628571429 0.51442861 0.011993360000000003 0.10460396000000002
0 0.31973065142857143 0.625980505 0.01230087999999999 0.10283417000000007
0 0.6054449371428572 0.625980505 0.01230087999999999 0.10283417000000007
0 0.25169792 0.625980505 0.01230087999999999 0.10283417000000007
0 0.8231264914285714 0.625980505 0.012300879999999908 0.10283417000000007
0 0.034016365714285714 0.625980505 0.01230088 0.10283417000000007
0 0.8911592228571429 0.625980505 0.012300879999999908 0.10283417000000007
0 0.33430719642857143 0.608786955 0.01574513 0.11045622999999992
0 0.620021482142857 0.608786955 0.01574513 0.11045622999999992
0 0.237121375 0.608786955 0.01574513 0.11045622999999992
0 0.8085499464285714 0.608786955 0.015745130000000083 0.11045622999999992
0 0.04859291071428571 0.608786955 0.015745129999999996 0.11045622999999992
0 0.9057357678571429 0.608786955 0.015745130000000083 0.11045622999999992
0 0.31991772928571427 0.726786715 0.012552032857142877 0.10283417
0 0.605632015 0.726786715 0.012552032857142877 0.10283417
0 0.2515108421428571 0.726786715 0.012552032857142877 0.10283417
0 0.8229394135714285 0.726786715 0.012552032857142714 0.10283417
0 0.03420344357142857 0.726786715 0.012552032857142856 0.10283417
0 0.8913463007142858 0.726786715 0.012552032857142714 0.10283417
0 0.32082507285714285 0.83631214 0.01276761428571425 0.11762541999999997
0 0.6065393585714285 0.83631214 0.01276761428571433 0.11762541999999997
0 0.25060349857142855 0.83631214 0.01276761428571425 0.11762541999999997
0 0.82203207 0.83631214 0.01276761428571425 0.11762541999999997
0 0.03511078714285714 0.83631214 0.012767614285714289 0.11762541999999997
0 0.8922536442857143 0.83631214 0.01276761428571425 0.11762541999999997
0 0.3220678142857143 0.935624575 0.012669911428571408 0.12607752999999988
0 0.6077820999999999 0.935624575 0.012669911428571448 0.12607752999999988
0 0.24936075714285713 0.935624575 0.012669911428571408 0.12607752999999988
0 0.8207893285714285 0.935624575 0.012669911428571368 0.12607752999999988
0 0.03635352857142857 0.935624575 0.012669911428571429 0.12607752999999988
0 0.8934963857142858 0.935624575 0.012669911428571368 0.12607752999999988
0 0.2994805364285714 0.067748715 0.0037558099999999888 0.07193498999999999
0 0.5851948221428571 0.067748715 0.003755810000000029 0.07193498999999999
0 0.27194803500000003 0.067748715 0.0037558099999999888 0.07193498999999999
0 0.8433766064285715 0.067748715 0.0037558100000001106 0.07193498999999999
0 0.013766250714285715 0.067748715 0.0037558099999999988 0.07193498999999999
0 0.8709091078571428 0.067748715 0.0037558100000001106 0.07193498999999999
0 0.3072545914285714 0.089914525 0.00446786285714284 0.08078989
0 0.5929688771428572 0.089914525 0.00446786285714292 0.08078989
0 0.26417398 0.089914525 0.00446786285714284 0.08078989
0 0.8356025514285714 0.089914525 0.00446786285714292 0.08078989
0 0.021540305714285713 0.089914525 0.004467862857142857 0.08078989
0 0.8786831628571429 0.089914525 0.00446786285714292 0.08078989
0 0.29896440928571427 0.13701896000000002 0.0036266242857143183 0.08408966000000001
0 0.584678695 0.13701896000000002 0.0036266242857142775 0.08408966000000001
0 0.2724641621428572 0.13701896000000002 0.0036266242857143183 0.08408966000000001
0 0.8438927335714285 0.13701896000000002 0.0036266242857142775 0.08408966000000001
0 0.013250123571428572 0.13701896000000002 0.0036266242857142853 0.08408966000000001
0 0.8703929807142857 0.13701896000000002 0.0036266242857142775 0.08408966000000001
0 0.3068912971428572 0.16435866000000002 0.003870277142857138 0.0811194
0 0.5926055828571428 0.16435866000000002 0.0038702771428570973 0.0811194
0 0.2645372742857143 0.16435866000000002 0.003870277142857138 0.0811194
0 0.8359658457142858 0.16435866000000002 0.0038702771428571784 0.0811194
0 0.021177011428571427 0.16435866000000002 0.0038702771428571455 0.0811194
0 0.8783198685714285 0.16435866000000002 0.0038702771428571784 0.0811194
0 0.30256948571428566 0.18892734 0.0034832485714285815 0.07925897999999998
0 0.5882837721428572 0.18892734 0.003483250000000047 0.07925897999999998
0 0.26885908571428574 0.18892734 0.0034832485714285815 0.07925897999999998
0 0.8402876571428571 0.18892734 0.0034832485714285408 0.07925897999999998
0 0.0168552 0.18892734 0.003483248571428571 0.07925897999999998
0 0.8739980571428572 0.18892734 0.0034832485714285408 0.07925897999999998
0 0.3026662428571429 0.259677375 0.0025156799999999993 0.07663487
0 0.5883805285714285 0.259677375 0.0025156799999999585 0.07663487
0 0.26876232857142857 0.259677375 0.0025156799999999993 0.07663487
0 0.8401909000000001 0.259677375 0.0025156800000000396 0.07663487
0 0.016951957142857143 0.259677375 0.0025156799999999993 0.07663487
0 0.8740948142857142 0.259677375 0.0025156800000000396 0.07663487
0 0.2992152435714286 0.206846495 0.0027091928571428524 0.07296869
0 0.5849295292857143 0.206846495 0.0027091928571428524 0.07296869
0 0.27221332785714286 0.206846495 0.0027091928571428524 0.07296869
0 0.8436418992857143 0.206846495 0.002709192857143015 0.07296869
0 0.013500957857142856 0.206846495 0.0027091928571428576 0.07296869
0 0.870643815 0.206846495 0.002709192857143015 0.07296869
0 0.3056012007142857 0.338783275 0.00425730428571431 0.08407063000000001
0 0.5913154871428571 0.338783275 0.0042573057142856535 0.08407063000000001
0 0.26582737 0.338783275 0.004257305714285735 0.08407063000000001
0 0.8372559421428573 0.338783275 0.004257304285714229 0.08407063000000001
0 0.019886915 0.338783275 0.004257304285714287 0.08407063000000001
0 0.8770297728571429 0.338783275 0.0042573057142856535 0.08407063000000001
0 0.29631253785714284 0.363168765 0.004128298571428591 0.07075733
0 0.5820268242857143 0.363168765 0.004128297142857085 0.07075733
0 0.27511603357142855 0.363168765 0.004128298571428591 0.07075733
0 0.846544605 0.363168765 0.004128298571428591 0.07075733
0 0.010598252142857143 0.363168765 0.004128298571428571 0.07075733
0 0.8677411092857144 0.363168765 0.004128298571428591 0.07075733
0 0.31114859928571426 0.408978495 0.005547395714285739 0.09012158999999997
0 0.596862885 0.408978495 0.005547395714285699 0.09012158999999997
0 0.2602799721428572 0.408978495 0.005547395714285739 0.09012158999999997
0 0.8317085435714286 0.408978495 0.005547395714285618 0.09012158999999997
0 0.025434313571428575 0.408978495 0.005547395714285714 0.09012158999999997
0 0.8825771707142857 0.408978495 0.005547395714285618 0.09012158999999997
0 0.3114957564285714 0.497622705 0.004208038571428574 0.08125716999999995
0 0.5972100421428571 0.497622705 0.004208038571428574 0.08125716999999995
0 0.259932815 0.497622705 0.004208038571428574 0.08125716999999995
0 0.8313613864285714 0.497622705 0.004208038571428655 0.08125716999999995
0 0.025781470714285715 0.497622705 0.004208038571428574 0.08125716999999995
0 0.8829243278571429 0.497622705 0.004208038571428655 0.08125716999999995
0 0.31140662 0.671008765 0.003999285714285748 0.07889853000000009
0 0.5971209057142858 0.671008765 0.003999285714285748 0.07889853000000009
0 0.26002195142857143 0.671008765 0.003999285714285748 0.07889853000000009
0 0.8314505228571429 0.671008765 0.003999285714285666 0.07889853000000009
0 0.025692334285714286 0.671008765 0.003999285714285717 0.07889853000000009
0 0.8828351914285713 0.671008765 0.003999285714285666 0.07889853000000009
0 0.31124535642857143 0.583401325 0.003934784285714272 0.07830237000000004
0 0.5969596421428571 0.583401325 0.003934784285714272 0.07830237000000004
0 0.260183215 0.583401325 0.003934784285714272 0.07830237000000004
0 0.8316117864285714 0.583401325 0.003934784285714191 0.07830237000000004
0 0.025531070714285713 0.583401325 0.003934784285714282 0.07830237000000004
0 0.8826739278571429 0.583401325 0.003934784285714191 0.07830237000000004
0 0.31118085285714286 0.7973447049999999 0.00483784571428572 0.09233772999999999
0 0.5968951385714285 0.7973447049999999 0.0048378457142856796 0.09233772999999999
0 0.2602477185714286 0.7973447049999999 0.00483784571428572 0.09233772999999999
0 0.83167629 0.7973447049999999 0.004837845714285842 0.09233772999999999
0 0.025466567142857142 0.7973447049999999 0.004837845714285715 0.09233772999999999
0 0.8826094242857143 0.7973447049999999 0.004837845714285842 0.09233772999999999
0 0.31127760928571424 0.8859889150000001 0.005547401428571439 0.09381511000000003
0 0.5969918957142857 0.8859889150000001 0.005547402857142824 0.09381511000000003
0 0.26015096142857147 0.8859889150000001 0.005547402857142864 0.09381511000000003
0 0.8315795335714286 0.8859889150000001 0.00554740142857148 0.09381511000000003
0 0.02556332357142857 0.8859889150000001 0.005547401428571427 0.09381511000000003
0 0.8827061814285714 0.8859889150000001 0.005547402857142905 0.09381511000000003
0 0.306891295 0.7929125099999998 0.003999284285714282 0.07313147999999998
0 0.5926055807142857 0.7929125099999998 0.0039992842857143225 0.07313147999999998
0 0.2645372764285714 0.7929125099999998 0.003999284285714282 0.07313147999999998
0 0.8359658478571428 0.7929125099999998 0.003999284285714241 0.07313147999999998
0 0.021177009285714286 0.7929125099999998 0.003999284285714284 0.07313147999999998
0 0.8783198664285714 0.7929125099999998 0.003999284285714241 0.07313147999999998
0 0.30618174571428575 0.870106835 0.0033542428571428622 0.09012158999999997
0 0.5918960314285714 0.870106835 0.003354242857142903 0.09012158999999997
0 0.2652468257142857 0.870106835 0.0033542428571428622 0.09012158999999997
0 0.8366753971428571 0.870106835 0.003354242857142903 0.09012158999999997
0 0.02046746 0.870106835 0.0033542428571428575 0.09012158999999997
0 0.8776103171428572 0.870106835 0.003354242857142903 0.09012158999999997
0 0.3063352957142857 0.9569042799999999 0.004951439999999983 0.08495068000000003
0 0.5920495814285714 0.9569042799999999 0.004951439999999983 0.08495068000000003
0 0.2650932757142857 0.9569042799999999 0.004951439999999983 0.08495068000000003
0 0.8365218471428572 0.9569042799999999 0.004951440000000145 0.08495068000000003
0 0.02062101 0.9569042799999999 0.0049514400000000005 0.08495068000000003
0 0.8777638671428571 0.9569042799999999 0.004951440000000145 0.08495068000000003
0 0.29670644928571427 0.93178845 0.004271078571428575 0.07608630000000005
0 0.5824207349999999 0.93178845 0.004271078571428575 0.07608630000000005
0 0.27472212214285713 0.93178845 0.004271078571428575 0.07608630000000005
0 0.8461506935714286 0.93178845 0.004271078571428493 0.07608630000000005
0 0.010992163571428572 0.93178845 0.004271078571428571 0.07608630000000005
0 0.8681350207142857 0.93178845 0.004271078571428493 0.07608630000000005
0 0.30221471071428574 0.7855254899999999 0.00419279857142856 0.08051848000000007
0 0.5879289971428572 0.7855254899999999 0.004192800000000066 0.08051848000000007
0 0.2692138607142857 0.7855254899999999 0.00419279857142856 0.08051848000000007
0 0.8406424321428573 0.7855254899999999 0.004192798571428642 0.08051848000000007
0 0.016500425 0.7855254899999999 0.004192798571428573 0.08051848000000007
0 0.873643282142857 0.7855254899999999 0.004192798571428642 0.08051848000000007
0 0.2897653192857143 0.91332088 0.003289735714285728 0.07017663999999996
0 0.575479605 0.91332088 0.003289735714285647 0.07017663999999996
0 0.28166325214285715 0.91332088 0.003289735714285728 0.07017663999999996
0 0.8530918235714287 0.91332088 0.003289735714285728 0.07017663999999996
0 0.004051033571428572 0.91332088 0.0032897357142857146 0.07017663999999996
0 0.8611938907142856 0.91332088 0.003289735714285728 0.07017663999999996
0 0.2898620764285714 0.770382095 0.0030962214285714497 0.07682495000000003
0 0.5755763621428571 0.770382095 0.003096221428571409 0.07682495000000003
0 0.28156649499999997 0.770382095 0.0030962214285714497 0.07682495000000003
0 0.8529950664285714 0.770382095 0.003096221428571328 0.07682495000000003
0 0.004147790714285715 0.770382095 0.003096221428571429 0.07682495000000003
0 0.8612906478571429 0.770382095 0.003096221428571328 0.07682495000000003
0 0.2959255107142857 0.59287053 0.003999284285714282 0.07561542000000003
0 0.5816397964285714 0.59287053 0.0039992842857143225 0.07561542000000003
0 0.2755030607142857 0.59287053 0.003999284285714282 0.07561542000000003
0 0.8469316321428572 0.59287053 0.003999284285714241 0.07561542000000003
0 0.010211224999999999 0.59287053 0.003999284285714284 0.07561542000000003
0 0.8673540821428571 0.59287053 0.003999284285714241 0.07561542000000003
0 0.30640751285714285 0.584558645 0.004450820000000013 0.07007813000000006
0 0.5921217985714287 0.584558645 0.0044508199999999725 0.07007813000000006
0 0.2650210585714286 0.584558645 0.004450820000000013 0.07007813000000006
0 0.8364496299999999 0.584558645 0.004450820000000054 0.07007813000000006
0 0.02069322714285714 0.584558645 0.00445082 0.07007813000000006
0 0.8778360842857144 0.584558645 0.004450820000000054 0.07007813000000006
0 0.30105362785714285 0.669162595 0.00419279857142856 0.07077161000000004
0 0.5867679135714287 0.669162595 0.00419279857142856 0.07077161000000004
0 0.27037494357142855 0.669162595 0.00419279857142856 0.07077161000000004
0 0.8418035150000002 0.669162595 0.004192798571428642 0.07077161000000004
0 0.015339342142857143 0.669162595 0.0041927985714285704 0.07077161000000004
0 0.8724821992857141 0.669162595 0.004192798571428642 0.07077161000000004
0 0.3014406528571429 0.50953116 0.004450820000000013 0.07239277999999999
0 0.5871549385714286 0.50953116 0.0044508199999999725 0.07239277999999999
0 0.26998791857142856 0.50953116 0.004450820000000013 0.07239277999999999
0 0.8414164900000002 0.50953116 0.004450820000000054 0.07239277999999999
0 0.015726367142857144 0.50953116 0.0044508199999999986 0.07239277999999999
0 0.8728692242857141 0.50953116 0.004450820000000054 0.07239277999999999
0 0.30065799785714287 0.588202895 0.004691635714285707 0.07608626999999998
0 0.5863722835714286 0.588202895 0.004691635714285667 0.07608626999999998
0 0.2707705735714286 0.588202895 0.004691635714285707 0.07608626999999998
0 0.8421991449999999 0.588202895 0.004691635714285667 0.07608626999999998
0 0.014943712142857142 0.588202895 0.004691635714285715 0.07608626999999998
0 0.8720865692857144 0.588202895 0.004691635714285667 0.07608626999999998
0 0.29663505928571426 0.672414895 0.003612255714285685 0.06722184999999996
0 0.582349345 0.672414895 0.003612255714285766 0.06722184999999996
0 0.27479351214285713 0.672414895 0.003612255714285685 0.06722184999999996
0 0.8462220835714285 0.672414895 0.0036122557142856033 0.06722184999999996
0 0.01092077357142857 0.672414895 0.003612255714285714 0.06722184999999996
0 0.8680636307142858 0.672414895 0.0036122557142856033 0.06722184999999996
0 0.29676407 0.51542699 0.004128291428571426 0.06928709999999995
0 0.5824783557142857 0.51542699 0.004128291428571467 0.06928709999999995
0 0.2746645014285714 0.51542699 0.004128291428571426 0.06928709999999995
0 0.846093072857143 0.51542699 0.004128291428571467 0.06928709999999995
0 0.011049784285714286 0.51542699 0.004128291428571428 0.06928709999999995
0 0.8681926414285713 0.51542699 0.004128291428571467 0.06928709999999995
0 0.29281934785714286 0.5226320099999999 0.0029473328571428476 0.06374147999999998
0 0.5785336335714286 0.5226320099999999 0.0029473328571428476 0.06374147999999998
0 0.2786092235714286 0.5226320099999999 0.0029473328571428476 0.06374147999999998
0 0.850037795 0.5226320099999999 0.0029473328571428476 0.06374147999999998
0 0.0071050621428571424 0.5226320099999999 0.002947332857142857 0.06374147999999998
0 0.8642479192857143 0.5226320099999999 0.0029473328571428476 0.06374147999999998
0 0.2918294664285714 0.59513133 0.0035477499999999754 0.06943797999999994
0 0.5775437521428571 0.59513133 0.0035477500000000157 0.06943797999999994
0 0.279599105 0.59513133 0.0035477499999999754 0.06943797999999994
0 0.8510276764285716 0.59513133 0.0035477500000000157 0.06943797999999994
0 0.006115180714285714 0.59513133 0.0035477499999999993 0.06943797999999994
0 0.8632580378571427 0.59513133 0.0035477500000000157 0.06943797999999994
0 0.306052735 0.41858162 0.004128292857142851 0.08273458000000006
0 0.5917670207142858 0.41858162 0.004128292857142891 0.08273458000000006
0 0.26537583642857143 0.41858162 0.004128292857142851 0.08273458000000006
0 0.8368044071428572 0.41858162 0.004128291428571467 0.08273458000000006
0 0.020338449285714287 0.41858162 0.004128292857142858 0.08273458000000006
0 0.8774813064285715 0.41858162 0.004128292857142891 0.08273458000000006
0 0.30192443999999996 0.4260190849999999 0.004128297142857126 0.07672406999999999
0 0.5876387257142857 0.4260190849999999 0.004128297142857167 0.07672406999999999
0 0.26950413142857144 0.4260190849999999 0.004128297142857126 0.07672406999999999
0 0.8409327021428572 0.4260190849999999 0.004128298571428591 0.07672406999999999
0 0.016210154285714283 0.4260190849999999 0.004128297142857143 0.07672406999999999
0 0.8733530114285714 0.4260190849999999 0.004128297142857167 0.07672406999999999
0 0.2886577285714286 0.6675241150000001 0.0026667114285714483 0.07387013000000003
0 0.5743720142857144 0.6675241150000001 0.0026667114285714075 0.07387013000000003
0 0.2827708428571429 0.6675241150000001 0.0026667114285714483 0.07387013000000003
0 0.8541994142857142 0.6675241150000001 0.0026667114285713264 0.07387013000000003
0 0.0029434428571428572 0.6675241150000001 0.0026667114285714283 0.07387013000000003
0 0.8600863000000001 0.6675241150000001 0.0026667114285713264 0.07387013000000003
0 0.2886581157142857 0.592643915 0.00236542285714283 0.05520653000000003
0 0.5743724014285714 0.592643915 0.0023654228571428704 0.05520653000000003
0 0.2827704557142857 0.592643915 0.00236542285714283 0.05520653000000003
0 0.8541990271428571 0.592643915 0.0023654228571428704 0.05520653000000003
0 0.0029438299999999997 0.592643915 0.0023654228571428574 0.05520653000000003
0 0.8600866871428572 0.592643915 0.0023654228571428704 0.05520653000000003
0 0.297409115 0.7807239300000001 0.00412829857142855 0.084212
0 0.5831234007142857 0.7807239300000001 0.004128298571428591 0.084212
0 0.27401945642857145 0.7807239300000001 0.00412829857142855 0.084212
0 0.8454480278571428 0.7807239300000001 0.004128298571428591 0.084212
0 0.011694829285714286 0.7807239300000001 0.004128298571428572 0.084212
0 0.8688376864285715 0.7807239300000001 0.004128298571428591 0.084212