0 0.4312873296875 0.31421321640625 0.14253169999999998 0.21174153906249998
0 0.5359876070312499 0.23603261406250003 0.10972924218750002 0.19548144375
0 0.6357384671874999 0.16349219140625 0.11249525937499998 0.2000610328125
0 0.7309948374999999 0.11098173359375 0.09534589062499998 0.1880809171875
0 0.4262239640625 0.5095087515625 0.11918701874999997 0.203716459375
0 0.5345654890625 0.42789209140624995 0.13366602499999997 0.20420418593750003
0 0.627727471875 0.35138107421875003 0.10611627812500002 0.18523475468750003
0 0.73233959609375 0.28895104140625005 0.10100088593750005 0.1815877296875
0 0.8192032546875 0.21614053906250003 0.09699557187499996 0.18106320000000004
0 0.428161021875 0.6984672171874999 0.13918870625000004 0.20694792187499997
0 0.5326506921874999 0.6161012015624999 0.11667025312500004 0.19352361875000001
0 0.63350958515625 0.5377135234375 0.11107264218749995 0.185662328125
0 0.721687659375 0.46613829687499997 0.11913472187499999 0.18712209375
0 0.8034565890625001 0.39663520859375 0.11323480937500001 0.18053060156250003
0 0.8901628976562499 0.3334838953125 0.08725777343750014 0.17212780937499997
0 0.523549634375 0.8086619335937499 0.12219450937500005 0.1875741984374999
0 0.6230931390625 0.70902781640625 0.10908990625000001 0.17594026093749998
0 0.71691269140625 0.65404903671875 0.10408652968750003 0.18424281718749996
0 0.7974795054687499 0.5727195625 0.09979152343749993 0.17420479999999997
0 0.8858811375 0.50006617265625 0.11489713124999987 0.17638318593749994
0 0.6145179578125 0.8931492015625 0.13402311250000007 0.18504820312499995
0 0.709915840625 0.82235310234375 0.12417091874999997 0.18885533593749998
0 0.79815930703125 0.74194773671875 0.11579557343749994 0.18528166718750008
0 0.8737472000000001 0.6602656859375 0.09736221250000003 0.17392808750000005