0 0.060233659375000005 0.38943087890625006 0.04920895625 0.0713771671875
0 0.00894734765625 0.526189321875 0.0178946953125 0.04782823124999993
0 0.17419107265625 0.46896940234375 0.03849897656249999 0.06869112656249995
0 0.474973953125 0.6397339499999999 0.08841045312500002 0.10669137500000003
0 0.584950559375 0.6423819843749999 0.09454635000000007 0.10230895000000002
0 0.682938653125 0.6254267921875 0.08129933437499996 0.097896803125
0 0.01298318046875 0.638679465625 0.0259663609375 0.07284254375000003
0 0.13883523046875 0.61574939375 0.053303764062500016 0.07772949687500005
0 0.20049062578125 0.6561078703125001 0.06003709531249999 0.08087644999999996
0 0.77057078984375 0.63412725625 0.09811087343749998 0.10361853437499997
0 0.029134531249999995 0.7767657953125 0.0558612125 0.06437508125000005
0 0.113526815625 0.73873871640625 0.05730276875000001 0.07052298281250007
0 0.04157476015625 0.9124565578125001 0.059164998437500005 0.06745262500000013
0 0.503669290625 0.74421774609375 0.08605203437500002 0.08843880468750002
0 0.1417579328125 0.8235892937499999 0.04828160625 0.057092987500000004
0 0.20332143828125 0.84289954765625 0.055747545312499994 0.06357930156250013
0 0.1997551359375 0.74387496015625 0.058922118749999995 0.07564572656250004
0 0.27650011328125 0.8379314640625001 0.05514444843749997 0.054526453125
0 0.32875533515625 0.9332712148437501 0.05370717656249999 0.06820512968750006
0 0.19067018828124999 0.94084528359375 0.06128044218750002 0.06072417968749999
0 0.25808125390625003 0.9523175390624999 0.04919273906249999 0.06970789062500007
0 0.5902992171875 0.7440876890625 0.08842838124999997 0.09268269374999996
0 0.67208779453125 0.7446526265625 0.08248761718749993 0.101347209375
0 0.7628853375 0.7498197203125001 0.09475939687499997 0.09375363437499998
0 0.87286927890625 0.6677599976562499 0.10444207656250004 0.1039385078125
0 0.8506419710937501 0.7865987156250001 0.09534447031250011 0.09770999375000003
0 0.52297463203125 0.8591559984374999 0.07438315156249997 0.09092486874999998
0 0.6011282203125 0.8803630312499999 0.08427888750000001 0.08708839687500003
0 0.6966027109375 0.87098832890625 0.09308375937499998 0.0852464765625001
0 0.86851166484375 0.9407354570312499 0.09951228906250016 0.08222592656250001
0 0.77334605703125 0.8519031437500001 0.0719452453125001 0.09397476250000007
0 0.4924312265625 0.9620244234375 0.08718805625000003 0.07595115312500003
0 0.67645436875 0.9490934007812498 0.080682246875 0.06216214531249999
0 0.75977846328125 0.94526858359375 0.07911343593750005 0.06272603281250007
0 0.9195669984375 0.78943234609375 0.06663781250000014 0.0783046921875001
0 0.93388794453125 0.68543272578125 0.054794060937500076 0.1003300859375