0 0.84375 0.73046875 0.184375 0.1375
0 0.84453125 0.60859375 0.1828125 0.1359375
0 0.85078125 0.48828125 0.184375 0.1328125
0 0.84140625 0.37265625 0.1859375 0.1359375
0 0.8453125 0.24921875 0.1796875 0.1359375
0 0.7171875 0.7875 0.1671875 0.13125
0 0.7109375 0.6640625 0.1671875 0.13125
0 0.70625 0.546875 0.1765625 0.13125
0 0.70625 0.43046875 0.1703125 0.128125
0 0.71015625 0.31328125 0.1734375 0.134375
0 0.715625 0.18984375 0.1765625 0.134375
0 0.58359375 0.84375 0.175 0.1328125
0 0.57578125 0.721875 0.1671875 0.134375
0 0.575 0.60234375 0.1640625 0.13125
0 0.58046875 0.4875 0.1609375 0.11875
0 0.57421875 0.375 0.16875 0.128125
0 0.578125 0.253125 0.1765625 0.134375
0 0.5890625 0.1296875 0.1640625 0.134375
0 0.46015625 0.88984375 0.1671875 0.11875
0 0.45234375 0.77421875 0.1609375 0.13125
0 0.46328125 0.6578125 0.1609375 0.128125
0 0.46171875 0.546875 0.1609375 0.121875
0 0.4546875 0.43515625 0.153125 0.128125
0 0.459375 0.31953125 0.1609375 0.125
0 0.46640625 0.2 0.1578125 0.13125
0 0.46640625 0.08828125 0.1578125 0.13125
0 0.3375 0.92890625 0.15625 0.1203125
0 0.3375 0.821875 0.1578125 0.1265625
0 0.33984375 0.71015625 0.1515625 0.121875
0 0.34375 0.60078125 0.153125 0.121875
0 0.3359375 0.4921875 0.15 0.121875
0 0.33671875 0.37734375 0.15 0.121875
0 0.3515625 0.2671875 0.153125 0.1203125
0 0.33984375 0.15703125 0.1578125 0.125
0 0.328125 0.053125 0.15625 0.10625
0 0.2078125 0.8796875 0.1671875 0.125
0 0.2109375 0.76875 0.1546875 0.128125
0 0.215625 0.6578125 0.1578125 0.134375
0 0.21875 0.546875 0.15 0.1234375
0 0.21640625 0.43359375 0.153125 0.11875
0 0.2171875 0.32578125 0.15625 0.1203125
0 0.22109375 0.21875 0.153125 0.121875
0 0.22109375 0.10703125 0.1453125 0.125
0 0.1015625 0.81796875 0.1328125 0.1234375
0 0.103125 0.70546875 0.146875 0.1265625
0 0.10390625 0.603125 0.1515625 0.11875
0 0.11015625 0.48984375 0.146875 0.121875
0 0.1078125 0.3828125 0.15 0.11875
0 0.11171875 0.27734375 0.1375 0.115625
0 0.1078125 0.1703125 0.1546875 0.1375