0 0.078125 0.19765625 0.046875 0.10625
0 0.1265625 0.2015625 0.053125 0.1140625
0 0.18203125 0.20625 0.05625 0.1203125
0 0.23828125 0.20546875 0.059375 0.1234375
0 0.32265625 0.21484375 0.0703125 0.1296875
0 0.05234375 0.28359375 0.0453125 0.103125
0 0.10390625 0.2921875 0.0484375 0.109375
0 0.3453125 0.3265625 0.06875 0.1328125
0 0.1515625 0.3 0.05 0.1125
0 0.21328125 0.30703125 0.059375 0.11875
0 0.278125 0.31796875 0.0640625 0.121875
0 0.02734375 0.36640625 0.0421875 0.1015625
0 0.078125 0.3828125 0.0484375 0.1046875
0 0.1234375 0.3984375 0.0515625 0.1109375
0 0.23203125 0.41484375 0.059375 0.1171875
0 0.39140625 0.43984375 0.0765625 0.128125
0 0.3109375 0.4265625 0.0625 0.125
0 0.1921875 0.4046875 0.0390625 0.109375
0 0.01953125 0.453125 0.0359375 0.0953125
0 0.0515625 0.45859375 0.0453125 0.1015625
0 0.43515625 0.5609375 0.075 0.13125
0 0.35234375 0.540625 0.0671875 0.1234375
0 0.284375 0.52734375 0.0625 0.115625
0 0.21796875 0.515625 0.05625 0.1109375
0 0.1671875 0.49140625 0.0484375 0.1078125
0 0.115625 0.47734375 0.046875 0.103125
0 0.36640625 0.8734375 0.0671875 0.125
0 0.30703125 0.8375 0.0625 0.1171875
0 0.2484375 0.803125 0.0578125 0.1140625
0 0.42890625 0.7875 0.075 0.1265625
0 0.446875 0.69140625 0.078125 0.13125
0 0.384375 0.66484375 0.06875 0.1234375
0 0.33828125 0.75390625 0.0640625 0.121875
0 0.1921875 0.778125 0.053125 0.1078125
0 0.27421875 0.7234375 0.0625 0.1140625
0 0.32578125 0.63359375 0.0625 0.115625
0 0.253125 0.61796875 0.059375 0.1125
0 0.1421875 0.57421875 0.0484375 0.1078125
0 0.2109375 0.7015625 0.0578125 0.1109375
0 0.13359375 0.75390625 0.05 0.103125
0 0.15859375 0.67578125 0.053125 0.10625
0 0.03515625 0.70546875 0.04375 0.0984375
0 0.08515625 0.72421875 0.046875 0.096875
0 0.01875 0.6140625 0.0375 0.0953125
0 0.05390625 0.63515625 0.04375 0.0984375
0 0.10703125 0.65078125 0.046875 0.1
0 0.1921875 0.59921875 0.053125 0.1125
0 0.03984375 0.53984375 0.0421875 0.0921875
0 0.09609375 0.55703125 0.0453125 0.1015625
0 0.0125 0.52265625 0.025 0.0890625
0 0.03671875 0.91875 0.0390625 0.0984375
0 0.01796875 0.9640625 0.0359375 0.071875
0 0.07265625 0.95234375 0.04375 0.0953125
0 0.1203125 0.96640625 0.04375 0.0671875
0 0.17734375 0.9859375 0.0453125 0.028125
0 0.05703125 0.98359375 0.034375 0.0328125