0 0.16796875 0.53046875 0.1921875 0.134375
0 0.31015625 0.59765625 0.178125 0.134375
0 0.4390625 0.665625 0.175 0.1390625
0 0.57109375 0.73046875 0.171875 0.140625
0 0.56015625 0.61171875 0.1640625 0.1296875
0 0.16484375 0.65 0.190625 0.14375
0 0.4328125 0.43828125 0.1578125 0.1203125
0 0.8921875 0.36796875 0.1453125 0.1140625
0 0.87890625 0.17265625 0.1484375 0.1203125
0 0.3109375 0.48125 0.1734375 0.128125
0 0.171875 0.4171875 0.1890625 0.13125
0 0.67734375 0.56171875 0.1609375 0.1234375
0 0.896875 0.471875 0.1453125 0.11875
0 0.55546875 0.5015625 0.1640625 0.1234375
0 0.43671875 0.54453125 0.1734375 0.13125
0 0.6828125 0.6734375 0.1609375 0.1328125
0 0.8375 0.8609375 0.1765625 0.140625
0 0.9328125 0.7984375 0.134375 0.1328125
0 0.7875 0.40703125 0.1578125 0.121875
0 0.6953125 0.7890625 0.16875 0.1390625
0 0.7640625 0.115625 0.1453125 0.109375
0 0.4390625 0.7890625 0.178125 0.14375
0 0.421875 0.11484375 0.165625 0.121875
0 0.65390625 0.05625 0.1578125 0.1125
0 0.17578125 0.3046875 0.18125 0.128125
0 0.7953125 0.51640625 0.1609375 0.1234375
0 0.80390625 0.62421875 0.1640625 0.1265625
0 0.92421875 0.68671875 0.1515625 0.128125
0 0.76796875 0.21328125 0.15 0.1109375
0 0.54296875 0.1859375 0.1515625 0.1171875
0 0.30703125 0.3765625 0.1734375 0.125
0 0.43671875 0.325 0.1703125 0.128125
0 0.6671875 0.35 0.153125 0.1203125
0 0.55390625 0.39609375 0.165625 0.125
0 0.5328125 0.08671875 0.153125 0.1125
0 0.1796875 0.2 0.1671875 0.125
0 0.67421875 0.45625 0.159375 0.121875
0 0.8203125 0.73671875 0.1671875 0.1375
0 0.653125 0.25390625 0.15 0.1109375
0 0.65390625 0.15625 0.146875 0.1078125
0 0.30078125 0.1546875 0.1734375 0.128125
0 0.56953125 0.8515625 0.1734375 0.1375
0 0.43125 0.2203125 0.1625 0.1203125
0 0.88203125 0.2703125 0.1421875 0.1109375
0 0.78046875 0.30859375 0.1546875 0.1140625
0 0.3 0.7234375 0.190625 0.15
0 0.54765625 0.28984375 0.15 0.1203125
0 0.921875 0.57578125 0.15625 0.121875
0 0.7015625 0.9109375 0.1734375 0.14375
0 0.30859375 0.26796875 0.165625 0.121875