0 0.24404371796874996 0.78868571953125 0.13178168593749998 0.1596056609375
0 0.35739290703124993 0.81136616875 0.12885135781249998 0.15926761875000003
0 0.46593413984374993 0.8292134671875001 0.12907586093749995 0.15577796562500001
0 0.57256732578125 0.8382754632812499 0.12002126406249998 0.15928083281250008
0 0.67947558046875 0.8552173414062499 0.12388983593749998 0.1486592703125001
0 0.75650745625 0.74484896640625 0.107198065625 0.14838686718750002
0 0.64174959140625 0.72222088203125 0.10734327656250002 0.13589727968749993
0 0.5420465476562499 0.6998774601562501 0.11725232968750002 0.15082612343749996
0 0.44282488828125005 0.681675028125 0.11570200156250002 0.15458433750000006
0 0.33144711484375 0.6624826953125 0.11721658906249996 0.14870743437500006
0 0.21106026328125002 0.6471415109375 0.1243779515625 0.16016710312499996
0 0.8279620640625 0.6444055179687499 0.09749452187500003 0.1420858015625
0 0.72119351171875 0.61359495703125 0.10395276093749999 0.14378970468750002
0 0.6228064984375 0.5854935296875 0.11444040937499995 0.14341370937500003
0 0.50911256640625 0.569856328125 0.1087930703125 0.14048591562499996
0 0.41311135703125 0.550349825 0.11335807656250005 0.14480172500000005
0 0.3037926125 0.5270595859375 0.12308899062500003 0.144282925
0 0.1865659015625 0.5064314921875 0.13325215937499998 0.15401779375000002
0 0.8764083656250001 0.5402350109375 0.09681820312500004 0.13198773125000002
0 0.7901464765624999 0.5142480460937501 0.09656577187500001 0.13443977656249997
0 0.68031542265625 0.4865790945312501 0.11343961718749992 0.1458009609375
0 0.6002928 0.46012739296875005 0.11762260312499997 0.13139986406250004
0 0.49265798046875 0.43911208671875 0.1087137796875 0.13746305781250007
0 0.3891357890625 0.41782843203125 0.12059929375000004 0.1374110515625
0 0.279690565625 0.38216970859375 0.12376586875000002 0.14504812968749997
0 0.16162558046875 0.36432446953125003 0.1261729015625 0.1474183234375
0 0.9428981742187499 0.42396614453125 0.09130882968750012 0.1349982171875
0 0.8513868015625 0.40925091171875005 0.10202097499999993 0.13098465468749998
0 0.7541458249999999 0.39058602109375 0.09642112500000008 0.1274165703125
0 0.6685557828124999 0.36169705703125 0.10375169374999996 0.12853644843749995
0 0.5671709015624999 0.33468573749999997 0.11049979375000003 0.135858484375
0 0.46847609375 0.31060156640625003 0.10567398125000001 0.1403345828125
0 0.3708017515625 0.28215665390625 0.13821980937499995 0.13513634218750004
0 0.25683986640625 0.2518326203125 0.11927402968750003 0.139465365625
0 0.14327456640624997 0.2257618828125 0.12177266093749999 0.14367758437499997
0 0.9130131218749999 0.30916697343750005 0.08993776562499996 0.1299338375
0 0.8289552078125 0.29024424375 0.09595256562500012 0.13034862499999997
0 0.735398821875 0.26335790859374997 0.09629547187500007 0.13357056406249998
0 0.64546544375 0.23324514999999998 0.10049801562500002 0.1367234375
0 0.54356143828125 0.20531704453125 0.10193274843749993 0.1348592546875
0 0.44193698046875 0.17457120625 0.10994912968750001 0.133155353125
0 0.3443596484375 0.14130797968750003 0.11589188749999998 0.141147525
0 0.22239823125 0.10297728203125 0.1178677875 0.1357591578125
0 0.8996243125 0.18434720625 0.08641490937499992 0.12356329062500002
0 0.7998414656249999 0.16557879687500002 0.09152495937499996 0.1278663125
0 0.70961663828125 0.1430646796875 0.09227387968750005 0.129730496875
0 0.6178260812499999 0.1112329625 0.10082530000000008 0.1252326625
0 0.51758045 0.07316966171875 0.102492346875 0.1270576296875
0 0.41572020703124996 0.0526197828125 0.11219532968750001 0.105239565625
0 0.31722994765625 0.03967516484375 0.1144499046875 0.0793503296875