0 0.0984375 0.24453125 0.1546875 0.1375
0 0.1984375 0.246875 0.1265625 0.1296875
0 0.28828125 0.2484375 0.1296875 0.1375
0 0.3796875 0.24765625 0.09375 0.1234375
0 0.45 0.25390625 0.1078125 0.1453125
0 0.5265625 0.25234375 0.090625 0.1375
0 0.6109375 0.2546875 0.125 0.1375
0 0.68984375 0.25625 0.10625 0.1234375
0 0.115625 0.3671875 0.1296875 0.1234375
0 0.19921875 0.3671875 0.11875 0.1421875
0 0.2921875 0.371875 0.109375 0.121875
0 0.378125 0.36875 0.0984375 0.140625
0 0.45234375 0.37421875 0.071875 0.115625
0 0.52421875 0.36171875 0.1015625 0.15
0 0.60625 0.36796875 0.1015625 0.1296875
0 0.68671875 0.37265625 0.1234375 0.1328125
0 0.12578125 0.48125 0.109375 0.1140625
0 0.19609375 0.496875 0.1125 0.14375
0 0.2984375 0.47421875 0.1 0.128125
0 0.38203125 0.4765625 0.09375 0.13125
0 0.4515625 0.46796875 0.0671875 0.11875
0 0.528125 0.46875 0.0734375 0.11875
0 0.60078125 0.46484375 0.078125 0.1203125
0 0.678125 0.47265625 0.115625 0.140625
0 0.11015625 0.6015625 0.0828125 0.11875
0 0.2015625 0.603125 0.0953125 0.128125
0 0.2984375 0.57578125 0.0984375 0.1484375
0 0.37890625 0.57734375 0.0875 0.171875
0 0.45234375 0.57734375 0.059375 0.1234375
0 0.52265625 0.565625 0.09375 0.1734375
0 0.6015625 0.5671875 0.0875 0.1453125
0 0.68515625 0.58046875 0.0984375 0.15
0 0.14453125 0.67890625 0.0828125 0.0984375
0 0.22421875 0.67890625 0.0859375 0.1171875
0 0.30234375 0.67109375 0.0703125 0.10625
0 0.37578125 0.69453125 0.0625 0.0796875
0 0.45390625 0.68359375 0.059375 0.075
0 0.5203125 0.67421875 0.0859375 0.1140625
0 0.60234375 0.6734375 0.0671875 0.0953125
0 0.67734375 0.68125 0.075 0.1015625
0 0.775 0.26171875 0.159375 0.140625
0 0.83359375 0.25703125 0.1546875 0.1265625
0 0.76796875 0.3765625 0.10625 0.1078125
0 0.83671875 0.37421875 0.146875 0.11875
0 0.74921875 0.475 0.1015625 0.109375
0 0.8453125 0.48828125 0.153125 0.1484375
0 0.7546875 0.5765625 0.1 0.125
0 0.828125 0.57734375 0.11875 0.1375
0 0.7484375 0.671875 0.06875 0.096875
0 0.821875 0.6671875 0.08125 0.1171875