0 0.749999696875 0.13723544921875003 0.11011904687499996 0.1455026453125
0 0.64322886328125 0.1443452375 0.12326388906249992 0.15641534375
0 0.5368306609375 0.13888888828125 0.118799603125 0.1547619046875
0 0.4337776390625 0.14583333359375 0.11507936562499999 0.1541005296875
0 0.3086542375 0.1448412703125 0.11483135 0.15343915312500003
0 0.8115073296875 0.26041666640625 0.10615079375 0.1385582015625
0 0.70089255390625 0.25562169296875 0.09920634843750005 0.1402116390625
0 0.5948660710937499 0.26273148125 0.10739087343750002 0.146494709375
0 0.48722718203125004 0.27562830703125 0.11135912656249998 0.15178571406250002
0 0.3756191296875 0.2802579359375 0.11433531874999998 0.14649470937499998
0 0.25347009921875 0.28406084609375004 0.12103174531249998 0.1541005296875
0 0.8669385742187501 0.3702050265625 0.09598214218750005 0.14318783125000004
0 0.6516620093750001 0.3986441796875 0.109375 0.147156084375
0 0.54104541328125 0.40013227578125 0.10094246093750003 0.13888888906250005
0 0.43700305781250004 0.40856481484374996 0.11259920625 0.1484788359375
0 0.32018697578125 0.41633597890625007 0.1150793640625 0.15079365156250005
0 0.1998983671875 0.43055555546874996 0.12847222187500001 0.15410052968750004
0 0.8934774859375001 0.477843915625 0.10094245937499995 0.134259259375
0 0.801959325 0.48544973515625 0.09449404687500004 0.13359788281249996
0 0.70151077421875 0.49950396796874996 0.11036706406250003 0.14451058281250004
0 0.6026770546875 0.5100859789062501 0.10863095312499996 0.14120370468750004
0 0.49032677421875004 0.5239748679687499 0.10416666718750003 0.13988095156249997
0 0.38702634296875 0.53339947109375 0.1078869046875 0.13888888906250002
0 0.26773131484375 0.5522486773437499 0.11681547656250002 0.14616402031249995
0 0.14806305 0.56332671953125 0.12251984062500001 0.14318782968749993
0 0.9439481093750001 0.5868055554687499 0.09077380937499999 0.1392195765625
0 0.8447417601562499 0.59887566171875 0.09325396718750004 0.13888888906250002
0 0.74603144296875 0.59970238125 0.09275793593750006 0.13525132187499994
0 0.65327320234375 0.6253306875 0.1046626984375 0.13161375625
0 0.5448908734375 0.6377314820312501 0.10565476250000003 0.1359126984375
0 0.43973183984375 0.6451719578125 0.10714285781249999 0.1375661375
0 0.33097627265625 0.65625 0.1108630953125 0.13855819999999994
0 0.21788073125000001 0.6802248679687499 0.11631944374999999 0.13888888906250002
0 0.1040402328125 0.69097222265625 0.11929563437499999 0.1451719578125
0 0.1621999546875 0.8227513226562501 0.11904761875 0.14351851718749992
0 0.28806770703125 0.79927248671875 0.1163194453125 0.14153439218749994
0 0.3960792265625 0.777777778125 0.11210317499999997 0.13095238125000003
0 0.50309746875 0.76388888828125 0.10739087187500003 0.1362433859375
0 0.606893628125 0.74834656015625 0.10515873125000005 0.1388888890625001
0 0.7034961140625 0.7329695765625 0.099950396875 0.12599206249999995
0 0.7976184414062499 0.7189153445312501 0.09821428593749992 0.12367724843749998
0 0.890128665625 0.69890873046875 0.09077380937499999 0.1451719578125
0 0.8513126648437499 0.8189484125 0.0949900796875001 0.12202380937500008
0 0.74516308359375 0.83019179921875 0.09747023906250005 0.12003968281250002
0 0.65017391484375 0.846560846875 0.09895833281249997 0.1283068781249999
0 0.555430334375 0.8543320109374999 0.10292658750000001 0.12731481562500005
0 0.4486595015625 0.8880621695312498 0.10615079375000006 0.13062169218750003
0 0.34449253125 0.90228174609375 0.11111111249999998 0.13194444531249996
0 0.75471412109375 0.37830687812499997 0.10168650781250008 0.14285714375
0 0.23338354296875 0.9285714289062501 0.11805555468750002 0.13624338593750007