0 0.78515625 0.2125 0.196875 0.1484375
0 0.803125 0.33046875 0.19375 0.153125
0 0.8265625 0.44765625 0.19375 0.1453125
0 0.8453125 0.56328125 0.1921875 0.153125
0 0.871875 0.68125 0.190625 0.146875
0 0.64375 0.175 0.190625 0.15
0 0.66015625 0.29609375 0.1859375 0.1421875
0 0.68125 0.4109375 0.178125 0.1453125
0 0.70078125 0.525 0.1828125 0.1390625
0 0.72421875 0.6390625 0.171875 0.1453125
0 0.7484375 0.7640625 0.178125 0.140625
0 0.5015625 0.14140625 0.178125 0.1421875
0 0.521875 0.2625 0.1703125 0.1359375
0 0.53828125 0.37578125 0.1734375 0.1375
0 0.56875 0.490625 0.1703125 0.1359375
0 0.5828125 0.6 0.1765625 0.1453125
0 0.6125 0.71796875 0.18125 0.15
0 0.63671875 0.83984375 0.175 0.1421875
0 0.37578125 0.1125 0.16875 0.1328125
0 0.38671875 0.22578125 0.1703125 0.1375
0 0.4171875 0.3421875 0.165625 0.1359375
0 0.43984375 0.453125 0.15625 0.128125
0 0.45546875 0.5609375 0.1671875 0.1359375
0 0.48046875 0.67578125 0.1703125 0.1359375
0 0.50546875 0.79140625 0.16875 0.140625
0 0.53046875 0.90234375 0.1671875 0.1359375
0 0.24921875 0.096875 0.165625 0.1296875
0 0.26328125 0.1984375 0.1671875 0.1359375
0 0.29375 0.31015625 0.1609375 0.13125
0 0.31640625 0.41953125 0.1671875 0.1359375
0 0.3296875 0.52421875 0.1640625 0.134375
0 0.3515625 0.6359375 0.165625 0.1359375
0 0.3796875 0.74296875 0.1625 0.1265625
0 0.38984375 0.85234375 0.1796875 0.1390625
0 0.403125 0.94921875 0.16875 0.1015625
0 0.2859375 0.92421875 0.1546875 0.1390625
0 0.2625 0.81171875 0.1640625 0.1359375
0 0.240625 0.70625 0.1609375 0.1328125
0 0.22109375 0.6015625 0.16875 0.13125
0 0.2015625 0.48984375 0.159375 0.13125
0 0.18359375 0.3828125 0.16875 0.1390625
0 0.1578125 0.275 0.16875 0.1328125
0 0.12890625 0.16875 0.16875 0.1453125
0 0.1578125 0.88359375 0.1625 0.134375
0 0.14921875 0.77109375 0.1546875 0.1234375
0 0.128125 0.66640625 0.159375 0.125
0 0.109375 0.5609375 0.1625 0.128125
0 0.0796875 0.4546875 0.1453125 0.128125
0 0.07265625 0.35 0.134375 0.128125
0 0.0578125 0.24375 0.1109375 0.1375