0 0.6674707640624999 0.886333959375 0.13038895000000003 0.15965642500000002
0 0.551609325 0.85303517109375 0.12825843125 0.16273394531250007
0 0.43366022343750005 0.811681409375 0.11930437812500001 0.1624000625
0 0.311362625 0.7818246515625 0.12391281250000001 0.16699176875000007
0 0.193932225 0.7508843671875001 0.13101166874999998 0.1630376656250001
0 0.77362755859375 0.7694100710937499 0.1429619171875 0.15732261093749997
0 0.6343732921875 0.7282148281249999 0.12269111874999998 0.14901690937499995
0 0.52049749375 0.69317930625 0.12101113124999996 0.15640695625000003
0 0.41003937968750004 0.66504779453125 0.12034310000000001 0.15586761093749998
0 0.28857238281250003 0.636445215625 0.1247193625 0.158642509375
0 0.16218515703125 0.6031343265625 0.12442418593749997 0.15878655624999993
0 0.14310454609375 0.46782456796875005 0.12952932343749998 0.14981644843750003
0 0.26285521093750003 0.49266932734375 0.12707902812500002 0.14341687343750004
0 0.38346096328124996 0.52384791953125 0.12592422031249995 0.1502195578125
0 0.49235451250000006 0.5568996625 0.11974412187499998 0.140548171875
0 0.60609985859375 0.5778494734375 0.11899452968749999 0.15341319687499996
0 0.727218371875 0.6184101984374999 0.12346314062499993 0.15649740312500002
0 0.8501884226562499 0.6616264 0.12474784218749999 0.15302012812500002
0 0.9169816640625001 0.5506147421875 0.13786282500000002 0.14529620000000004
0 0.8057011515625 0.51722887421875 0.11406545937499998 0.14507510781250002
0 0.6846598390625 0.4884174265625 0.11446291249999999 0.14355533124999997
0 0.5739000375 0.44000986484375 0.11751218750000003 0.1339945078125
0 0.46629497109375 0.4216304390625 0.1184447515625 0.13867107500000003
0 0.35111689999999995 0.39034585312500003 0.11775816874999996 0.13879390624999996
0 0.23376786875 0.34481451015625 0.12355462812500002 0.1470102921875
0 0.125771625 0.3162369671875 0.13408165625 0.14575739687500003
0 0.9679656789062501 0.4301023375 0.06406864218749994 0.14297355937500003
0 0.8733226437500001 0.40817460781250003 0.114536709375 0.137466196875
0 0.7646635249999999 0.385117878125 0.10608238124999998 0.13874812187500002
0 0.65441570625 0.34777601874999997 0.11701160000000002 0.13961353124999998
0 0.5454840828125 0.31286479062500006 0.11656495312499997 0.13385046250000002
0 0.4388256617187499 0.28615448359375 0.11774737968749997 0.13774983281250003
0 0.32417197421875 0.25769425078125 0.12075824218749998 0.13134021406250002
0 0.21791646015625 0.21787991015625 0.12244513906249999 0.1375365578125
0 0.11672272421874999 0.19306976953125 0.11832392656249999 0.1338884328125
0 0.18376833984375002 0.07297636484375 0.11313894531250002 0.1252990953125
0 0.2982065171875 0.1165761796875 0.11840331562499999 0.128394471875
0 0.41117378359375 0.15324685546875 0.11877228906249995 0.1391255609375
0 0.5181904265625 0.18496817578125 0.11902905937500004 0.13258752343749997
0 0.6233669609375 0.21464967109375 0.11036111250000005 0.1368520359375
0 0.7376270085937501 0.24932415078124998 0.10930469843749994 0.1315110640625
0 0.8378953890625 0.2761914578125 0.10849512500000005 0.130488203125
0 0.9495531890625 0.3082272234375 0.10089362187499998 0.134122925
0 0.92054899765625 0.1794824859375 0.10586790468749996 0.12920292500000002
0 0.8039935351562499 0.15136004921875 0.10503761093750005 0.12741181406250002
0 0.701983971875 0.12552922109375 0.1050967375 0.12664243281249998
0 0.59762504765625 0.092736784375 0.10832207968750004 0.122166871875
0 0.4890732703125 0.05945413046875 0.10792462812500006 0.0981764828125
0 0.3824886546875 0.04706920234375 0.11598754999999997 0.0786968296875
0 0.26989548828125 0.0269662828125 0.10830086718750001 0.04388793125