0 0.26097162890625 0.851136084375 0.1287043171875 0.16048984375000003
0 0.37857443359375004 0.86293986640625 0.1252655453125 0.15883330781249994
0 0.4938132585937501 0.8763056648437499 0.12333721406249998 0.1561533578125
0 0.60344319375 0.8809716851562499 0.11429150625000002 0.15950670156250002
0 0.70871843359375 0.8939336429687501 0.12203823593749999 0.14820755468750005
0 0.7731499492187499 0.77751208046875 0.10410512343749997 0.14802575781249994
0 0.6603767828125 0.7584091078124999 0.10467063437499995 0.13548770000000002
0 0.5557448460937501 0.741184796875 0.11071153906250002 0.15075964062500002
0 0.45255632109375005 0.72385947578125 0.11239864218750002 0.15524431093750007
0 0.33800152265625 0.71423742265625 0.11272629531250003 0.14934563281250002
0 0.21433624296875 0.7070866804687499 0.12069413906250001 0.1596480203125
0 0.83327281015625 0.6727732843750001 0.0968772578124999 0.14160858125000003
0 0.7295989015625001 0.64679854765625 0.10288035937499992 0.1432987234375
0 0.62379733359375 0.6258977117187501 0.11332017656250004 0.1433795671875
0 0.5076778703125 0.6184844929687501 0.10416595937499995 0.14043022656249998
0 0.40956785546874996 0.5930719828125 0.11025058906249999 0.144955259375
0 0.29087939609375 0.576901478125 0.11975666406250003 0.14418086562500002
0 0.16676261796875 0.55924629296875 0.1290697734375 0.1541062765625
0 0.8763669773437499 0.5607252468749999 0.09293753906249994 0.131440765625
0 0.7849583093750001 0.5433190859375 0.09467721562499998 0.13389185
0 0.6661187703125 0.5192501359375 0.11059359687499999 0.14585755625000002
0 0.57942020859375 0.49838960624999995 0.11257822656250002 0.13138020624999996
0 0.4710679929687499 0.4803269359374999 0.10605056093750002 0.137528034375
0 0.36555055156250005 0.45818703437499997 0.11605165937500002 0.13727213750000003
0 0.24956264921875002 0.44013103749999993 0.12184387968750002 0.14447037187499995
0 0.122627934375 0.42028073046875003 0.12649798437499998 0.14771608906249994
0 0.9335664539062499 0.44961983671874994 0.08858747031249994 0.13550798281250004
0 0.8361431578125 0.4311059140625 0.09812505625000005 0.13088190937499994
0 0.732651334375 0.41996219296875 0.09284972187500004 0.1273804609375
0 0.6446835148437501 0.39618597734375005 0.10024298593749999 0.12798646406250005
0 0.537675790625 0.373490603125 0.10984535624999996 0.13568299374999998
0 0.4298993453125 0.35761302890625 0.10247256875000002 0.14032922656250002
0 0.33064215703125 0.335715546875 0.1319251171875 0.13509044374999996
0 0.20733300312500003 0.30791277265625 0.11660635000000001 0.13975016718750002
0 0.0935630671875 0.28689063359375 0.11908402812499999 0.14377686406250004
0 0.88609778359375 0.3339898 0.08684976406249997 0.129959409375
0 0.7943816445312499 0.3151594671875 0.09277469843750011 0.12968327500000001
0 0.698747971875 0.28547794453124997 0.09607959062499996 0.13327909843750002
0 0.60565336640625 0.272206103125 0.09980762656250004 0.136592040625
0 0.49813939609375 0.2421879203125 0.10044245781250005 0.134329546875
0 0.39180372109375006 0.22063393437499998 0.10663084531250004 0.1325518125
0 0.2817736625 0.18899961250000002 0.11321619999999996 0.14098237500000002
0 0.15957995390625 0.15960086796875 0.11527132031249998 0.1358378890625
0 0.8513006429687501 0.21271684375 0.08972894843749994 0.12294289687499997
0 0.7484945406250001 0.1919979 0.09164879375000004 0.12725243125000002
0 0.65891857421875 0.17362539453124998 0.09247659218749993 0.12960251406249998
0 0.55764116171875 0.14991327578125 0.10228983906249996 0.12472058593750002
0 0.454732228125 0.11439019765625 0.1025277 0.12649153281249997
0 0.34909435859375 0.09047291796875 0.11073084531250003 0.1269898296875
0 0.2393838921875 0.06485608515624999 0.11568817812500001 0.11168236406250001