0 0.15234375 0.875 0.0734375 0.1234375
0 0.20078125 0.86171875 0.0796875 0.1265625
0 0.2546875 0.8453125 0.084375 0.134375
0 0.30859375 0.83125 0.090625 0.140625
0 0.38671875 0.8109375 0.1 0.1421875
0 0.109375 0.79453125 0.0703125 0.1140625
0 0.16015625 0.77421875 0.071875 0.11875
0 0.20390625 0.7578125 0.078125 0.1234375
0 0.26328125 0.7359375 0.0875 0.1328125
0 0.32421875 0.71484375 0.090625 0.134375
0 0.38671875 0.69296875 0.1015625 0.1484375
0 0.06953125 0.7203125 0.065625 0.1125
0 0.11171875 0.696875 0.071875 0.1171875
0 0.159375 0.675 0.078125 0.1171875
0 0.225 0.6484375 0.0671875 0.11875
0 0.25625 0.62734375 0.0875 0.134375
0 0.3328125 0.6 0.090625 0.1359375
0 0.40546875 0.5734375 0.1015625 0.1453125
0 0.0421875 0.64453125 0.0625 0.1046875
0 0.0734375 0.62265625 0.06875 0.115625
0 0.13125 0.59921875 0.071875 0.1171875
0 0.1796875 0.56953125 0.075 0.11875
0 0.22421875 0.54296875 0.0796875 0.125
0 0.28515625 0.515625 0.0890625 0.1328125
0 0.3515625 0.484375 0.09375 0.1359375
0 0.42421875 0.45078125 0.1015625 0.1453125
0 0.02265625 0.5734375 0.0453125 0.1
0 0.046875 0.54921875 0.0625 0.103125
0 0.09375 0.52578125 0.0671875 0.1125
0 0.1375 0.49609375 0.06875 0.1140625
0 0.17890625 0.46875 0.0765625 0.121875
0 0.23515625 0.43515625 0.0828125 0.128125
0 0.3 0.40546875 0.0859375 0.1296875
0 0.353125 0.3609375 0.096875 0.140625
0 0.409375 0.31640625 0.1078125 0.1484375
0 0.015625 0.48046875 0.03125 0.1015625
0 0.03828125 0.45546875 0.0640625 0.1078125
0 0.0875 0.42578125 0.0734375 0.115625
0 0.13359375 0.3921875 0.0734375 0.11875
0 0.1796875 0.359375 0.08125 0.1234375
0 0.234375 0.32265625 0.0890625 0.1265625
0 0.2921875 0.28203125 0.09375 0.1359375
0 0.3703125 0.2296875 0.1 0.140625
0 0.01875 0.3921875 0.0375 0.10625
0 0.05 0.36015625 0.0671875 0.1125
0 0.08984375 0.32421875 0.071875 0.1140625
0 0.14296875 0.28984375 0.078125 0.121875
0 0.19375 0.25 0.08125 0.125
0 0.24375 0.2078125 0.090625 0.134375
0 0.29375 0.15859375 0.0953125 0.14375