0 0.29296875 0.853125 0.1296875 0.1703125
0 0.41015625 0.86171875 0.1234375 0.1703125
0 0.5234375 0.87109375 0.1171875 0.1640625
0 0.63203125 0.8796875 0.1171875 0.1640625
0 0.24140625 0.7125 0.13125 0.1671875
0 0.3640625 0.72109375 0.1234375 0.1625
0 0.19296875 0.571875 0.134375 0.1640625
0 0.31640625 0.58515625 0.1265625 0.1625
0 0.43359375 0.596875 0.11875 0.153125
0 0.478125 0.7328125 0.11875 0.159375
0 0.53515625 0.61640625 0.1109375 0.1484375
0 0.584375 0.74453125 0.1140625 0.1578125
0 0.64765625 0.62578125 0.115625 0.1546875
0 0.73359375 0.88828125 0.1078125 0.15625
0 0.6875 0.75703125 0.1109375 0.1515625
0 0.79765625 0.7703125 0.109375 0.1515625
0 0.74921875 0.64140625 0.1078125 0.1484375
0 0.8546875 0.66484375 0.103125 0.1421875
0 0.89609375 0.55703125 0.096875 0.140625
0 0.803125 0.53828125 0.1046875 0.1421875
0 0.6984375 0.51953125 0.1078125 0.1421875
0 0.59921875 0.50078125 0.1109375 0.14375
0 0.4921875 0.4859375 0.1140625 0.1421875
0 0.38515625 0.47109375 0.115625 0.15
0 0.271875 0.44921875 0.125 0.15625
0 0.15 0.43515625 0.128125 0.159375
0 0.11328125 0.3015625 0.128125 0.1515625
0 0.23046875 0.31953125 0.1234375 0.1515625
0 0.34140625 0.34296875 0.11875 0.1484375
0 0.45 0.36328125 0.1125 0.14375
0 0.553125 0.3734375 0.109375 0.1421875
0 0.65703125 0.396875 0.10625 0.1375
0 0.178125 0.17421875 0.128125 0.1515625
0 0.2984375 0.20234375 0.1203125 0.1515625
0 0.40703125 0.22890625 0.115625 0.14375
0 0.51015625 0.25 0.1109375 0.1453125
0 0.61953125 0.2703125 0.1046875 0.1421875
0 0.71484375 0.28984375 0.103125 0.1359375
0 0.75078125 0.42109375 0.096875 0.134375
0 0.8484375 0.42890625 0.1015625 0.1359375
0 0.946875 0.43828125 0.096875 0.134375
0 0.80703125 0.30859375 0.1 0.13125
0 0.89921875 0.32734375 0.0953125 0.1296875
0 0.86328125 0.209375 0.0953125 0.1265625
0 0.7625 0.19453125 0.1 0.134375
0 0.66953125 0.17578125 0.1015625 0.1328125
0 0.571875 0.15546875 0.10625 0.1359375
0 0.46953125 0.121875 0.109375 0.1390625
0 0.36640625 0.1 0.115625 0.1421875
0 0.25546875 0.0734375 0.121875 0.14375