0 0.85546875 0.35234375 0.1359375 0.1046875
0 0.859375 0.45234375 0.1390625 0.109375
0 0.14296875 0.43828125 0.178125 0.1203125
0 0.5328125 0.72578125 0.165625 0.128125
0 0.3984375 0.4453125 0.15 0.1125
0 0.278125 0.49453125 0.1640625 0.1171875
0 0.74921875 0.396875 0.1453125 0.1125
0 0.5234375 0.61171875 0.15625 0.121875
0 0.1390625 0.55078125 0.18125 0.125
0 0.40078125 0.79375 0.16875 0.134375
0 0.40390625 0.55078125 0.1625 0.121875
0 0.640625 0.55546875 0.1484375 0.115625
0 0.51953125 0.5046875 0.1546875 0.115625
0 0.7578125 0.50546875 0.15 0.115625
0 0.79609375 0.84375 0.1640625 0.1296875
0 0.88984375 0.665625 0.15625 0.1203125
0 0.1328125 0.66953125 0.178125 0.13125
0 0.40234375 0.67109375 0.165625 0.128125
0 0.9 0.7765625 0.14375 0.125
0 0.73046875 0.109375 0.1375 0.1015625
0 0.275 0.60859375 0.165625 0.121875
0 0.8453125 0.1578125 0.1390625 0.1078125
0 0.62265625 0.0546875 0.1515625 0.109375
0 0.7640625 0.61015625 0.1515625 0.1171875
0 0.65390625 0.77890625 0.159375 0.125
0 0.278125 0.38984375 0.1609375 0.115625
0 0.39296875 0.12578125 0.153125 0.1125
0 0.6453125 0.66484375 0.1546875 0.1234375
0 0.40390625 0.33515625 0.1578125 0.115625
0 0.88046875 0.5578125 0.140625 0.1109375
0 0.6296875 0.346875 0.1453125 0.109375
0 0.73515625 0.20546875 0.140625 0.1015625
0 0.5015625 0.09140625 0.1453125 0.10625
0 0.84609375 0.2546875 0.1328125 0.1015625
0 0.4 0.23046875 0.1515625 0.1125
0 0.51875 0.396875 0.15625 0.1140625
0 0.1484375 0.2234375 0.1578125 0.1140625
0 0.6203125 0.15625 0.140625 0.0984375
0 0.74453125 0.3 0.1453125 0.1046875
0 0.51328125 0.29140625 0.14375 0.1109375
0 0.778125 0.7203125 0.159375 0.128125
0 0.1453125 0.328125 0.16875 0.1140625
0 0.5109375 0.1890625 0.1453125 0.109375
0 0.61796875 0.2515625 0.1390625 0.1
0 0.53046875 0.84921875 0.1625 0.128125
0 0.26875 0.171875 0.165625 0.1203125
0 0.2671875 0.734375 0.1765625 0.1375
0 0.659375 0.89765625 0.1609375 0.1296875
0 0.6390625 0.45 0.15 0.1125
0 0.27734375 0.284375 0.15625 0.1140625
0 0.93203125 0.39140625 0.1203125 0.125