0 0.7854619125 0.75102542578125 0.13422054687500004 0.15640585156249998
0 0.6715742953125 0.787789375 0.13096622187500007 0.15797104062500011
0 0.5640265703124999 0.8210922148437501 0.13262298125000002 0.15252105781249997
0 0.46327152578124997 0.8582869914062499 0.12322524218750006 0.15678302031250002
0 0.35892609765625 0.89135303671875 0.1274083015625 0.14761968906250011
0 0.27166255078125 0.7952628718750001 0.10975250781249998 0.14789196875000005
0 0.3825013359375 0.7519285585937501 0.10912221562500002 0.13755472656250003
0 0.47942291796875003 0.709889975 0.12086102343749996 0.14809975625
0 0.5824236812500001 0.67601061796875 0.11847879687500003 0.15156498281249994
0 0.69196318125 0.6391465359375 0.12041852812500001 0.14488664374999996
0 0.8048083679687499 0.60016425859375 0.12708416718749999 0.15918528593749998
0 0.195928540625 0.7039412281249999 0.10015926250000003 0.14238348125
0 0.29454833515625 0.65811762890625 0.10555400156250001 0.1430148296875
0 0.39071356015625003 0.61111515 0.11597562343750001 0.14153835625000005
0 0.50116715390625 0.57864571015625 0.11257466093749997 0.13943259843749994
0 0.5979585328124999 0.53704894609375 0.11529646874999999 0.1435553953125
0 0.70815819765625 0.49355888203125 0.12483310468750002 0.14341216718750002
0 0.8201792609374999 0.44944858437499996 0.13507978750000005 0.15218621249999997
0 0.13386436953124997 0.60712717890625 0.0989244015625 0.1316872359375
0 0.218842628125 0.572287334375 0.09893470000000001 0.134862015625
0 0.326176815625 0.5239082492187499 0.11569265312499999 0.14264977031250003
0 0.40220199687499997 0.48244627109374993 0.12058831875000005 0.13178201406249998
0 0.50434111328125 0.43628077578125 0.11090245781249992 0.13634454218749997
0 0.61008584609375 0.4003762390625 0.12323809843750003 0.13648570937499999
0 0.7160698898437501 0.3500290328125 0.1244857890625 0.14461835625
0 0.83096199453125 0.309129884375 0.1279202296874999 0.15414668125
0 0.056531046875000004 0.50305576953125 0.09094621875 0.13258480781250004
0 0.14447384921875 0.47367463984375 0.1050549296875 0.13036810156249992
0 0.24307159921875 0.4363723859375 0.09929487031249999 0.1273264375
0 0.32721346328124995 0.3951810125 0.10774846093749998 0.13001309375
0 0.42273711562500005 0.34580646406249993 0.11175655312499999 0.13543485937499997
0 0.5270366375 0.3066866078125 0.10795682187499996 0.13914215
0 0.6197854445312501 0.26357497890625003 0.14176858281250002 0.1346320640625
0 0.73300793046875 0.214448340625 0.12091245156250005 0.13940031875
0 0.83502530625 0.17215801874999997 0.12361113125000003 0.14118940624999998
0 0.07837525625 0.39035059062500005 0.09168252187499999 0.1305274375
0 0.15577162578124998 0.34413849531249996 0.0985436640625 0.13136650312499998
0 0.24453934609375 0.3062055359375 0.09801885156250001 0.13370826874999997
0 0.33826258046874996 0.26202909218750003 0.1021581609375 0.13524524062499999
0 0.44425498359375004 0.21621714218750002 0.10369144218750001 0.135535690625
0 0.5332029453124999 0.16757235546875 0.1119520875 0.13386154843749998
0 0.63509923125 0.12041442499999999 0.11789479062500004 0.141328571875
0 0.74448494765625 0.06348578984375 0.11968017968749996 0.1269715796875
0 0.0840521796875 0.261360946875 0.08663763125 0.12374420625000002
0 0.18043293046875 0.22148380781250002 0.0930614296875 0.127933559375
0 0.26814557031249997 0.183041653125 0.093334134375 0.12768750312500002
0 0.36229330625 0.138242946875 0.10166680000000002 0.12491811875
0 0.45610388671875 0.08095852265625 0.1030457078125 0.12747366093749998
0 0.55281700703125 0.048726835937500004 0.11312775156249995 0.09745367187500001
0 0.65171953125 0.025208681249999997 0.11040481250000003 0.05041736249999999