0 0.71742868984375 0.13788418359375001 0.11445494218750003 0.1466399359375
0 0.60761504921875 0.15193305234375 0.12809492968749997 0.15579854218750003
0 0.50073850546875 0.1621340125 0.12216625156250008 0.15353975625
0 0.39452044765625 0.1704755 0.11741968593749999 0.15437031875
0 0.275208625 0.18610315 0.11552826249999999 0.1525130125
0 0.7783485304687499 0.25545849375 0.10977763906249996 0.13893036250000002
0 0.6738649000000001 0.26332292968750004 0.10175821874999995 0.140927259375
0 0.5724535453125 0.28720003984375 0.11086433124999999 0.14719831718749998
0 0.46546492656250005 0.30091095078125 0.11427176875000003 0.1518508109375
0 0.35326941328125 0.30937525390625 0.11596526093749997 0.14487967031250001
0 0.23198606875000002 0.32037231484374995 0.12404233437500004 0.15317404531250003
0 0.83356802734375 0.35832132421875 0.09744097656250003 0.14438231718749997
0 0.6381917351562499 0.39746342578125005 0.1102044109375 0.14678537343750003
0 0.52090652578125 0.41138945937500004 0.10181330781250005 0.13947144062500003
0 0.4241072453125 0.42540324296875004 0.11337475624999996 0.14782825156249996
0 0.3085837734375 0.4378336546875 0.116787309375 0.15110559687500005
0 0.190207715625 0.4599809421875 0.13048750312499996 0.15319485937500005
0 0.8811274835937499 0.46102869843749994 0.10303458281250003 0.13514420624999998
0 0.7902106718749999 0.47360961171875005 0.09556489687500003 0.1341382734375
0 0.6831339906249999 0.4943887437500001 0.11211826250000004 0.14532020625
0 0.59135349765625 0.52595753828125 0.10937724531249993 0.14148681093749998
0 0.48370750781250005 0.5356729203125 0.10566541875000005 0.13992483437499992
0 0.37801578984375006 0.5550804335937499 0.10940026093750004 0.13884852031249997
0 0.26586798671875 0.5837294296875 0.11739922656249999 0.14674725937500002
0 0.14693934140625 0.5872573921875001 0.1232702578125 0.14254699375
0 0.9348710820312501 0.5707728249999999 0.09045571093750002 0.13971485625
0 0.839261896875 0.58882829765625 0.09284886874999998 0.13950604843750006
0 0.73769168515625 0.596538671875 0.09215431718749993 0.135043890625
0 0.6515205234374999 0.6254479390625001 0.1059601625 0.13115391250000002
0 0.545396259375 0.6454494328125 0.10558475625000004 0.136104071875
0 0.442969040625 0.66140069921875 0.10952264375000001 0.13787485781250003
0 0.338010334375 0.67803782890625 0.11278527187499998 0.13834321718750003
0 0.22527237265625 0.71172111953125 0.1178791140625 0.13856816093750002
0 0.11429013828125001 0.72723402265625 0.12062210468749998 0.14444123906250006
0 0.18185058515625 0.8547496734375001 0.12083932656249999 0.14369135000000002
0 0.300622615625 0.82250775859375 0.11856855312499999 0.14141642968750007
0 0.40927491640625 0.7938472328125 0.11185303906250002 0.13179413750000002
0 0.5103399804687501 0.7691729984375 0.10807077968750001 0.13664164374999999
0 0.61136326640625 0.7497152640625 0.10568982343749997 0.13924650000000005
0 0.709381928125 0.72905905078125 0.09829765937499993 0.12656829531250002
0 0.80220709765625 0.70733047890625 0.09540729843749993 0.12425993906249992
0 0.8890400515625 0.67631240546875 0.08885391562500011 0.14577476718750004
0 0.85883571953125 0.8016959968750001 0.09462755156250005 0.12216038750000005
0 0.7606270789062501 0.8166291546875 0.09572388906250007 0.1206098687499999
0 0.66554130703125 0.8449112609375 0.09745771093749997 0.129535353125
0 0.5747973843749999 0.86472094765625 0.10203250312500005 0.12735045468749995
0 0.47188349453124995 0.8995371593750001 0.10597945156249997 0.13118618437500001
0 0.36887929531249997 0.9212771898437498 0.11148077500000002 0.1324217359375
0 0.73685168359375 0.37986355781250003 0.10198252656250002 0.14330717187500003
0 0.26024445546874997 0.9435380921875 0.11777602031250001 0.11292381562500005