0 0.23650468125000002 0.294750140625 0.13201361874999998 0.06819022812499997
0 0.2342303421875 0.21831811171874999 0.130506496875 0.06461881093749999
0 0.23947138046875 0.15971831406249998 0.13064108281250003 0.06381498437500002
0 0.23588154140624998 0.0581184953125 0.1094539921875 0.054307778125000004
0 0.23358070859374996 0.098033965625 0.10220105781249997 0.05804949062500001
0 0.3406066109375 0.33743651171875 0.12484807500000002 0.07470256718750004
0 0.3421000625 0.27254749765624997 0.12025946875000004 0.07266564843749998
0 0.3381535953125 0.20813966796875 0.12254035 0.0711166078125
0 0.33017380390625 0.14400821328125 0.12363031093749996 0.056213582812499996
0 0.33650826953125 0.09662771015625 0.1341599140625 0.05182097343750001
0 0.3289791578125 0.0417822484375 0.10057283437500004 0.0495206375
0 0.45892166406249996 0.391676896875 0.128804284375 0.07875881874999999
0 0.4545852234375 0.31983918984375 0.11947230312500001 0.07102044531249999
0 0.4398366578125 0.23658471640625 0.11703673437500006 0.0692516140625
0 0.44084246484375 0.195984228125 0.11681467343750004 0.040503909374999994
0 0.43138580703125007 0.12971939765624999 0.10574685156249997 0.0573070953125
0 0.42092654375 0.0713578734375 0.09556707187499999 0.052930440625000005
0 0.41264403593750004 0.028848565625 0.09894457500000002 0.040438428125
0 0.5797532000000001 0.45262851015625005 0.13477886562500005 0.0852770203125
0 0.5623841609375 0.3737364609375 0.1256487625 0.07542499062500001
0 0.55219755234375 0.30006496250000003 0.12649656093750003 0.08126299062500002
0 0.54674071484375 0.24074013671875 0.1136995578125 0.06841869843750001
0 0.5314238273437499 0.18079977343750003 0.11386768906249997 0.060376090625
0 0.5134830414062501 0.13138842421875002 0.1265234859375 0.05898421093749999
0 0.502085240625 0.06731635 0.11339005937499999 0.051922996874999995
0 0.4897660515625001 0.028167664843750002 0.09132163125000003 0.035613335937500004
0 0.7125541578125001 0.4856267671875 0.12946364687500003 0.07993232500000005
0 0.67740601953125 0.413825121875 0.12385237031250007 0.07343875937499997
0 0.6513710515625 0.35646468750000004 0.13844580312500004 0.06597270312499996
0 0.642620728125 0.28128100937499995 0.11144556249999997 0.0844340125
0 0.63091360390625 0.2223689125 0.11176854218749996 0.06379902812500002
0 0.6156707125 0.17105396953125002 0.12278255312500005 0.051343410937499986
0 0.59541524375 0.11757857187500001 0.10138022500000003 0.06166898750000001
0 0.5851109140624999 0.06417156796875 0.09581605937499997 0.05519582968750001
0 0.8059850140625 0.47946277421874994 0.12785569375000003 0.07875882031249999
0 0.771724734375 0.387778946875 0.11808636874999996 0.07601586875000002
0 0.7510219296875 0.31724171171875 0.12025280937500007 0.06735872343749998
0 0.7328691171875 0.25612794609375 0.11398209062500006 0.0678902296875
0 0.71472304921875 0.20166976015625 0.11330932656249999 0.06052316093750001
0 0.6913894671875 0.1452778859375 0.10140045000000004 0.05830140625
0 0.6873355898437501 0.09430445078125001 0.10080163593749995 0.05157350781250001
0 0.8936058226562501 0.42998249531250005 0.11998367968749993 0.073909053125
0 0.85218698125 0.35900315781250003 0.12525853125 0.07270787187500001
0 0.8202917687500001 0.30078840234375 0.137066528125 0.07143537968750002
0 0.797752115625 0.24029482343749997 0.12620728749999993 0.06712580312500002
0 0.78372366640625 0.17857400859375 0.10351982031249998 0.06167039843750002
0 0.7628258609375 0.125619928125 0.10732796249999996 0.06481960625
0 0.74888155546875 0.07978119765625 0.09465876718750002 0.05164340781250001
0 0.9876138859375001 0.1898913015625 0.024772228125000063 0.03466749375
0 0.9742381968749999 0.14324079921875 0.051523606249999965 0.0459114703125
0 0.95755900390625 0.10418107187499999 0.0848819921875 0.042238009374999996
0 0.9913613390624999 0.09124900234375 0.017277321875000064 0.027762673437499996
0 0.66102178359375 0.047191440625000004 0.10220109531250002 0.045959315625000004
0 0.5668517015625 0.0302027703125 0.09742898124999995 0.036285984375000004