0 0.7589275992187501 0.2325129109375 0.13016322656249998 0.074434753125
0 0.73557905546875 0.15673676953125 0.12565114843750003 0.0739978703125
0 0.7196170343749999 0.10419856093750002 0.12560904062500003 0.07531600000000001
0 0.69626912734375 0.015121756250000002 0.10360297968749999 0.030243512500000003
0 0.7081875492187499 0.037202465625 0.09864648906250002 0.06837015625000001
0 0.65987725703125 0.29317650156249997 0.12286985156250001 0.0849223125
0 0.6494763476562501 0.22559966171874998 0.11727627031249996 0.08325198281249999
0 0.63144353515625 0.17036908125 0.11736049218749996 0.08180233750000002
0 0.623535715625 0.09903977500000001 0.11828759062500005 0.066772359375
0 0.6170578492187501 0.048680857031250004 0.12850408906250008 0.0625867171875
0 0.60273539140625 0.014570990624999999 0.09103558281250006 0.029141981249999997
0 0.5626752828125 0.362454725 0.123029425 0.08988946562500004
0 0.54781020859375 0.28816753124999994 0.1152048953125 0.081441071875
0 0.53865423046875 0.21082886796875 0.11068911093749997 0.07763483281249998
0 0.5357309906250001 0.16856131953125 0.11115007812500002 0.053631901562500015
0 0.529308453125 0.10419475234375 0.10056716249999997 0.06520484843749999
0 0.5213119734375 0.044783770312500006 0.09132503749999996 0.0618641875
0 0.51604196171875 0.0137301640625 0.09013431406249994 0.027460328125
0 0.46452709218749993 0.446144875 0.13153209375000002 0.09518161562500001
0 0.45259786796874996 0.36867365859375 0.12033089218750001 0.08244327031249998
0 0.45065153203125 0.2900504296875 0.11836293906249998 0.09087203437500002
0 0.4402856234375 0.22927935546875 0.10592807812499996 0.08109186406250002
0 0.44732771250000003 0.1687557078125 0.111132334375 0.070110028125
0 0.44687273671875005 0.1182969328125 0.1171891359375 0.07032464062499999
0 0.4407453140625 0.051561698437500005 0.10568799374999997 0.062489978125
0 0.44248649140624996 0.017839484375 0.08262854218750001 0.03567896875
0 0.34001492890625 0.49101626875 0.12463466718749996 0.08882679062500003
0 0.35066153359375 0.4221493359375 0.11637062343750001 0.0837175625
0 0.37103432109375 0.36327327499999995 0.1296609453125 0.07820921249999997
0 0.35603748281250003 0.283165584375 0.10880683750000002 0.0945467625
0 0.35384567499999997 0.22485442500000002 0.10704056875000005 0.07419892499999999
0 0.36197905546875 0.1667998390625 0.11797732343749998 0.0630628625
0 0.36410746718750003 0.11769840859375 0.09733747812500004 0.0704607328125
0 0.3617583109375 0.0632248890625 0.08939919999999998 0.066402028125
0 0.24564326015625002 0.506591553125 0.11962838281250002 0.08783515625000007
0 0.25004281953124996 0.41233155859375004 0.11025105468749999 0.0855556734375
0 0.25631628359374997 0.34188908515625 0.11487913281249999 0.07925375468750002
0 0.26471930859375004 0.27893343828125 0.10972877343750001 0.07816238281249999
0 0.26966945859375 0.21772306796875 0.10827422968750003 0.07124523593750003
0 0.27363155703125 0.16545953359375 0.09748817656250001 0.06786073906250001
0 0.2735916453125 0.10678564375000002 0.09381010625 0.06038734375000001
0 0.14324348359375 0.4725664171875 0.1139941453125 0.08489660937499996
0 0.16482620390625 0.3993675234375 0.1197894078125 0.08512636249999997
0 0.1849925140625 0.33740816875 0.12817316562499997 0.08228904374999998
0 0.18685656796875 0.27569187578125 0.11509339843750002 0.07984477343750003
0 0.18472091796874998 0.208534821875 0.09715354218749998 0.07242278437499998
0 0.19770139687500002 0.15421764843750002 0.10044824687500002 0.07532356874999999
0 0.20198871562500004 0.10467484687499999 0.09068013437500003 0.060748609375
0 0.02359236328125 0.16232598828125 0.0336623890625 0.04082572656250001
0 0.3642242984375 0.022914165625 0.07388680624999995 0.04582833125
0 0.277659565625 0.05393275468750001 0.08783090312499997 0.062718234375