0 0.9073638101562501 0.3747504625 0.16514852968750002 0.12821130624999996
0 0.88907712578125 0.480820703125 0.1600962640625001 0.13772972499999997
0 0.8717095499999999 0.598780325 0.15740736874999994 0.11947863749999996
0 0.8541596874999999 0.70462738203125 0.158451734375 0.11066603906250005
0 0.839941765625 0.79906481640625 0.14594748437500007 0.12573293593750004
0 0.71280803125 0.8364956640625 0.14204609062499998 0.10865920937499993
0 0.7198628218750001 0.72393014375 0.1384809625 0.10954963749999998
0 0.7351580226562501 0.621247175 0.1480253109375 0.12289773750000003
0 0.75090348125 0.52306054921875 0.15368991250000005 0.11830127031249997
0 0.765680078125 0.4073768109375 0.15112680000000012 0.113283096875
0 0.78585831328125 0.28400854375 0.16007572031249992 0.13925216875000004
0 0.5987712257812501 0.8660271664062499 0.1376085265625 0.10612661718749994
0 0.5931642874999999 0.75244235234375 0.139532596875 0.10992213593750008
0 0.60318773984375 0.6544192875 0.14134052343749995 0.12500078749999996
0 0.624066996875 0.54864556953125 0.13859837500000002 0.11494031093750001
0 0.63265738515625 0.44152641484375 0.1443198609375 0.11710713906250003
0 0.6439737929687499 0.32526485703125 0.14508342343750008 0.12156883281250001
0 0.6619894468749999 0.20549526562499998 0.15718108125 0.13464284999999998
0 0.47920344921874997 0.87934910390625 0.12664720156250003 0.09767586718750003
0 0.48206089375000005 0.7822168515625 0.13177689687500002 0.10117551875000004
0 0.48938063281250005 0.6763455046875 0.1406060375 0.10584923750000001
0 0.49517080078125 0.5716874023437499 0.1294437078125 0.11334405781249997
0 0.5102955851562501 0.47320541015625006 0.1363015296875 0.11570772031249996
0 0.5206774875000001 0.36320998203125 0.13717886562499998 0.11879067656249997
0 0.5222246945312501 0.25009482265625 0.14615923281249996 0.12495157968749997
0 0.5442355523437501 0.12071841093749999 0.14992030468750003 0.1445914375
0 0.35493583046875 0.8944866796875001 0.13402048906249994 0.09531220624999985
0 0.37043463046875 0.8005035406250001 0.12844785781250004 0.09907528749999991
0 0.37859896015625 0.7010731 0.12600578906249998 0.10175722499999998
0 0.3733690390625 0.60428653359375 0.12876121249999994 0.10535027343749999
0 0.38206054062500006 0.4948629734375 0.13522935312500003 0.11859212499999998
0 0.3951660921875 0.39364988359374997 0.138092546875 0.10977279218750002
0 0.40054727578125 0.2854118328125 0.1380174859375 0.11832148437499997
0 0.40608792734375 0.17599009843750002 0.14080925468750002 0.12007209375000001
0 0.41825146484375 0.06142996015625 0.1461059796875 0.1205173109375
0 0.25620735390625005 0.8163433781249999 0.1251188140625 0.09579377812500009
0 0.25907149140625 0.7232121890625001 0.1254576140625 0.10657684687499999
0 0.26811963515625 0.63498781796875 0.1296712609375 0.10616798906249994
0 0.2704870890625 0.5376642546875 0.13314315312499997 0.10858258124999995
0 0.271514 0.421110315625 0.13051715000000003 0.10924593124999996
0 0.27353060078125 0.31949003046874996 0.13088865781249998 0.11482622343749997
0 0.27556286796874996 0.20569005859375 0.14010858593750003 0.11585314531249999
0 0.27749355859375 0.08784786015625 0.13722484843749996 0.1157390609375
0 0.14381615859375002 0.7522785937500001 0.12025285781249999 0.09810431250000003
0 0.15912465625 0.65574506953125 0.119772471875 0.10709869218749998
0 0.16631616015625 0.55906531796875 0.12477512031250002 0.10144568593750006
0 0.1674064375 0.46700153046875004 0.12440961562500001 0.11336082656249999
0 0.16051629765625 0.35421089453125 0.12478839218749997 0.11046748593750003
0 0.15913709374999999 0.24736738359375 0.125906553125 0.1137736015625
0 0.1641538703125 0.13649357734375 0.13414026875 0.1179807984375