0 0.10059111640625 0.6569543390625 0.16458162031249998 0.12742176875000003
0 0.11504337734375 0.54235780390625 0.1602101609375 0.1336638609375
0 0.1249167125 0.42150286640625 0.157561828125 0.11535983593750002
0 0.14390754062500002 0.31320763359375 0.15876008125000002 0.1077872953125
0 0.15492743515625002 0.219294990625 0.14628402031250004 0.12393502187500001
0 0.27800222343750003 0.16787933281250003 0.143377409375 0.10687942187500002
0 0.270589921875 0.2785800515625 0.13825874687499998 0.10634969999999999
0 0.26590773203125 0.3870951078125 0.14900154843750002 0.11848718124999999
0 0.25487362812500003 0.49322653984375 0.15452514375 0.11484912031249994
0 0.24533265390625 0.6051292945312501 0.1513759140625 0.11126153906249998
0 0.22760055703124998 0.733818428125 0.16032177968750003 0.13301433125000006
0 0.392997503125 0.136519265625 0.13852257812499996 0.10334213125
0 0.3990108296875 0.24084911562500003 0.13988225625 0.10685413125000001
0 0.397897859375 0.34377899999999995 0.141894109375 0.12131192187499998
0 0.38521963124999997 0.45721405234375007 0.1388601875 0.10945810156250006
0 0.38006354296875 0.55984786953125 0.14466144218750002 0.11390332656250006
0 0.37106657421875 0.6816924328124999 0.14488005468749998 0.11947085624999998
0 0.36083579609375 0.80598683828125 0.15718362031250002 0.1295716890625001
0 0.5117621343750001 0.11225084296875001 0.127763190625 0.0948048921875
0 0.50898621015625 0.21208649531249998 0.13228592343750006 0.09781877187499999
0 0.5052193671875 0.317216940625 0.1419596125 0.10658944687499998
0 0.50838297734375 0.4194206875 0.1294577140625 0.11094624062499996
0 0.49954789843749997 0.5262557179687499 0.13622661250000007 0.11209373906249995
0 0.4940986453124999 0.6353606078125 0.13694887499999994 0.11551115312500002
0 0.49209358828125005 0.75092669453125 0.14608568906250002 0.12254152968750001
0 0.48127742734374995 0.88106974921875 0.14975609531250003 0.1394708515625
0 0.6359486140625 0.0855379734375 0.13476914999999998 0.09261699062499999
0 0.6303362773437501 0.182649065625 0.12931750468750006 0.09566238125
0 0.61801905 0.2803661453125 0.12638781562499996 0.09891588124999999
0 0.62383477578125 0.3780485609375 0.12866901718749996 0.102654871875
0 0.6208848890625001 0.48910804687500004 0.13505970937500003 0.11512652812499997
0 0.61347258828125 0.5927185445312501 0.1384644578125 0.1061290515625
0 0.6148224546875001 0.6943658156250001 0.13782335312500002 0.12109777812500004
0 0.61420497421875 0.8149493875000001 0.14086097031250003 0.11769908437499996
0 0.60816061953125 0.9334909171875001 0.1458984328125 0.11837377812500005
0 0.7363999015625 0.14950202734375 0.12634908124999997 0.09292593906249999
0 0.7420698367187499 0.2463650625 0.12615813281249996 0.10218822812500002
0 0.73611637734375 0.33899191953124996 0.12991062968750003 0.1032538609375
0 0.7386015718750001 0.44049242890624996 0.13400998125000002 0.10554894531249999
0 0.7346946515624999 0.5515487578125 0.13143359375000002 0.10642537499999997
0 0.7396052843750001 0.6561995992187499 0.13129983125000005 0.11100928906250003
0 0.7401066835937501 0.77163201328125 0.14013777343750008 0.11425650468750001
0 0.74601305859375 0.89383689375 0.13698485156249998 0.11450240937499992
0 0.8549867593749999 0.21393999609375003 0.12086790937499989 0.09554894531250002
0 0.84209882265625 0.31028694999999995 0.12100167031249995 0.102806159375
0 0.8434273179687499 0.40970326796874995 0.12564340781249994 0.09862584218749997
0 0.84734632109375 0.50535031796875 0.12448388593750001 0.11005715468749999
0 0.86211747265625 0.61758282421875 0.12538051093749997 0.10832958281250002
0 0.8583294796875001 0.72192772265625 0.12616458437500003 0.11056793281250003
0 0.85997488125 0.8340329789062502 0.1344988687499999 0.11509502343750011