0 0.6265625 0.86328125 0.1515625 0.1765625
0 0.50390625 0.8484375 0.1359375 0.1828125
0 0.3953125 0.82578125 0.1453125 0.18125
0 0.2890625 0.81171875 0.140625 0.1796875
0 0.18125 0.7921875 0.11875 0.1609375
0 0.70703125 0.74140625 0.1484375 0.16875
0 0.58515625 0.71796875 0.140625 0.1734375
0 0.4703125 0.70546875 0.1421875 0.175
0 0.36328125 0.68828125 0.13125 0.153125
0 0.26796875 0.67890625 0.115625 0.15625
0 0.1578125 0.675 0.1359375 0.1609375
0 0.79140625 0.61953125 0.1578125 0.1703125
0 0.66953125 0.59609375 0.1453125 0.175
0 0.5484375 0.5859375 0.14375 0.1625
0 0.44453125 0.57734375 0.13125 0.1625
0 0.3359375 0.5578125 0.1375 0.1609375
0 0.22578125 0.5515625 0.128125 0.1625
0 0.12890625 0.55 0.115625 0.159375
0 0.86640625 0.4921875 0.140625 0.15625
0 0.7453125 0.47734375 0.1375 0.1640625
0 0.63203125 0.47265625 0.140625 0.1640625
0 0.52421875 0.46328125 0.121875 0.1515625
0 0.415625 0.45078125 0.1265625 0.14375
0 0.3125 0.44609375 0.1265625 0.134375
0 0.203125 0.44140625 0.128125 0.153125
0 0.10859375 0.43515625 0.1078125 0.1390625
0 0.9328125 0.37109375 0.134375 0.1546875
0 0.81796875 0.36796875 0.1375 0.1609375
0 0.6984375 0.3625 0.1375 0.1484375
0 0.58828125 0.3546875 0.1296875 0.146875
0 0.4875 0.34140625 0.134375 0.1546875
0 0.37890625 0.340625 0.1265625 0.140625
0 0.28203125 0.33671875 0.1125 0.140625
0 0.1828125 0.31953125 0.1265625 0.153125
0 0.0859375 0.31015625 0.103125 0.1296875
0 0.8984375 0.2296875 0.14375 0.1625
0 0.77578125 0.23046875 0.134375 0.1453125
0 0.6640625 0.2328125 0.134375 0.1453125
0 0.55703125 0.22734375 0.121875 0.1515625
0 0.45078125 0.225 0.128125 0.1375
0 0.34765625 0.2203125 0.11875 0.1453125
0 0.25 0.21953125 0.115625 0.146875
0 0.1671875 0.21328125 0.0984375 0.13125
0 0.84453125 0.1203125 0.1265625 0.140625
0 0.73515625 0.11640625 0.125 0.1453125
0 0.628125 0.1078125 0.1140625 0.140625
0 0.5203125 0.121875 0.128125 0.146875
0 0.42109375 0.11328125 0.121875 0.1390625
0 0.3203125 0.11015625 0.1109375 0.1375
0 0.221875 0.103125 0.1015625 0.11875