0 0.73515625 0.18046875 0.1390625 0.1765625
0 0.61796875 0.16171875 0.1296875 0.175
0 0.50859375 0.14609375 0.1265625 0.171875
0 0.775 0.321875 0.140625 0.171875
0 0.6546875 0.30390625 0.13125 0.1671875
0 0.54296875 0.28359375 0.128125 0.1625
0 0.43984375 0.265625 0.121875 0.159375
0 0.8140625 0.46328125 0.1421875 0.1734375
0 0.69375 0.4421875 0.1359375 0.1671875
0 0.578125 0.4234375 0.1265625 0.1609375
0 0.84765625 0.6015625 0.1375 0.16875
0 0.728125 0.58125 0.1359375 0.1609375
0 0.6171875 0.55 0.1265625 0.1546875
0 0.875 0.73984375 0.134375 0.159375
0 0.76015625 0.71328125 0.13125 0.1578125
0 0.8015625 0.86015625 0.134375 0.1609375
0 0.68359375 0.825 0.1296875 0.1515625
0 0.71796875 0.940625 0.1296875 0.11875
0 0.6109375 0.92109375 0.125 0.15
0 0.6515625 0.68046875 0.125 0.153125
0 0.578125 0.78984375 0.1234375 0.1515625
0 0.50859375 0.8921875 0.1171875 0.1421875
0 0.5453125 0.65390625 0.11875 0.1484375
0 0.47578125 0.76171875 0.115625 0.1484375
0 0.4078125 0.8515625 0.1140625 0.140625
0 0.40078125 0.128125 0.125 0.171875
0 0.30234375 0.11171875 0.115625 0.1578125
0 0.33828125 0.24453125 0.1203125 0.15625
0 0.23046875 0.2234375 0.1171875 0.15625
0 0.47890625 0.396875 0.11875 0.153125
0 0.3671875 0.378125 0.121875 0.153125
0 0.26796875 0.35390625 0.1140625 0.153125
0 0.16484375 0.325 0.1109375 0.1453125
0 0.5109375 0.5265625 0.121875 0.1515625
0 0.4078125 0.50625 0.1171875 0.146875
0 0.30859375 0.47890625 0.1125 0.1421875
0 0.20625 0.453125 0.109375 0.14375
0 0.11640625 0.42890625 0.1078125 0.146875
0 0.44453125 0.63359375 0.1171875 0.1484375
0 0.340625 0.60390625 0.1140625 0.14375
0 0.25 0.575 0.1078125 0.1390625
0 0.15234375 0.559375 0.10625 0.1390625
0 0.05625 0.540625 0.103125 0.1375
0 0.3703125 0.73359375 0.115625 0.1421875
0 0.27734375 0.70625 0.1109375 0.1390625
0 0.184375 0.68125 0.1078125 0.1375
0 0.09453125 0.6546875 0.103125 0.1328125
0 0.31328125 0.82421875 0.109375 0.134375
0 0.22109375 0.79921875 0.10625 0.1359375
0 0.12265625 0.778125 0.103125 0.1375