0 0.7601712953125 0.24187373046875002 0.13238090000000008 0.1581600484375
0 0.6446166546875001 0.23048508828125 0.11729899062499997 0.16279932031249997
0 0.5290438820312501 0.22030190703125002 0.11739180781249994 0.16305513593749998
0 0.42091204765625 0.20615126328124997 0.13418942343749998 0.1730037640625
0 0.30589210078124995 0.20234975703125002 0.13715542656250004 0.17136882656250002
0 0.8103147125 0.3775890328125 0.12430616562499992 0.15360929687500002
0 0.6845697734374999 0.36876851093749996 0.11710210625000003 0.15035358125000003
0 0.57202630234375 0.35377293671875 0.11144317343749996 0.1584707484375
0 0.45784468828125 0.3499743390625 0.11644221093749998 0.16062706874999994
0 0.34684639921875 0.3365157890625 0.1187239171875 0.16422978437499997
0 0.22724364609375 0.32260930390625 0.11641888281250001 0.16541947656249997
0 0.16309495390625 0.43773116171875 0.1205158140625 0.15902665468750002
0 0.27679259843750004 0.4530232484375 0.12083529687499998 0.15064923749999998
0 0.39556106640625 0.46357596875 0.11959707656249999 0.15233285312500003
0 0.504560971875 0.47046861640625004 0.110854090625 0.14132112343750003
0 0.61780189453125 0.48738106484375 0.11931969843749997 0.1528329859375
0 0.7320582382812499 0.49672102109375 0.12273340781249997 0.1515379515625
0 0.85366392109375 0.5023464210937499 0.11643443593749998 0.1483300296875
0 0.8853575062499999 0.6223592218749999 0.11266021562499998 0.13940025625
0 0.77168341640625 0.6165821687499999 0.11465247031250003 0.145093790625
0 0.65706203671875 0.60346742890625 0.1109823171875 0.1423868859375
0 0.54829379375 0.59925893984375 0.11098769374999992 0.13839115156249998
0 0.4436493125 0.5819294796875 0.11169531875000001 0.14204255000000005
0 0.33195905000000003 0.5704443453125 0.112208209375 0.14518231249999997
0 0.21642474375000004 0.5667764242187501 0.11637677812500002 0.15716244531249995
0 0.11243074765625001 0.5445729187499999 0.11676144531249999 0.15692344687499996
0 0.8013666078125 0.74000026953125 0.11520961875000006 0.13276666406249998
0 0.70045911953125 0.72163972109375 0.11292683593750005 0.13290563906250003
0 0.59172232265625 0.71601438203125 0.10718608906250005 0.1393515734375
0 0.47578490625000003 0.70916129453125 0.11373935624999998 0.13668362656250005
0 0.37734568984375 0.69048082734375 0.11088172031249996 0.13800874843750002
0 0.27052511953125 0.681030590625 0.11266368906249999 0.13821765312499998
0 0.15999155468749998 0.6763317796875 0.113080290625 0.147751128125
0 0.09512015781250001 0.78966838515625 0.106112575 0.1299615078125
0 0.20706845234375 0.80050680703125 0.10985676718750001 0.1321833265625
0 0.31369698203125 0.8112959109375 0.11033987656249997 0.14236829687499997
0 0.41771738124999996 0.815332015625 0.11068268750000003 0.13771840937500004
0 0.52713067890625 0.829280753125 0.11021727968750002 0.13916303124999993
0 0.6307746078124999 0.8430049242187501 0.11075672499999997 0.1322337828124999
0 0.7377622890625 0.84593472890625 0.11170416875000004 0.12826725156250002
0 0.847486496875 0.85837223671875 0.10943131562499993 0.13088740781250002
0 0.7779269390625 0.9524607414062501 0.10663886874999991 0.09507851718749993
0 0.66687859609375 0.9414954328124999 0.1137868390625 0.11700913437500002
0 0.5676448640625 0.9372206601562499 0.10395371249999999 0.12555867968750006
0 0.46625598281249997 0.9243929000000002 0.10690093749999993 0.12442554062499997
0 0.0601215109375 0.66435701796875 0.10541961562500002 0.13299770781249992
0 0.9143183781249998 0.75358221484375 0.10735749375 0.14415991093750008
0 0.356721003125 0.92674323359375 0.10870945937499994 0.12725282968750004
0 0.25257590859375 0.9120673625 0.10404760468749999 0.12799373124999996
0 0.14861373984374998 0.901882603125 0.10688861406250001 0.12249760624999997