0 0.75098282421875 0.8870753117187501 0.12936963593749998 0.16184459843749988
0 0.6319322078124999 0.8956792867187499 0.12629854687500003 0.15892979218749997
0 0.520698996875 0.896002490625 0.1252642 0.15702559687500006
0 0.41440901640625 0.8968275078125 0.11589820468749998 0.1599473968750001
0 0.30875081640625 0.9035783359374999 0.1211894015625 0.14780538437500007
0 0.23799947890625 0.7932627375 0.10437145156250002 0.14707217500000008
0 0.34593674765625 0.77389359765625 0.10549437968750004 0.13682036718750004
0 0.44656629843749995 0.76591194609375 0.11270873124999996 0.1510166015625
0 0.55302929765625 0.7582952445312501 0.11330712031249997 0.15590928593750003
0 0.6677725453125 0.75225162421875 0.11390012812500006 0.15073052968749998
0 0.7904818140625001 0.7447999546874999 0.121749375 0.15928689062499995
0 0.17568900625 0.674600521875 0.09660838437500001 0.14059939687499998
0 0.28038945390625003 0.6601010765625 0.10319429531250002 0.142153484375
0 0.38070035625000004 0.6395587929687501 0.11276941562500001 0.14295170781250005
0 0.49393893359375 0.63662805234375 0.10552981406250002 0.14002557656250003
0 0.5902898437499999 0.62379838125 0.11098501250000004 0.145610784375
0 0.7062025296875001 0.61694086328125 0.12095395312499999 0.14364423281250005
0 0.82698566328125 0.6067442703125 0.13053793281249995 0.15521844062500004
0 0.12647901875 0.5696737523437501 0.09400761562500001 0.13068832968750002
0 0.2206057171875 0.55356221796875 0.09454291875000001 0.13336740156249993
0 0.32898206171875 0.54145540390625 0.11158903281250003 0.14556576406249996
0 0.41577651171875 0.52042299609375 0.11376965468750004 0.1310064203125
0 0.5278858804687501 0.5107482250000001 0.10658295468750004 0.13773394374999998
0 0.63170101171875 0.49873412734375 0.11760851093749994 0.13690537968750008
0 0.7470118328125 0.47749497578125 0.1222980906250001 0.14545907968750002
0 0.8668993531249999 0.47818187500000003 0.12471954374999986 0.14830719375
0 0.06778696953125 0.44586913515625 0.0895502515625 0.1360568171875
0 0.16483041406249999 0.43953609374999997 0.09876806249999999 0.13115546562500002
0 0.26837356875 0.43672021875 0.093908021875 0.12780554375
0 0.35953350703125003 0.41076046328124993 0.10106359218750001 0.12793557656249996
0 0.45806132421875 0.39977562890625 0.10946478593749998 0.1352759296875
0 0.5624308 0.377264134375 0.10309255000000003 0.14008192187500002
0 0.65792978515625 0.36519633671875 0.13378941093750002 0.13568238281250006
0 0.77445427109375 0.34424143671875 0.11750113593749996 0.14013994843750002
0 0.88642988515625 0.3333753046875 0.12008658906249998 0.14476221875
0 0.1109677625 0.33946218125 0.08780450937499999 0.129660384375
0 0.19930614140625 0.32154744765625 0.09329514531250002 0.1287191203125
0 0.2947419703125 0.30330548515625 0.095558471875 0.13297562968749999
0 0.39087106718750003 0.29035061796874995 0.09996939062500002 0.13602913281249998
0 0.49218399921875006 0.269253178125 0.10067085156249993 0.13398190625
0 0.5926832546874999 0.25484607578124996 0.10753111874999996 0.1314735546875
0 0.6996245359375 0.23356008828125 0.11415676875000003 0.1403549921875
0 0.82156483359375 0.2088223265625 0.11623995156250003 0.13560701875
0 0.1444397203125 0.2169951390625 0.08862410625000001 0.12265979062499999
0 0.23828759062500002 0.20844148046875 0.090294678125 0.1259560203125
0 0.33073481484375 0.19584455859375 0.09163773906250001 0.12906321406250001
0 0.42624241328125 0.1753759671875 0.10193526406249998 0.12400582499999999
0 0.52949165078125 0.1478929328125 0.1025647796875 0.12644216874999997
0 0.6313489046875 0.12593748124999998 0.11121615624999999 0.12589967500000002
0 0.7398879476562501 0.106331921875 0.11365557343750003 0.134757284375