0 0.85142369765625 0.2430517703125 0.14681617343750003 0.10618634687499998
0 0.8417240906250001 0.35031733359375006 0.16010243124999998 0.12431057656250002
0 0.8360912031249998 0.4564261835937501 0.15700095937499992 0.11471087031250002
0 0.8274195257812501 0.56788385546875 0.1597403953125 0.11625874843749999
0 0.8203339890624999 0.69126497578125 0.15612529999999997 0.1199083671875
0 0.73449978203125 0.19033682343750002 0.14644259843750004 0.12467970312500001
0 0.7195672562500001 0.29155730234375 0.14758367187500002 0.10131879218750002
0 0.70506747265625 0.39609308515624997 0.15246971406250004 0.10707259843750001
0 0.6931549578125 0.50373739453125 0.15533178750000004 0.11189747031249997
0 0.689402475 0.6205438851562499 0.13875805625 0.1141664546875
0 0.6801501875 0.7468874554687501 0.149565784375 0.1169952484375
0 0.62114480078125 0.12768663203125002 0.14235280156250002 0.09882273593749999
0 0.6001375328125 0.23482116484375 0.14212924375 0.1014552484375
0 0.583265434375 0.33259600312500004 0.14454419999999998 0.103604925
0 0.5757622125 0.45284918046874995 0.145125490625 0.10249194531250003
0 0.55956597734375 0.55426471953125 0.15062901406249996 0.11184324218749993
0 0.545417475 0.67541236875 0.1520918375 0.11656034687499997
0 0.53558526328125 0.7977744570312499 0.16003182656249998 0.13255204843749996
0 0.51338136171875 0.09440254921874999 0.13474316406250003 0.10210357656250002
0 0.49679990859374995 0.18836647890624997 0.13645555781250004 0.1017746890625
0 0.48858620390625 0.29639653046875003 0.14681617343750003 0.11125893593749998
0 0.46126185703125 0.39255929375000004 0.14648875468749994 0.10763941250000002
0 0.44571693749999997 0.5003662945312499 0.14026546249999994 0.1077667640625
0 0.4295668609375 0.6104169195312499 0.14026976562500004 0.11752742343750003
0 0.40789096718749995 0.7266476765625 0.14640074375000003 0.12163713437499997
0 0.39726104140624996 0.8530274640625001 0.1469374421875 0.12318081562500005
0 0.3970533140625 0.04704024453125 0.138867578125 0.0940804890625
0 0.3857293296875 0.14388757578125 0.13892527812499997 0.09613424531249999
0 0.37843959374999997 0.2402740828125 0.1348153375 0.09775349687500001
0 0.3541547171875 0.33599284375 0.13434944375000005 0.10381030624999998
0 0.3330378203125 0.442008278125 0.14178305000000005 0.10789727187499998
0 0.32042783124999996 0.5477649765624999 0.139562903125 0.10563983124999998
0 0.301894584375 0.6541334398437499 0.1392931875 0.12288166093750004
0 0.27859362890625 0.77268199375 0.14101418593749998 0.11836223749999997
0 0.26436728203125004 0.8912172492187501 0.1477164828125 0.12203144843750006
0 0.28689908593749996 0.09753785390625 0.13624490625000002 0.09129782968750001
0 0.26981633671875 0.19162983906250003 0.13494091093750002 0.100093159375
0 0.24116832812500003 0.287083215625 0.1344849875 0.10340094375
0 0.22527427890625 0.38496546875000004 0.14168349531249996 0.10415108750000002
0 0.2105660953125 0.4910685484375 0.13842613124999997 0.105512828125
0 0.18561621328125 0.5960677484375 0.1397201578125 0.11287014375000001
0 0.16354141328125 0.70783681640625 0.1501457109375 0.11652570781250002
0 0.1338852390625 0.8300563320312501 0.14622764375 0.12317941406249995
0 0.16347522812499998 0.139286990625 0.125680878125 0.09637076562500001
0 0.1493036453125 0.24092575312499998 0.13059430312500003 0.09446495937499999
0 0.13173543984375 0.333670865625 0.13083233593750002 0.10120893125000001
0 0.10936196953124999 0.43533656875000004 0.1261829609375 0.10547224374999997
0 0.07796308515625 0.54059818203125 0.13589441093750002 0.10629726406249995
0 0.061664210156249996 0.6445734546875 0.12332842031249999 0.11159132812500001
0 0.047818475 0.75982874453125 0.09563695 0.1152853796875001