0 0.18257852421875 0.7504725953125 0.1477605640625 0.16049571249999994
0 0.29979284218749996 0.7785770046874999 0.155192784375 0.1755793281249999
0 0.4062934171875 0.7994891093750001 0.13305841562499995 0.1709455718750001
0 0.52891159765625 0.8215686210937501 0.14519069843750004 0.17088212968750005
0 0.6362313078125 0.84087218359375 0.14591735625000002 0.16468437343750003
0 0.153060953125 0.60677226171875 0.13379779687499999 0.1613608359375
0 0.27406601718749996 0.62919356640625 0.125733359375 0.1558297515625
0 0.3960644640625 0.6500640507812501 0.12915937499999997 0.1553752140625
0 0.5094396773437501 0.67180071015625 0.12992561093750005 0.16387325781249995
0 0.61403653203125 0.6963581281250001 0.13389873593750004 0.16049668437499998
0 0.732834353125 0.71842690625 0.1378766656249999 0.165193884375
0 0.1332458484375 0.48091076796875 0.12738402187499998 0.15199573593750007
0 0.2597714984375 0.48960813359375005 0.124981259375 0.15181483906249998
0 0.37696152421874995 0.5102639789062501 0.14081381718749997 0.15094221406249994
0 0.48321241875 0.5388794640625 0.132244959375 0.14480269999999998
0 0.59766910625 0.55403392578125 0.12689204999999992 0.1492669421875
0 0.71242494375 0.5758161640624999 0.12761417812499998 0.15314781875000003
0 0.8236028015624999 0.59956281796875 0.14131681875000002 0.1660362421875
0 0.11702244921875 0.34511425859375 0.12151905156249998 0.14471031406250004
0 0.23191172499999996 0.35878063593750004 0.125574171875 0.14624404375000002
0 0.35007618984375 0.37706933593749997 0.12170820781249998 0.14466442499999999
0 0.46211386406250005 0.39946926640624997 0.12463433437499996 0.1374287734375
0 0.57047710859375 0.42464089843749997 0.12213712968749997 0.14339259687499997
0 0.679905375 0.4436183859375 0.11962381562499998 0.15023195625000002
0 0.7949590859375 0.45872557265624997 0.12099541250000004 0.14987210468749995
0 0.901578959375 0.48950664374999997 0.11578782499999996 0.15245414687499997
0 0.22515042109375 0.23437062265625 0.1288896390625 0.1411059890625
0 0.32956586953125 0.26348677109374996 0.1229285328125 0.1368704671875
0 0.43613823281249997 0.27440269140625 0.12542120625000003 0.14133894531249996
0 0.54877052890625 0.2960623390625 0.12208510468749996 0.146292840625
0 0.6518092859375001 0.3189811546875 0.117593146875 0.141939871875
0 0.7558568921875001 0.33869679140625 0.12103329999999994 0.1436629703125
0 0.8686714132812501 0.35040046640625 0.11685999218750016 0.1461337390625
0 0.20899537031249998 0.11061650781249999 0.13876900625 0.13194030937499998
0 0.31582091640625 0.130420765625 0.1328424015625 0.13688185000000003
0 0.41968092187499995 0.14992215 0.12825119687499997 0.138896146875
0 0.52099382421875 0.17056635468749998 0.12091199843749996 0.13431118749999998
0 0.6306715796875 0.18812209609375002 0.123866678125 0.14227368906250001
0 0.7407661921875001 0.20526196171875002 0.1253660718749999 0.1438168640625
0 0.8459961093749999 0.22384156875 0.11953079375 0.14195125625
0 0.94498804296875 0.24139245781250002 0.09950052031250003 0.14206773437499998
0 0.2951206421875 0.0342416875 0.111940321875 0.068483375
0 0.40669597187499995 0.0483684375 0.11826325 0.096736875
0 0.49747524609375005 0.061337396093749996 0.12139125156250001 0.12267479218749999
0 0.9240112539062502 0.11824889218750001 0.11678591093749997 0.121635871875
0 0.8123075203125001 0.10477545625 0.12015198437500008 0.127721378125
0 0.7179987390625 0.08397032421875 0.11581779375000005 0.1259930734375
0 0.6000243046875 0.072871584375 0.11426015312499996 0.1313995625
0 0.10908335624999999 0.200772759375 0.116320796875 0.1406286875
0 0.9552838421874998 0.37439114140624996 0.07307594687499996 0.1462563953125