0 0.30000888984375 0.22983768359374998 0.06902471718750003 0.1317319890625
0 0.22346736171875 0.22923360312500002 0.06588547968749998 0.130269078125
0 0.16511439921874999 0.23577623515625 0.06553007656250001 0.1302527890625
0 0.06363197421875 0.23466470468749998 0.05556467968750001 0.109470609375
0 0.10327858671875001 0.2312838265625 0.059623404687500006 0.10195164999999999
0 0.34531232421875 0.33290679062499995 0.07602659531249997 0.12479817187499997
0 0.28038490859375004 0.3358181078125 0.0743124140625 0.12013390937500001
0 0.21623616562499998 0.33372833125 0.072301178125 0.12221235624999997
0 0.15178062265625 0.32712004765625 0.057590070312500005 0.12332860781250003
0 0.1044232375 0.33459422656250004 0.053441246874999994 0.13382672499999998
0 0.049467772656250006 0.32831614921874996 0.0508591921875 0.1003576265625
0 0.4018592265625 0.45021219609375 0.080073409375 0.12846100468750002
0 0.33023998906249996 0.44729049921874997 0.07264018125000002 0.11912284531249995
0 0.24680354921875 0.4346363359375 0.07020380781249998 0.11646740000000003
0 0.2062425078125 0.43654299140625 0.042423796874999996 0.1164659109375
0 0.139651059375 0.42851065546875 0.058067334375 0.10518190781250003
0 0.08099399765625 0.41952156015625 0.05429945781249999 0.09532227343749997
0 0.03827158203125 0.41224072187500005 0.042007045312500005 0.09899841874999997
0 0.46612839765625 0.5697095078125 0.08676855781250001 0.13471630937499998
0 0.38602581796875 0.55406782265625 0.07507362031250002 0.12535371406249993
0 0.31282876328125 0.54542893359375 0.08279544843749997 0.12587518906249998
0 0.2533117265625 0.54177749296875 0.07012164687500003 0.11312678593750007
0 0.19312242109375 0.5274475734375 0.06187439531250001 0.11381563125000005
0 0.14334307890625 0.5108823593749999 0.06050146406249999 0.12581519375
0 0.07906531484375 0.5008296375000001 0.05339136093750001 0.11282383437499996
0 0.039467017968750004 0.48949887187499996 0.037467585937500006 0.09081505000000005
0 0.5017212484375 0.70174344921875 0.08108748437500006 0.1291187578125
0 0.42960657734374996 0.66789995 0.07504479531249997 0.123330096875
0 0.3719148359375 0.6434918742187501 0.06760932500000001 0.13781843281249992
0 0.29604423125 0.63650864921875 0.08604411875000002 0.11127202968749997
0 0.23687289765625003 0.6261531984375 0.06514912968749997 0.11140314374999996
0 0.18520628437500003 0.61215476796875 0.05305805625000002 0.1225234515625
0 0.13146218671875 0.5932312460937499 0.0630398515625 0.10108649843749999
0 0.07770864921875001 0.5839682609375 0.05688548281250001 0.09526376874999994
0 0.49799169374999996 0.79547767578125 0.080017828125 0.1270951421875
0 0.40555435234375 0.76341577265625 0.07704861093750007 0.11724812031250006
0 0.33439032265625 0.7441068320312499 0.0691738484375 0.11965246406249994
0 0.2731378359375 0.72726928203125 0.06934956562500001 0.11377341718749996
0 0.21839145234375001 0.7104876851562499 0.061912370312500006 0.11272013593749994
0 0.16131475625 0.6884106171875001 0.05964946874999999 0.10093094999999996
0 0.1102101609375 0.68561922421875 0.05292255625000001 0.10024876093749997
0 0.45071046171874996 0.8842611687499999 0.07537413281249998 0.11940136250000002
0 0.37863941640625 0.84425490625 0.07436230156249998 0.12494706562499998
0 0.3200200296875 0.8138329625 0.073085165625 0.13642515312499998
0 0.2589798484375 0.79273217421875 0.06876286874999997 0.12531447968749995
0 0.19673874296875002 0.7801044609375001 0.06331308906250002 0.1029834718750001
0 0.14345254999999998 0.76030860859375 0.06640020000000002 0.10683443281250007
0 0.09726035546875 0.74745795078125 0.0529146171875 0.09443934531250005
0 0.21421645000000003 0.9857776125000001 0.03708739375000001 0.028444775
0 0.166690771875 0.97290068125 0.04772235312500002 0.05419863750000005
0 0.12658650468750002 0.9566790976562501 0.04370317499999998 0.08664180468749993
0 0.11486346171875002 0.99068556171875 0.02891514531249999 0.018628876562499917
0 0.0623546 0.6605219734375 0.04787357500000001 0.101667965625
0 0.04324656875 0.56659211640625 0.03822788125 0.09690981093749995