0 0.31413123984375 0.8677335375 0.12681619843750003 0.16408040000000002
0 0.43172510859375 0.8609126281249999 0.13189032343750004 0.16014214375
0 0.54474731796875 0.84951124140625 0.11582816718750007 0.15759852343750005
0 0.6546453375000001 0.83922625390625 0.10752937499999993 0.15881647968749996
0 0.74810320546875 0.8244929429687499 0.12400733906249997 0.14631804218750002
0 0.8052839531250001 0.70415544375 0.10620131875000008 0.14398215937499997
0 0.69176443671875 0.70776993515625 0.10404196406250002 0.13798262968750005
0 0.58711444296875 0.71418291171875 0.11532798281250001 0.14939762656250002
0 0.4823825609375 0.72248766875 0.11252418437499996 0.15483480625000007
0 0.36786748359375 0.72987683515625 0.11062757031249996 0.1513925140625
0 0.24040637499999998 0.7429296234375 0.129157021875 0.16028901562499992
0 0.84734095625 0.59097581171875 0.1013626812500001 0.1388944921875
0 0.73957811328125 0.58990684453125 0.1047252484375 0.1399306796875
0 0.63592075703125 0.59012044453125 0.11841459531250002 0.14209882031249998
0 0.52726449609375 0.59953052578125 0.10610862656250006 0.1390196546875
0 0.422748915625 0.59588335234375 0.11136291250000005 0.14490169843749995
0 0.30072269921875006 0.60547695234375 0.11778190156249999 0.14460753906249996
0 0.1802806828125 0.6139065976562501 0.12724702499999999 0.15701530156250004
0 0.8746539390624999 0.47830547265625006 0.09306388749999997 0.12826194218750003
0 0.7817986007812501 0.47308235078124994 0.09551257968749996 0.13243348593749998
0 0.66836120390625 0.47175597265625 0.10729029843750001 0.14257859218749996
0 0.56922468046875 0.47120743671874993 0.11055364531250005 0.12973873593750004
0 0.46628139453125 0.47513731562499995 0.10970015156250001 0.13654074062500002
0 0.35941998828125 0.47784724375 0.11338926406250001 0.13666973750000003
0 0.2422985171875 0.47560985390625 0.121696546875 0.14595959218749996
0 0.1106067171875 0.48564814765625003 0.13553047812500002 0.14950065781250005
0 0.9065966265625001 0.354712815625 0.09048888437499994 0.13505075312499998
0 0.8101609898437501 0.3600339828125 0.09599073281249995 0.129674025
0 0.7124701570312499 0.36981570625 0.09666879531250006 0.12666382812499996
0 0.6148874171875001 0.36348232343750003 0.10060530937500003 0.12859825937499997
0 0.5036012632812501 0.3573927390625 0.11240130156250006 0.13495114062500005
0 0.40371156484375004 0.36013492343750003 0.1044543515625 0.138626721875
0 0.30149331562500004 0.3616746078125 0.12325013125000002 0.13756373125
0 0.18330421953125 0.35897933046875 0.1160450484375 0.14085915468750004
0 0.06649210078125001 0.3570269890625 0.1172063234375 0.14562243437500003
0 0.8468232078125 0.2516241171875 0.09067737187499994 0.126914565625
0 0.7567868453125 0.24951038906249998 0.09890207500000008 0.12659485937499998
0 0.658179178125 0.2440297078125 0.10106811875000003 0.13016656875
0 0.5621197078125 0.24357216875 0.10314995624999997 0.134359825
0 0.44893493046875 0.24185711640625002 0.10458392343750003 0.1318766515625
0 0.34964996484375 0.23566217421875 0.10949991406249997 0.13139262343749997
0 0.23745327109374997 0.23048372499999997 0.1136232828125 0.14019845
0 0.1156892359375 0.22165377890625 0.11387068125000002 0.1366999640625
0 0.79528156796875 0.13907949687499999 0.0942251578125 0.12108829374999999
0 0.6938377328125 0.14366371796875002 0.099918596875 0.12157232343750002
0 0.59783645 0.14297916718749998 0.09655439687500005 0.126003121875
0 0.50168132421875 0.135231509375 0.10745838593750001 0.1243918125
0 0.39712028515625 0.1187426734375 0.1068912953125 0.125622965625
0 0.290210671875 0.117033884375 0.10923064999999998 0.12617554062500003
0 0.17570984687499996 0.10930725781249999 0.11448330312499999 0.13455820937500002