0 0.28203125 0.0234375 0.0640625 0.046875
0 0.36328125 0.03203125 0.065625 0.0640625
0 0.43828125 0.034375 0.05625 0.06875
0 0.51328125 0.03203125 0.0578125 0.0640625
0 0.575 0.04140625 0.0546875 0.0828125
0 0.640625 0.046875 0.06875 0.09375
0 0.73515625 0.046875 0.0671875 0.084375
0 0.803125 0.04453125 0.059375 0.08125
0 0.8609375 0.06171875 0.053125 0.084375
0 0.91953125 0.06484375 0.0515625 0.0921875
0 0.965625 0.078125 0.04375 0.0828125
0 0.0328125 0.08984375 0.059375 0.0921875
0 0.11953125 0.09375 0.06875 0.0921875
0 0.20390625 0.10546875 0.0796875 0.08125
0 0.28359375 0.10859375 0.0734375 0.0953125
0 0.3609375 0.115625 0.071875 0.0859375
0 0.43359375 0.1265625 0.0625 0.0765625
0 0.5140625 0.12109375 0.0625 0.0875
0 0.59375 0.13046875 0.0734375 0.0875
0 0.653125 0.13984375 0.065625 0.0765625
0 0.7375 0.14296875 0.071875 0.0875
0 0.821875 0.14765625 0.0625 0.084375
0 0.86328125 0.16015625 0.0546875 0.08125
0 0.95 0.1515625 0.0546875 0.0765625
0 0.9765625 0.16171875 0.046875 0.0734375
0 0.9765625 0.26953125 0.046875 0.0765625
0 0.92265625 0.26484375 0.0515625 0.078125
0 0.88046875 0.26171875 0.053125 0.0765625
0 0.79921875 0.259375 0.0546875 0.0859375
0 0.746875 0.25078125 0.0546875 0.0796875
0 0.64140625 0.2546875 0.0671875 0.090625
0 0.57890625 0.25234375 0.059375 0.0890625
0 0.496875 0.2453125 0.06875 0.0953125
0 0.42890625 0.24375 0.071875 0.0921875
0 0.353125 0.2375 0.0671875 0.0953125
0 0.28203125 0.23671875 0.0671875 0.09375
0 0.1984375 0.2296875 0.06875 0.09375
0 0.11171875 0.20078125 0.0796875 0.0984375
0 0.0421875 0.20546875 0.0640625 0.0984375
0 0.04140625 0.3078125 0.0734375 0.0984375
0 0.125 0.31015625 0.071875 0.0859375
0 0.2125 0.3140625 0.071875 0.0921875
0 0.28203125 0.31953125 0.0765625 0.0859375
0 0.3625 0.321875 0.06875 0.09375
0 0.42734375 0.32890625 0.059375 0.0921875
0 0.5015625 0.32578125 0.0671875 0.0859375
0 0.5828125 0.33125 0.0734375 0.09375
0 0.65703125 0.33515625 0.0703125 0.096875
0 0.71171875 0.33828125 0.0546875 0.0859375
0 0.7765625 0.3390625 0.0625 0.0859375
0 0.86640625 0.34140625 0.0578125 0.071875
0 0.90546875 0.34453125 0.059375 0.084375
0 0.97578125 0.35 0.0484375 0.0796875
0 0.99140625 0.4359375 0.0171875 0.0796875
0 0.9625 0.43828125 0.0609375 0.09375
0 0.8984375 0.434375 0.0671875 0.0859375
0 0.8515625 0.43203125 0.0578125 0.0796875
0 0.78359375 0.43046875 0.06875 0.0859375
0 0.72265625 0.43125 0.0640625 0.0859375
0 0.6453125 0.42421875 0.0671875 0.090625
0 0.5765625 0.4234375 0.0703125 0.0875
0 0.5078125 0.41640625 0.071875 0.0875
0 0.434375 0.4171875 0.0765625 0.0890625
0 0.3609375 0.415625 0.0671875 0.084375
0 0.29140625 0.4203125 0.071875 0.0890625
0 0.209375 0.42109375 0.078125 0.0921875
0 0.121875 0.43046875 0.075 0.103125
0 0.03671875 0.428125 0.071875 0.0984375
0 0.27890625 0.5984375 0.0640625 0.096875
0 0.3515625 0.5796875 0.0671875 0.0875
0 0.4203125 0.5921875 0.0640625 0.090625
0 0.49296875 0.590625 0.0609375 0.08125
0 0.1953125 0.61953125 0.0828125 0.09375
0 0.11015625 0.615625 0.0734375 0.0953125
0 0.02890625 0.62890625 0.0578125 0.0890625
0 0.56953125 0.6046875 0.06875 0.0828125
0 0.628125 0.60546875 0.059375 0.0796875
0 0.67890625 0.5890625 0.0578125 0.08125
0 0.7625 0.5984375 0.0546875 0.0734375
0 0.809375 0.58125 0.059375 0.0859375
0 0.88359375 0.5953125 0.05625 0.06875
0 0.91171875 0.56875 0.040625 0.059375
0 0.9625 0.57734375 0.0546875 0.0734375
0 0.9890625 0.58125 0.021875 0.0546875
0 0.02890625 0.71953125 0.05625 0.0765625
0 0.11640625 0.70703125 0.0703125 0.071875
0 0.196875 0.71796875 0.071875 0.0703125
0 0.278125 0.6953125 0.0640625 0.0703125
0 0.35078125 0.671875 0.0546875 0.0703125
0 0.41875 0.6734375 0.0515625 0.075
0 0.48046875 0.66328125 0.0515625 0.0671875
0 0.5375 0.65390625 0.04375 0.059375
0 0.61875 0.67734375 0.0515625 0.075
0 0.68515625 0.68125 0.0484375 0.065625
0 0.771875 0.6953125 0.0578125 0.0640625
0 0.8015625 0.66484375 0.0484375 0.059375
0 0.8625 0.6703125 0.05625 0.071875
0 0.9265625 0.6703125 0.046875 0.071875
0 0.9609375 0.65 0.0515625 0.0640625
0 0.95234375 0.73203125 0.0546875 0.0640625
0 0.92890625 0.75703125 0.05625 0.0671875
0 0.8859375 0.7703125 0.0578125 0.078125
0 0.80859375 0.7515625 0.0671875 0.078125
0 0.74765625 0.76015625 0.0578125 0.0828125
0 0.66953125 0.74765625 0.065625 0.075
0 0.62421875 0.78203125 0.059375 0.0765625
0 0.55546875 0.74453125 0.0578125 0.0703125
0 0.4796875 0.7421875 0.0625 0.06875
0 0.4171875 0.753125 0.0515625 0.075
0 0.3453125 0.7703125 0.053125 0.0734375
0 0.27890625 0.79609375 0.06875 0.0734375
0 0.2015625 0.8015625 0.06875 0.071875
0 0.11796875 0.81484375 0.0609375 0.0734375
0 0.04453125 0.79921875 0.0578125 0.0796875
0 0.5328125 0.803125 0.0546875 0.065625
0 0.4890625 0.8671875 0.0578125 0.06875
0 0.540625 0.925 0.05625 0.065625
0 0.48828125 0.95390625 0.046875 0.0671875
0 0.42109375 0.8578125 0.0578125 0.075
0 0.4203125 0.96484375 0.05625 0.0703125
0 0.3546875 0.89296875 0.0671875 0.0796875
0 0.27734375 0.9203125 0.059375 0.078125
0 0.19609375 0.91328125 0.0671875 0.084375
0 0.1265625 0.8859375 0.0625 0.0859375
0 0.0328125 0.9265625 0.065625 0.084375
0 0.63515625 0.875 0.0546875 0.075
0 0.60703125 0.9328125 0.0484375 0.0609375
0 0.6625 0.9140625 0.0421875 0.059375
0 0.67421875 0.8375 0.0671875 0.08125
0 0.75 0.84921875 0.053125 0.06875
0 0.73203125 0.90546875 0.065625 0.0671875
0 0.81484375 0.93515625 0.0578125 0.0828125
0 0.8515625 0.8953125 0.053125 0.071875
0 0.89140625 0.87890625 0.053125 0.0671875
0 0.86484375 0.82734375 0.046875 0.0625
0 0.91328125 0.815625 0.040625 0.05625
0 0.94375 0.87578125 0.0484375 0.0640625
0 0.9796875 0.859375 0.040625 0.059375
0 0.96328125 0.81796875 0.0421875 0.059375
0 0.95 0.9828125 0.04375 0.034375
0 0.36015625 0.97578125 0.0515625 0.0484375
0 0.28515625 0.9828125 0.0625 0.034375
0 0.044270833593749996 0.9915674601562501 0.0384424609375 0.01686507968749993
0 0.1232638890625 0.9932208992187501 0.035218253125 0.013558201562499938