0 0.7529235226562501 0.8082035953125001 0.12076456406249995 0.15389198437499996
0 0.63977903671875 0.8382777140625001 0.11283535156250002 0.14398716249999993
0 0.53229538125 0.8643698703125 0.10454155312499998 0.14293713749999998
0 0.42651172265625004 0.8906213703125001 0.11165843593749995 0.14269331562499996
0 0.3272535703125 0.9119694781250001 0.09409315937500003 0.125695128125
0 0.7823591875 0.6665836078125 0.11817306250000001 0.13200036874999999
0 0.6664914382812499 0.6966627210937499 0.10812458281249997 0.13195809843750003
0 0.5545344218749999 0.72212667109375 0.09847665000000001 0.13330822031250006
0 0.45093162109375007 0.7455959937500001 0.1035024140625 0.13771012500000007
0 0.35259773125 0.77735579375 0.09879974374999997 0.12357159062499994
0 0.24391325625 0.8049073804687501 0.09378964062499999 0.13598191406250004
0 0.17050959375 0.71341290546875 0.08896230624999998 0.12659052031250004
0 0.27049890078125005 0.67160004921875 0.09704064843749997 0.13135809218750003
0 0.3693104625 0.64281438359375 0.10043920937499995 0.12319185156250008
0 0.48053155078125 0.6128855507812501 0.10003731406250002 0.12451383593749998
0 0.5777718000000001 0.5833759445312501 0.102584025 0.12739220468749995
0 0.690887296875 0.544113284375 0.110610371875 0.13920093749999998
0 0.80932033125 0.51412326171875 0.12063449374999999 0.14517787656249997
0 0.83332183359375 0.37142300781250004 0.11317775468750009 0.135731859375
0 0.71150278984375 0.40387184062500003 0.11473058906250007 0.14068226562500002
0 0.60653634765625 0.4487739421875 0.10738786718749997 0.12701724374999998
0 0.5002479203125 0.48052438359374994 0.09804736562500001 0.12231059218750007
0 0.39749029140625003 0.509883971875 0.0995716984375 0.12060415937500002
0 0.30265979296875 0.53980842421875 0.09484162343750002 0.13495366718749996
0 0.20195749843749997 0.5778968265625 0.09196680312500001 0.12292460312499998
0 0.11381174296875 0.611154409375 0.0912970359375 0.13108619687500003
0 0.044203600781250005 0.5014867625 0.0853586015625 0.12733592812500003
0 0.14078045546875 0.48156970546875 0.0868801140625 0.11897152968750006
0 0.2351944125 0.45359641406250006 0.09653587812500002 0.12240430000000005
0 0.32157233828125 0.41556658046874995 0.09496237031249999 0.12027133906249995
0 0.42064717109374994 0.37421313203124995 0.09750125156249996 0.11812895781249999
0 0.5209081281250001 0.34495899999999996 0.10338056562500002 0.12150897500000002
0 0.62712780078125 0.31254998437500003 0.10759412968750004 0.1255077125
0 0.7338734648437499 0.2688245296875 0.11150808593750003 0.13280663437499998
0 0.84486651796875 0.23324653515625 0.11566855468750008 0.1302048734375
0 0.76096117109375 0.1205762203125 0.11412395156250002 0.13433488124999998
0 0.6459544796875 0.1698941078125 0.106748409375 0.12682963125
0 0.5412402257812501 0.21244542656250004 0.09922792656250001 0.11395680625
0 0.44279537500000005 0.24732031796875004 0.09909041875000005 0.12455597968750001
0 0.34250505468750003 0.28101146328125 0.09730673749999999 0.12882196718750002
0 0.24940569765624998 0.31367601250000005 0.0872797953125 0.1190524875
0 0.1599329875 0.356653865625 0.086503925 0.10999556562500006
0 0.07463891484375 0.38884264453125 0.08556987656250001 0.1226761984375
0 0.09035691171875 0.25392418359375 0.0893530578125 0.1172148484375
0 0.18670923359375 0.230192353125 0.08749780156249998 0.12446691875000002
0 0.27508438828125004 0.19082646718750002 0.0880685078125 0.11700858750000001
0 0.36817395781249995 0.158879153125 0.09315910937500002 0.11962441874999999
0 0.46535610156249996 0.11126038281250002 0.09792943437500004 0.12558735000000001
0 0.56577022578125 0.07401348359375 0.1060893734375 0.13090801093749999
0 0.66953543359375 0.04657833203125 0.10803014218749993 0.0931566640625