0 0.2911147859375 0.24087699296875004 0.06657538124999998 0.1322955515625
0 0.21259026796875 0.24033724296874998 0.0628871171875 0.13082923906250002
0 0.1550094109375 0.2458980765625 0.059102468750000005 0.1310298
0 0.05227208046875 0.24650913125 0.0508542203125 0.10943735937499999
0 0.092942346875 0.24198465390625 0.05418032500000001 0.10245073281250001
0 0.32183821406249996 0.34630152265624997 0.07115184062500002 0.1248980328125
0 0.25457007421875 0.34484014921875 0.06824905156250001 0.12043980156249998
0 0.19592428359375 0.3403539078125 0.0683235078125 0.12286869687499995
0 0.13230588984375 0.33100112187499997 0.053804792187500006 0.12393233750000002
0 0.08345268828124999 0.33130950859375 0.047368995312499995 0.1344934640625
0 0.03464222890625 0.3221549515625 0.046759879687500006 0.1008127375
0 0.37541739609375 0.4553519078125 0.07529947656249995 0.12914793750000003
0 0.29692337578125 0.45326487578124997 0.06656993281250001 0.11982213906250005
0 0.2209408484375 0.44597340078125003 0.06735850937499999 0.11760668593750001
0 0.17997506015625 0.43616279531249996 0.035876135937499984 0.11716381250000003
0 0.10933088515625 0.42556893046875005 0.05521820156250001 0.10631240781250004
0 0.05818438359375 0.41670232734375007 0.049168832812499993 0.09605289843750002
0 0.0164374453125 0.40406398593750004 0.032874890625 0.098890675
0 0.42077410156250006 0.57457507578125 0.0811787625 0.13484149218749994
0 0.34950886875 0.565174903125 0.07648861250000002 0.12594413124999998
0 0.2742653609375 0.54848160390625 0.07705229375 0.1271186046875
0 0.21638856328124997 0.53784038515625 0.0642707421875 0.11427295156249997
0 0.157408246875 0.5248403203125 0.05654770625000001 0.11391980000000004
0 0.10522973203125 0.50408653671875 0.0548152953125 0.1272325453125
0 0.0438182359375 0.4961551625 0.049285621875 0.11395689999999999
0 0.013407916406250001 0.48324505234375004 0.026815832812500003 0.09045429531250004
0 0.44740922968749997 0.706481921875 0.07749125625 0.12993418124999997
0 0.3771354578125 0.68158417421875 0.070623459375 0.12441541718750004
0 0.323585109375 0.6471144335937501 0.062442640625000004 0.13907385468750003
0 0.25267583359375 0.64140806171875 0.08000996406250001 0.11161928281250004
0 0.19140334921875 0.6235348335937501 0.060646732812500014 0.11213433906250003
0 0.13985561093749999 0.605465865625 0.046899421875 0.12304193750000003
0 0.09117861328125 0.5869653734375 0.057902304687499996 0.10167426874999999
0 0.036247243750000005 0.57576290078125 0.050553215624999995 0.09636894843750002
0 0.433325378125 0.7996868218750001 0.07601752187499997 0.12875349374999995
0 0.344600121875 0.771419721875 0.07317822812499997 0.11892552499999995
0 0.280820871875 0.7490328859375 0.06253674687500003 0.12085379999999998
0 0.21448579609375001 0.7248947484375 0.0643789140625 0.11419099062499996
0 0.1609628859375 0.7037302999999999 0.05670606874999999 0.11389915625000002
0 0.10956417578125 0.68885793984375 0.0545973671875 0.10197277968749993
0 0.058210326562500005 0.6720243515625001 0.047866768750000004 0.10135511562500002
0 0.3811781125 0.8908884359375 0.07042200937500001 0.12056662500000001
0 0.3194010203125 0.85272411796875 0.07078416875000001 0.12557033281249996
0 0.2599055078125 0.8194262054687499 0.066902309375 0.13770860156249992
0 0.20360200078124996 0.79860666171875 0.0626276828125 0.12710106093750007
0 0.1419666796875 0.7815956890625 0.057156818750000005 0.10405674999999999
0 0.086210340625 0.7598112304687501 0.06047665 0.10782202656250002
0 0.03989289609375 0.74153939296875 0.0481505390625 0.09487842343750001
0 0.13994164687500002 0.9865765968750001 0.03518735937499999 0.02684680625000002
0 0.0941696703125 0.97104917890625 0.04547567187499999 0.057901642187500005
0 0.05327779921875 0.9548102585937499 0.0383352765625 0.09037948281249993
0 0.039425579687500004 0.9884082460937499 0.029276715625000005 0.023183507812500004
0 0.01638912734375 0.65476629453125 0.0327782546875 0.0988561984375
0 0.00869538515625 0.56378714765625 0.0173907703125 0.07528085468750004