0 0.25324436171875 0.8580307390625 0.1069013109375 0.146816171875
0 0.35672469921875 0.84850418828125 0.12503357343750002 0.1601024328124999
0 0.46509058281249993 0.8378006476562501 0.11526459687499999 0.1570009609375
0 0.5715352656249999 0.8310114703124999 0.11662328749999995 0.1597403968749999
0 0.69339395078125 0.8206800968750001 0.1199520265625 0.15612530000000008
0 0.19938674375 0.74441034375 0.125275559375 0.14644259687500005
0 0.30409783671875 0.732608284375 0.10143582968749998 0.1475836718750001
0 0.4022706078125 0.7183969265625001 0.10743317187499994 0.15246971562500003
0 0.5145734093750001 0.7012983921875 0.11236767812500004 0.15533178750000004
0 0.623901084375 0.69954377734375 0.11442409374999993 0.13875805468750002
0 0.74511211484375 0.687218709375 0.11735179218749989 0.14956578437499993
0 0.136623878125 0.6309976796875001 0.09887495937499999 0.1423528
0 0.24354575703124998 0.6116421703125 0.10179922343749999 0.14212924375
0 0.33765771484374996 0.5965948890625 0.10329471093750002 0.14454420000000007
0 0.45622486406250007 0.58914935078125 0.10273893437499995 0.14512549218749998
0 0.5584231390625 0.57289543046875 0.11176318437499999 0.15062901718749994
0 0.67330791953125 0.5573835921875 0.11659250468750004 0.152091834375
0 0.7956690703125 0.54920314140625 0.13258287499999993 0.16003182656249998
0 0.09966785546875001 0.5266531304687501 0.1024584703125 0.13474316406249995
0 0.19444640234375 0.5116657546875001 0.10204890468750001 0.13645555937500004
0 0.29751874921875 0.5003792687499999 0.1115870234375 0.14681617500000002
0 0.3956051921875 0.47293955 0.10745969062500005 0.14648875624999996
0 0.49972938671874995 0.457567684375 0.10807702968749995 0.14026546562500003
0 0.61422199765625 0.44614215078125 0.11717568906249998 0.1402697671875
0 0.7156755828125 0.42020319375000004 0.12167239374999994 0.146400740625
0 0.8391728656249999 0.41629568046875 0.12252662812499988 0.14693744218749996
0 0.0446967921875 0.4123806375 0.089393584375 0.13886758125000004
0 0.14122463437500002 0.40589656484375 0.09597975625000002 0.13892527656250003
0 0.23667881250000003 0.39701275234375 0.097729190625 0.13481533906249998
0 0.32931253046875 0.37119148593749995 0.10338622343750004 0.134349446875
0 0.44640551796874994 0.34955542578125 0.10784190781249996 0.1417830484375
0 0.5479111281250001 0.3305114484375 0.1059684625 0.139562903125
0 0.6566220265625 0.31351459296875 0.12341667812499998 0.1392931859375
0 0.7726012320312501 0.2936325265625 0.11866087656250005 0.141014184375
0 0.88585685703125 0.27633340078125 0.1222127828125 0.14771647968749999
0 0.102339015625 0.3000554859375 0.09102216562500001 0.13624490625000002
0 0.18976678125 0.283261159375 0.09969326250000002 0.13494090937499997
0 0.28889350078125 0.25609185781250005 0.10282020781250001 0.134484984375
0 0.38156369765625 0.23547326640625 0.10383426718749997 0.1416834921875
0 0.49246891875000004 0.2188825828125 0.10555463749999996 0.13842613125
0 0.59356451875 0.195757515625 0.11282430625000002 0.13972015937499999
0 0.7025348664062501 0.173798084375 0.11649589843749997 0.150145709375
0 0.8244979929687499 0.14744543281250003 0.12326792031250004 0.14622764375000002
0 0.13653931875 0.17857181171874997 0.09628756875000001 0.1256808765625
0 0.2379414046875 0.1660519890625 0.09413028749999999 0.1305943
0 0.32822368359375 0.14694739296874998 0.10091769843749998 0.13083233593750002
0 0.43100593984374996 0.12616799921875002 0.10531608281249998 0.1261829609375
0 0.5297499078125 0.098361059375 0.10616771249999993 0.13589440937500002
0 0.6420171710937501 0.06855701796875 0.11166741093750003 0.1330135609375
0 0.7460477578125 0.058443828906249995 0.11627273749999993 0.11688765781249999