0 0.725 0.83125 0.13125 0.175
0 0.609375 0.84375 0.128125 0.175
0 0.49765625 0.8578125 0.121875 0.16875
0 0.3890625 0.86953125 0.11875 0.165625
0 0.28984375 0.8828125 0.1109375 0.15625
0 0.77109375 0.68984375 0.134375 0.1703125
0 0.64921875 0.70390625 0.128125 0.165625
0 0.53828125 0.71875 0.1265625 0.159375
0 0.43203125 0.734375 0.11875 0.15625
0 0.33046875 0.75078125 0.115625 0.1546875
0 0.8140625 0.54765625 0.1359375 0.1671875
0 0.6921875 0.56640625 0.128125 0.1640625
0 0.57734375 0.5828125 0.125 0.1578125
0 0.4765625 0.6046875 0.1140625 0.1515625
0 0.36484375 0.61953125 0.1171875 0.153125
0 0.85390625 0.41171875 0.13125 0.1609375
0 0.7328125 0.42890625 0.1265625 0.15625
0 0.6203125 0.45625 0.121875 0.153125
0 0.51328125 0.47578125 0.1203125 0.1515625
0 0.40859375 0.49140625 0.1140625 0.1453125
0 0.2203125 0.7703125 0.1109375 0.1546875
0 0.26484375 0.63984375 0.115625 0.15
0 0.15859375 0.66484375 0.10625 0.14375
0 0.309375 0.51640625 0.1125 0.1453125
0 0.20703125 0.53984375 0.1078125 0.1453125
0 0.11484375 0.56015625 0.1046875 0.1421875
0 0.059375 0.446875 0.1 0.140625
0 0.15546875 0.43125 0.10625 0.1375
0 0.253125 0.41875 0.10625 0.140625
0 0.3453125 0.39296875 0.1109375 0.14375
0 0.45 0.3671875 0.115625 0.1453125
0 0.5515625 0.34921875 0.1203125 0.15
0 0.65859375 0.32890625 0.121875 0.1484375
0 0.1015625 0.33125 0.0984375 0.13125
0 0.19296875 0.3109375 0.1046875 0.1375
0 0.28515625 0.28671875 0.109375 0.140625
0 0.37890625 0.2625 0.1109375 0.140625
0 0.48671875 0.23984375 0.115625 0.1453125
0 0.5890625 0.215625 0.1203125 0.153125
0 0.13359375 0.21015625 0.1015625 0.134375
0 0.23203125 0.19140625 0.1046875 0.13125
0 0.3234375 0.1703125 0.1046875 0.13125
0 0.421875 0.14765625 0.1140625 0.140625
0 0.52265625 0.11171875 0.1140625 0.14375
0 0.88515625 0.2765625 0.13125 0.1515625
0 0.77109375 0.2984375 0.1296875 0.1546875
0 0.8140625 0.14921875 0.13125 0.1546875
0 0.696875 0.18359375 0.1265625 0.153125
0 0.734375 0.0625 0.125 0.125
0 0.6265625 0.08359375 0.11875 0.146875