0 0.7318635265625 0.21726855390625 0.06899054062500003 0.1356086734375
0 0.8120678867187501 0.22296191640625002 0.07591612343750001 0.12796277031249997
0 0.86899574609375 0.22995975234375 0.060976439062500096 0.12208008906249998
0 0.92587142421875 0.2302049578125 0.05481058593749992 0.11049893749999999
0 0.9699922609375001 0.23961226015624998 0.058173643750000004 0.1069039640625
0 0.6917618234375 0.32464671640625 0.07784804062499999 0.12552255468749998
0 0.7533109296875 0.32560507734375 0.07679451562499998 0.1196723546875
0 0.81368303984375 0.330607871875 0.07427185156249996 0.12059495625000002
0 0.882779740625 0.32827203125 0.05790417187500001 0.11070016249999996
0 0.9310368 0.32895539921875 0.060786131250000076 0.1107516671875
0 0.97400469140625 0.32793262109375 0.05199061718750002 0.1012153921875
0 0.6280296390625001 0.43297611874999997 0.08717752812499997 0.13116952187499997
0 0.70683541953125 0.42858987812500005 0.0714568609375 0.12264973437499997
0 0.7855739484375 0.42402757968750004 0.07012627187499998 0.11925165312500004
0 0.8295301390625 0.41722377421875 0.03597200312500011 0.09812588281250001
0 0.8931360640625 0.42001344609375 0.06347019687500008 0.10554241718749999
0 0.9494795695312501 0.4177814140625 0.05307806093749985 0.09804468125000003
0 0.9869513718749999 0.413172446875 0.026097256249999923 0.09364357187499994
0 0.56263366875 0.53789207421875 0.07768059062499999 0.1130033359375
0 0.6479365015624999 0.53370346171875 0.07592520937500007 0.12436145468750004
0 0.7192398046875 0.5312244921875 0.06957362812500004 0.11845975312500005
0 0.7855804117187499 0.5247942203125 0.06603700156250011 0.10809554062499993
0 0.83615599921875 0.51074004140625 0.05664055156250001 0.1046713171875
0 0.8889713804687499 0.49922202578124997 0.0662242671875001 0.11525022031249996
0 0.952749165625 0.48812883906250004 0.05729976249999993 0.13197565937499994
0 0.9843893031250002 0.49618553359375 0.031221393749999927 0.09005794531249993
0 0.60460778359375 0.6476614046875 0.07338731093750006 0.11947902187499997
0 0.66264660546875 0.6243672625000001 0.07082809218750005 0.11738464687499998
0 0.7378550078125 0.6214132507812501 0.06991464687500004 0.10951848906250002
0 0.79810607890625 0.61277508359375 0.06595783593750007 0.10700140781249994
0 0.8482191421875 0.5978322828125 0.04973328124999998 0.10235468750000001
0 0.8996889124999999 0.5797703109375 0.05650962187499999 0.09168979687499998
0 0.9526438335937499 0.57618847578125 0.051637832812499875 0.08649322968750006
0 0.984848775 0.57147065078125 0.030302449999999936 0.07102488906249996
0 0.5369597953125 0.76651555390625 0.08571444062500007 0.12350737656249997
0 0.625542728125 0.742093815625 0.08325115937499997 0.11465721250000005
0 0.69807273515625 0.72698928359375 0.07150557968749993 0.11142787968750004
0 0.7624496148437501 0.71056666171875 0.06698396718749997 0.11084555156250006
0 0.8174130601562499 0.69885919609375 0.05388189843750002 0.11113354531250001
0 0.8714202976562501 0.6785251609375 0.06222331718749992 0.09626165625000001
0 0.92212420625 0.67252743515625 0.056378700000000136 0.09529466718749999
0 0.9696266687499999 0.6552508375 0.04782565312500005 0.10350387812499999
0 0.57944391953125 0.86035483828125 0.07446520156250003 0.11440804218749996
0 0.6519282609375001 0.827227015625 0.07402824375000003 0.131111678125
0 0.71179726484375 0.8033213695312501 0.06681039531249996 0.12617062031249998
0 0.766468340625 0.78641540703125 0.06344429687499993 0.11287496718749992
0 0.8307338718749999 0.7719650695312501 0.061360093749999935 0.09570546718750003
0 0.88133377109375 0.7575795046875 0.0563162765625 0.09644942499999995
0 0.9297915328125 0.7424517265625 0.05046557499999995 0.09089355625
0 0.53036703984375 0.66745327734375 0.0847659734375 0.13769315156249995
0 0.86103926953125 0.9538074875 0.04352825781250012 0.03620767812499999
0 0.8994199054687501 0.93699264296875 0.04637919531249999 0.06725636093749987