0 0.04375 0.0625 0.0875 0.125
0 0.1828125 0.0765625 0.109375 0.140625
0 0.30625 0.084375 0.1078125 0.1421875
0 0.43125 0.09921875 0.1015625 0.1265625
0 0.546875 0.11171875 0.096875 0.1375
0 0.65546875 0.12890625 0.09375 0.1421875
0 0.77265625 0.1328125 0.090625 0.13125
0 0.8671875 0.1484375 0.08125 0.1265625
0 0.97109375 0.159375 0.0578125 0.128125
0 0.04765625 0.2328125 0.0953125 0.140625
0 0.17890625 0.2421875 0.1140625 0.13125
0 0.303125 0.2546875 0.1046875 0.13125
0 0.4265625 0.2671875 0.0953125 0.13125
0 0.54375 0.2765625 0.0984375 0.128125
0 0.653125 0.28359375 0.090625 0.1265625
0 0.771875 0.2921875 0.090625 0.128125
0 0.871875 0.3015625 0.08125 0.125
0 0.9703125 0.31328125 0.059375 0.128125
0 0.0546875 0.3921875 0.109375 0.125
0 0.1875 0.4015625 0.096875 0.11875
0 0.3015625 0.4109375 0.1 0.1203125
0 0.4203125 0.40703125 0.0875 0.11875
0 0.53046875 0.42109375 0.090625 0.1140625
0 0.63046875 0.42421875 0.084375 0.1140625
0 0.73984375 0.43671875 0.08125 0.1234375
0 0.82890625 0.43671875 0.075 0.115625
0 0.928125 0.44921875 0.08125 0.1140625
0 0.98828125 0.44609375 0.0234375 0.1203125
0 0.05234375 0.559375 0.1015625 0.1203125
0 0.1859375 0.5546875 0.103125 0.1140625
0 0.30546875 0.56875 0.1046875 0.11875
0 0.41796875 0.56875 0.0890625 0.109375
0 0.53046875 0.58046875 0.090625 0.109375
0 0.63125 0.56875 0.0875 0.1125
0 0.73671875 0.58203125 0.0875 0.10625
0 0.83125 0.5796875 0.078125 0.1109375
0 0.93046875 0.5875 0.08125 0.0984375
0 0.98828125 0.5921875 0.0234375 0.103125
0 0.08125 0.6828125 0.1 0.1125
0 0.2 0.67265625 0.0921875 0.1015625
0 0.30703125 0.68515625 0.0890625 0.1140625
0 0.4140625 0.67578125 0.0828125 0.1078125
0 0.5140625 0.68671875 0.0875 0.1078125
0 0.61015625 0.68203125 0.075 0.1015625
0 0.709375 0.690625 0.08125 0.1078125
0 0.79375 0.678125 0.075 0.103125
0 0.8921875 0.69140625 0.0703125 0.096875
0 0.96328125 0.6828125 0.06875 0.0859375