0 0.7519900617187499 0.27900930078125 0.13469390781249996 0.1577062578125
0 0.63756736953125 0.25896799921875 0.1192185109375 0.1629538171875
0 0.5248162734374999 0.241514353125 0.11892744375 0.16243329375
0 0.418509453125 0.22302117734375 0.13624891249999999 0.1729765546875
0 0.30549388359375 0.209044203125 0.13965964843750003 0.17210206875
0 0.8030170968749999 0.41112602656249997 0.12164999687499992 0.15320284062499998
0 0.6784538859375 0.39596642578125 0.11796871249999992 0.15060162968750004
0 0.56704835859375 0.37507198124999996 0.11212976406250004 0.15813275624999998
0 0.4526350203125 0.36543471875 0.117865078125 0.16071914374999996
0 0.34229803515625 0.34580361406249993 0.12043261406249997 0.16434807499999998
0 0.22309105859375 0.32600277890624996 0.11646008906249998 0.16555427968749997
0 0.15428807421875 0.43739789843750004 0.12194175468749999 0.15989204687499994
0 0.263507971875 0.46327451093749994 0.12176052500000001 0.15163010312499997
0 0.3807771375 0.47955874140624993 0.11997618437499998 0.1524571984375
0 0.4927701421875 0.4919656234375 0.11287105625000002 0.14168956875000002
0 0.60272070390625 0.510087515625 0.12023948906250004 0.15226173124999995
0 0.71490573515625 0.52495699609375 0.12398716093749992 0.1503595234375
0 0.83716766953125 0.5381154054687499 0.1176617796875 0.14752802968749998
0 0.8639886328124999 0.6610800578125 0.11176558750000005 0.138247934375
0 0.7518167640625 0.6471576328124999 0.11615264062500011 0.14475134062499997
0 0.6370278453125 0.63367511015625 0.112996759375 0.14190727343749998
0 0.53010286328125 0.62131629375 0.1110334328125 0.13891287812499992
0 0.42373078828125 0.5978321984375 0.11284553906249997 0.14168365624999996
0 0.31678953515624997 0.58257203671875 0.11281950156250002 0.14549548281249997
0 0.20178541484374998 0.57156662109375 0.1159436515625 0.15733306093750005
0 0.0951693015625 0.54623421796875 0.11650371562499999 0.15775214531249998
0 0.7806789140625 0.7731888859374999 0.11663907812500005 0.13193934062499996
0 0.67982374765625 0.74835758125 0.11480093593749992 0.1323791625000001
0 0.57143099453125 0.7372748171875 0.10796756406250001 0.13848788125000003
0 0.45608642265625 0.72481604765625 0.1152715046875 0.13694254531250002
0 0.35828208749999996 0.70107748515625 0.11237496562499998 0.13783626406250002
0 0.2519583015625 0.68589083828125 0.11361907187499998 0.1384256671875
0 0.14094678828125 0.675517640625 0.11230185468750001 0.14814999375
0 0.07193515078124998 0.78519115 0.10561746718750001 0.13054208124999994
0 0.18284019218749997 0.8017026828124999 0.10944497499999999 0.1323161968749999
0 0.28965068125000004 0.818239915625 0.11072650000000003 0.14166958124999995
0 0.39353035234375 0.82784576328125 0.11203406718750002 0.13811393593750002
0 0.50222926484375 0.8470152750000001 0.11111102656250002 0.13905579374999996
0 0.60516156796875 0.8664544031249999 0.11169712968750005 0.1318304875000001
0 0.712287453125 0.8750389679687501 0.11294917187499998 0.1280378984375
0 0.82129604375 0.8935259679687502 0.11048526562499994 0.1299823328124999
0 0.7429864453125 0.96802448125 0.10613681249999996 0.06395103750000004
0 0.6339124703125 0.9557707499999999 0.11492267187500005 0.08845849999999995
0 0.53854164296875 0.94742608203125 0.10483375468750004 0.10514783593750003
0 0.4380811171875 0.93838828203125 0.10840192500000004 0.12322343593749992
0 0.048071875 0.657956065625 0.09614375 0.13412437812500003
0 0.89258610078125 0.7918421070312499 0.10884249218749993 0.1431193890624999
0 0.32827808593749996 0.93551221484375 0.10995692812499999 0.12711011406249995
0 0.2245711984375 0.9157033195312501 0.10435128749999997 0.12780686718749995
0 0.12099249375000001 0.9001409804687501 0.106371175 0.12307316718750005