0 0.85859375 0.79453125 0.0484375 0.1
0 0.81640625 0.8015625 0.0515625 0.10625
0 0.76171875 0.8109375 0.0578125 0.109375
0 0.6984375 0.81484375 0.0625 0.1125
0 0.88125 0.71015625 0.0453125 0.0953125
0 0.83828125 0.7109375 0.0484375 0.1
0 0.796875 0.7171875 0.0546875 0.10625
0 0.72734375 0.7171875 0.059375 0.1078125
0 0.6703125 0.721875 0.0640625 0.1140625
0 0.63515625 0.82421875 0.0671875 0.1203125
0 0.60703125 0.7296875 0.0734375 0.121875
0 0.56875 0.62265625 0.071875 0.1234375
0 0.634375 0.625 0.0671875 0.1125
0 0.69765625 0.62265625 0.0640625 0.115625
0 0.7578125 0.62421875 0.059375 0.1078125
0 0.81171875 0.625 0.0546875 0.1015625
0 0.86015625 0.62578125 0.0515625 0.1
0 0.940625 0.54921875 0.0421875 0.0953125
0 0.9015625 0.546875 0.046875 0.0984375
0 0.83984375 0.53984375 0.0515625 0.103125
0 0.7984375 0.5359375 0.05625 0.10625
0 0.72890625 0.53046875 0.059375 0.1078125
0 0.90859375 0.6296875 0.0453125 0.0953125
0 0.53671875 0.51640625 0.0734375 0.1265625
0 0.621875 0.52265625 0.06875 0.1234375
0 0.6703125 0.5296875 0.0609375 0.1140625
0 0.5015625 0.4015625 0.078125 0.128125
0 0.57109375 0.4140625 0.0703125 0.121875
0 0.64765625 0.42578125 0.0671875 0.1171875
0 0.8265625 0.44921875 0.053125 0.1046875
0 0.76875 0.44140625 0.0546875 0.1078125
0 0.7015625 0.43515625 0.0578125 0.109375
0 0.79296875 0.35703125 0.0546875 0.10625
0 0.84765625 0.3671875 0.0515625 0.1046875
0 0.89609375 0.3796875 0.046875 0.096875
0 0.93671875 0.38671875 0.0453125 0.0953125
0 0.95078125 0.4703125 0.0421875 0.0890625
0 0.91484375 0.46484375 0.0453125 0.0953125
0 0.86015625 0.45703125 0.0453125 0.0984375
0 0.7390625 0.34609375 0.059375 0.1125
0 0.67109375 0.33515625 0.0640625 0.1140625
0 0.60859375 0.3203125 0.0703125 0.1203125
0 0.53828125 0.29453125 0.075 0.1296875
0 0.5890625 0.20625 0.0734375 0.1234375
0 0.6375 0.2328125 0.0640625 0.11875
0 0.91484375 0.303125 0.0421875 0.0953125
0 0.88046875 0.2890625 0.0515625 0.1
0 0.81640625 0.2765625 0.0515625 0.1015625
0 0.76484375 0.26328125 0.0546875 0.109375
0 0.71640625 0.24453125 0.0640625 0.1109375