0 0.57734375 0.57109375 0.128125 0.0828125
0 0.36640625 0.571875 0.1265625 0.0796875
0 0.36875 0.64375 0.1203125 0.0765625
0 0.47421875 0.5375 0.134375 0.0859375
0 0.26953125 0.6046875 0.125 0.0796875
0 0.36015625 0.49921875 0.13125 0.0875
0 0.6734375 0.6109375 0.128125 0.0796875
0 0.25546875 0.5359375 0.1375 0.084375
0 0.65625 0.73046875 0.1140625 0.0640625
0 0.28671875 0.79140625 0.1109375 0.0640625
0 0.3765625 0.703125 0.1140625 0.065625
0 0.3765625 0.7640625 0.1109375 0.065625
0 0.27890625 0.66640625 0.1234375 0.0734375
0 0.46875 0.73125 0.1109375 0.06875
0 0.7671875 0.63984375 0.128125 0.078125
0 0.5640625 0.69765625 0.1171875 0.06875
0 0.6640625 0.675 0.1203125 0.0703125
0 0.73828125 0.76484375 0.1078125 0.0703125
0 0.284375 0.73515625 0.1109375 0.0703125
0 0.2078125 0.809375 0.103125 0.0640625
0 0.19453125 0.7578125 0.1140625 0.0640625
0 0.74921875 0.70234375 0.1140625 0.071875
0 0.57109375 0.6359375 0.1171875 0.0703125
0 0.21953125 0.875 0.1109375 0.0625
0 0.0046875 0.7921875 0.009375 0.059375
0 0.47265625 0.62578125 0.121875 0.075
0 0.63359375 0.8828125 0.0984375 0.0546875
0 0.4703125 0.79765625 0.10625 0.059375
0 0.178125 0.63359375 0.128125 0.0796875
0 0.55625 0.76171875 0.1046875 0.065625
0 0.18828125 0.7109375 0.1171875 0.071875
0 0.64609375 0.80703125 0.103125 0.075
0 0.71953125 0.86484375 0.109375 0.04375
0 0.55078125 0.86328125 0.1 0.0625
0 0.553125 0.8078125 0.1 0.0625
0 0.46796875 0.9015625 0.103125 0.059375
0 0.378125 0.82890625 0.1046875 0.065625
0 0.55390625 0.91171875 0.1125 0.05
0 0.46796875 0.94375 0.1109375 0.04375
0 0.46875 0.84375 0.1078125 0.053125
0 0.47109375 0.67421875 0.1203125 0.0671875
0 0.38984375 0.9484375 0.10625 0.046875
0 0.3921875 0.91171875 0.1 0.053125
0 0.38125 0.859375 0.109375 0.05
0 0.30703125 0.9359375 0.1109375 0.053125
0 0.30859375 0.8921875 0.1140625 0.0546875
0 0.2296875 0.9125 0.1140625 0.046875
0 0.16171875 0.5828125 0.140625 0.0890625
0 0.3 0.8453125 0.115625 0.05625
0 0.734375 0.81796875 0.1046875 0.0625
0 0.021875 0.88984375 0.04375 0.0515625
0 0.01640625 0.84140625 0.0328125 0.0609375