0 0.158068346875 0.66163408515625 0.13156015000000001 0.06892647656250003
0 0.14475413671875 0.7334629335937499 0.1307902578125 0.06779253593750001
0 0.13914400625 0.78421091171875 0.13084653125 0.06282967343750005
0 0.11147548593750001 0.89567884765625 0.10724684375 0.05234852656250002
0 0.11900997656250001 0.84815565625 0.10225195000000001 0.04842084062499996
0 0.2701753546875 0.6471426828125001 0.12265996562500003 0.07195004062499999
0 0.25468615781250004 0.70863814140625 0.12035925 0.06440387656249999
0 0.2384355265625 0.7705182132812499 0.12290210000000001 0.06356176406249991
0 0.220238759375 0.83518512421875 0.12440692500000002 0.058728545312500026
0 0.20426905859375002 0.87893709140625 0.1338003296875 0.050394739062500096
0 0.1949374875 0.9284839117187499 0.1008895125 0.04823075781250008
0 0.38517783046875 0.6155577046875 0.13064703281249995 0.07341471874999997
0 0.37016007734375 0.6894960546875 0.12145312656249999 0.06866983749999997
0 0.35132997109374997 0.764800275 0.12066150156249997 0.06721832187499999
0 0.33534702265625 0.80136704296875 0.11701198281250003 0.0433033296875001
0 0.31013578359375 0.8702119921874999 0.10809432343750003 0.05585317187499985
0 0.293951909375 0.9180885453125001 0.09793571562499999 0.044239159375000094
0 0.27533534687500005 0.963840203125 0.099458015625 0.040581771874999895
0 0.50988245546875 0.5826089640625 0.13494621093750006 0.07861112500000003
0 0.48915156484375 0.64691313125 0.12718764531249996 0.08127953125000005
0 0.46040300390625 0.72652117734375 0.12883101093750002 0.07057800468749997
0 0.43817802421874996 0.78744357578125 0.11592195156249999 0.06160474843750006
0 0.41220095 0.8367172249999999 0.11315444062500002 0.05383091874999994
0 0.38911905234375 0.88319219296875 0.13094117343749997 0.04984817968749997
0 0.3686434578125 0.94925961484375 0.11592621250000006 0.04629576718749995
0 0.34803914140625 0.9826407859374999 0.09360669218750002 0.034718428124999964
0 0.64514199609375 0.5838733359375 0.13228613906250003 0.07600124687499994
0 0.608852875 0.6424354328125 0.127351771875 0.06952055937499999
0 0.5611877234375 0.69216809375 0.14119058437500004 0.06426670000000004
0 0.5406564906250001 0.767867675 0.11299415625 0.06772705312500005
0 0.52003320859375 0.82659640625 0.11223321718749997 0.05981256562499988
0 0.48730348437500004 0.8730638671875 0.122054625 0.04820203124999996
0 0.4635405515625 0.9177981671875 0.10260194062500005 0.05153861875000008
0 0.4455035359375 0.96491168046875 0.09829465625 0.041871685937499944
0 0.73337586171875 0.6114519140625 0.1328872140625 0.07692499374999998
0 0.690542296875 0.69301039140625 0.12339874374999997 0.0713436234375
0 0.6597519929687501 0.75436340859375 0.12262927656249997 0.059388942187499974
0 0.6252231523437499 0.8062457999999999 0.11632821093749994 0.0661794218749999
0 0.59005892890625 0.86822765859375 0.11568407968749997 0.06011805156249998
0 0.56607560078125 0.91685342578125 0.1039123703125 0.047792648437500064
0 0.5435127874999999 0.9641852203125 0.103164225 0.04302872187499993
0 0.81304408515625 0.685764025 0.12353302343749997 0.06771496562500001
0 0.7679367328125 0.73465069765625 0.12685897187500003 0.06836219843749998
0 0.719742265625 0.79137343203125 0.13931829375 0.05764858281250005
0 0.68985613984375 0.842800528125 0.1309109078125 0.06086032500000016
0 0.665836075 0.90293970390625 0.10579787187500003 0.0533949609375
0 0.63425417734375 0.94878304765625 0.11049436406249998 0.05461616093749999
0 0.6094355124999999 0.98584345703125 0.096111553125 0.028313085937499947
0 0.8838614 0.9398087468749999 0.06781457187499988 0.03729916562499991
0 0.8633829953125 0.9809839140625 0.0953148562500001 0.038032171875000034
0 0.5217725421875 0.9943675320312501 0.08614817187500004 0.01126493593750002
0 0.42460663984374997 0.9937217890625 0.08649867343749999 0.012556421875000012