0 0.7351741609375 0.8215737640625 0.12047961874999995 0.15232735625
0 0.77032564296875 0.6774216945312499 0.12084824218749998 0.1523813484375
0 0.61847395703125 0.8397191546875 0.1117136140625 0.15410454687499991
0 0.5115283640625 0.8583977875000001 0.11229730624999998 0.1546700875
0 0.40566585078125 0.87689454140625 0.11940340156250003 0.1521211390625
0 0.30644964375 0.8932530140624999 0.106126715625 0.14636296562499992
0 0.65329920234375 0.6965981109375001 0.10812339218750004 0.142296165625
0 0.53857952265625 0.7185762203125 0.11206719218750001 0.136921240625
0 0.43476546875000005 0.738932025 0.10635683125000002 0.14315820625000003
0 0.33715386171875 0.76077162265625 0.10086153593749998 0.1306488734374999
0 0.22343960234375002 0.7816049171874999 0.09834356406249997 0.13938611562499997
0 0.15964671953125 0.6792627171875 0.0958441640625 0.14143766875000008
0 0.26154884140625 0.64958066484375 0.0986528796875 0.13854000156250007
0 0.35987512578125 0.6219678671875 0.10084604843750004 0.1371610875
0 0.47659015781249997 0.6048318796875 0.10377734687500002 0.13092057812500002
0 0.5733159390625 0.57663450703125 0.10444974062499997 0.14456897656249995
0 0.6877564875 0.5516047335937501 0.10965807499999994 0.13736553281249994
0 0.8082017953125 0.5338531875 0.11645749687499993 0.14376092812499994
0 0.8398950632812501 0.39098084140625 0.11541313593750005 0.14424416718750002
0 0.72258881640625 0.41407323749999997 0.11188442343750005 0.13781779999999996
0 0.8664466140624999 0.25416757031250004 0.11084006249999998 0.132922571875
0 0.79096593828125 0.129963678125 0.11084050468749992 0.13205875625000002
0 0.7512279859375001 0.27977484140625003 0.10881285312500007 0.13662917656249998
0 0.6111223742187499 0.44920456640625 0.10247322031249997 0.1209575359375
0 0.5030419171875 0.47313686953125 0.09750186874999996 0.12435525781249997
0 0.3982454546875 0.49421708984375 0.09301995937500003 0.11518610781250001
0 0.6393387109375 0.3155172984375 0.10697105625 0.132024240625
0 0.535018184375 0.34599191562500003 0.09806963125000001 0.11978484062500003
0 0.6738579476562501 0.16993978828124998 0.1069719390625 0.1314392203125
0 0.7043530765625 0.0501080953125 0.10900003124999999 0.100216190625
0 0.5967777703125 0.07494928203125 0.10083232500000001 0.1342669671875
0 0.49374632421875 0.1056133 0.09739433593750002 0.12564743437499998
0 0.56417223046875 0.20650666796875 0.10262765781249997 0.1312161890625
0 0.4640335828125 0.23700650859375 0.09705668749999993 0.1292690734375
0 0.39397585937499996 0.146679790625 0.09473873437499995 0.12301174687499998
0 0.43029141640625 0.36792621328124997 0.09829930468749999 0.12404726093749999
0 0.3621462875 0.26627568515625 0.095137009375 0.12471901718750003
0 0.298966528125 0.17502230937500002 0.08732773125 0.1235808375
0 0.20829064765625 0.20317675703125 0.09036259531250002 0.1253243953125
0 0.11032502343749999 0.2240604984375 0.08855265312499999 0.12158239062499998
0 0.08521831640625 0.353107428125 0.0829962921875 0.11971669062499997
0 0.0474936296875 0.466051265625 0.0827197125 0.12566690937500002
0 0.11020409296875 0.57938184296875 0.09076219218750001 0.12993905468750003
0 0.20058834765625 0.55345949921875 0.08775654218750002 0.1280114140625
0 0.2429478390625 0.42723632734375006 0.09054624374999998 0.12277101406250006
0 0.33118208281249994 0.3999739390625 0.0918061125 0.12474276249999998
0 0.30351107890625 0.5243925632812501 0.0908859390625 0.12250814843749999
0 0.26630611875000004 0.29634361796875003 0.08987271250000002 0.11881040781250003
0 0.1746338859375 0.32242969609375 0.088767721875 0.1195149078125
0 0.14452600625 0.44396385625 0.089618628125 0.132713696875