0 0.76640625 0.134375 0.0984375 0.0453125
0 0.7703125 0.17734375 0.1015625 0.0515625
0 0.77578125 0.23046875 0.109375 0.059375
0 0.778125 0.2921875 0.1140625 0.0625
0 0.7859375 0.353125 0.1203125 0.0703125
0 0.690625 0.37890625 0.1203125 0.071875
0 0.68671875 0.31640625 0.1125 0.065625
0 0.68515625 0.259375 0.1078125 0.0578125
0 0.68359375 0.11015625 0.0953125 0.0453125
0 0.68671875 0.19296875 0.10625 0.0546875
0 0.68203125 0.153125 0.0984375 0.0484375
0 0.58515625 0.41328125 0.125 0.071875
0 0.5890625 0.3484375 0.1171875 0.06875
0 0.590625 0.28671875 0.115625 0.0625
0 0.59453125 0.22890625 0.1078125 0.0578125
0 0.596875 0.1765625 0.1 0.0515625
0 0.60546875 0.08046875 0.0921875 0.0453125
0 0.59921875 0.1296875 0.0953125 0.05
0 0.52578125 0.04765625 0.0921875 0.04375
0 0.52421875 0.08671875 0.0953125 0.0484375
0 0.51484375 0.1453125 0.1 0.05
0 0.50859375 0.1859375 0.1078125 0.0546875
0 0.5 0.25234375 0.1078125 0.0578125
0 0.45 0.0359375 0.0890625 0.0421875
0 0.44296875 0.071875 0.0921875 0.0453125
0 0.43359375 0.1234375 0.0953125 0.0484375
0 0.42421875 0.15546875 0.10625 0.053125
0 0.41484375 0.2125 0.10625 0.05625
0 0.39453125 0.32890625 0.1171875 0.06875
0 0.40625 0.27890625 0.109375 0.059375
0 0.36484375 0.47109375 0.1265625 0.078125
0 0.38125 0.403125 0.121875 0.06875
0 0.26171875 0.4328125 0.1296875 0.078125
0 0.2890625 0.365625 0.1203125 0.06875
0 0.30625 0.30546875 0.1125 0.065625
0 0.31875 0.23828125 0.1125 0.0609375
0 0.36796875 0.046875 0.09375 0.04375
0 0.284375 0.06484375 0.0953125 0.0421875
0 0.35859375 0.08671875 0.0953125 0.04375
0 0.26796875 0.0984375 0.0984375 0.0484375
0 0.3453125 0.13125 0.0984375 0.0515625
0 0.33359375 0.184375 0.103125 0.0546875
0 0.25390625 0.16015625 0.0984375 0.0515625
0 0.21953125 0.25703125 0.1109375 0.0625
0 0.2390625 0.2109375 0.1046875 0.0515625
0 0.203125 0.3328125 0.115625 0.0625
0 0.175 0.38046875 0.1265625 0.075
0 0.496875 0.3109375 0.1140625 0.059375
0 0.4890625 0.35703125 0.121875 0.071875
0 0.478125 0.43984375 0.1265625 0.075