0 0.78356536953125 0.25969408203125 0.13172568281250002 0.0692335859375
0 0.7778333914062501 0.18118056796874998 0.12991287031250004 0.0662229515625
0 0.76787223203125 0.12438480468749999 0.12967021718749994 0.065959359375
0 0.7585394273437501 0.025340623437499998 0.10949553906250005 0.050681246874999995
0 0.7668174296875 0.06180290546875 0.10157745312499991 0.06001734843749999
0 0.68118211875 0.30071279609375 0.12479326562499997 0.0764279734375
0 0.67735819453125 0.23309936484375 0.12003231718749996 0.0747245953125
0 0.6759305984375 0.17538031328124998 0.12172025312499998 0.07264793593749999
0 0.6804811562499999 0.11086878281249998 0.12287594999999998 0.057934603125
0 0.6760394109375 0.061513962500000005 0.13332683125000006 0.05384679375
0 0.681455196875 0.01912951953125 0.10033762500000006 0.0382590390625
0 0.5760498640625 0.362510140625 0.12794596875000003 0.08052490937499997
0 0.57270903125 0.2852714078125 0.11859854062500004 0.07304559375000004
0 0.57325404765625 0.2094281546875 0.11561320468749994 0.07053472499999999
0 0.579825890625 0.16736921953125 0.11594264687500004 0.0429043390625
0 0.5849691179687501 0.09579124765625 0.10445739843749999 0.058257623437499996
0 0.5894005640625 0.043709196875 0.09495499375000005 0.05464211875
0 0.595694134375 0.01019453125 0.09354079999999998 0.0203890625
0 0.46096778984375 0.4208994671875 0.13462245468749998 0.08714188749999999
0 0.46470572968749996 0.3456871703125 0.12491104374999998 0.07506440000000003
0 0.4759375515625 0.27187120234375 0.12494292187500004 0.08317901718750002
0 0.48032962578125 0.212988896875 0.11226743906249999 0.07061240624999998
0 0.48990206796875 0.15328063359375 0.11373752656249998 0.06224941718749999
0 0.5055238578125 0.09947159609375 0.12475251875 0.0608812296875
0 0.5089887656250001 0.0383537109375 0.11197430312499997 0.05379499375
0 0.51690639609375 0.011265775 0.08481348593750004 0.02253155
0 0.33189562734375 0.45810891875 0.12860130781249998 0.08137661562500006
0 0.3521406546875 0.38650277734375005 0.122546509375 0.07544677968750002
0 0.381179171875 0.33134003125 0.136877165625 0.06808019687500004
0 0.3809414109375 0.2585575234375 0.11101167187499997 0.08644712499999999
0 0.39383863515625006 0.19609188828125 0.1108549203125 0.0654870546875
0 0.40743564765624996 0.14285204999999998 0.12213471406250002 0.05348722187500001
0 0.4216020546875 0.09323729765625 0.100645809375 0.06338297343749999
0 0.4289573703125 0.03694463828125 0.09443514687499999 0.0573083984375
0 0.23739223437499998 0.45376250234375004 0.126236771875 0.08033295156250002
0 0.25810678828125 0.36243161015625003 0.11599312343749997 0.07730710468749998
0 0.27619615781249995 0.29601546640625 0.11911661250000001 0.06962817031249999
0 0.29510237890625 0.22902731875 0.11346033281250004 0.06975310937500001
0 0.311475153125 0.17396588671875 0.11183615312499998 0.062266170312499994
0 0.32224442734375 0.12072726953125001 0.10052625781249999 0.05998688593750001
0 0.33454790624999997 0.06777677578124999 0.09941926250000002 0.053260220312499995
0 0.14243593984375 0.41026109999999993 0.1185276890625 0.07574083437499998
0 0.17609841171875001 0.3436016484375 0.12447976093749999 0.07478248437500001
0 0.2041373046875 0.28365174687500005 0.13546287499999998 0.07349810312499998
0 0.22014791484375001 0.22544515859374997 0.1239749640625 0.0691726203125
0 0.23214018906250003 0.16158862578125 0.10217965625 0.06372425156250001
0 0.24976434999999997 0.10454072421875 0.10609397187499998 0.06679581718750001
0 0.26407821015625005 0.0565158484375 0.09411013906250001 0.053232796875
0 0.023244715625000002 0.1814442125 0.035048590625 0.03936498749999999
0 0.036213484375 0.13343338359375 0.06417894062499999 0.0503635296875
0 0.050646003125000005 0.08978642343750001 0.093486678125 0.04406990000000001
0 0.015561307031249999 0.0801755640625 0.026405164062499997 0.03282274687500001
0 0.34836043671874994 0.02199028359375 0.0986778984375 0.0439805671875
0 0.43634457031250007 0.01011039296875 0.07094025312500003 0.0202207859375