0 0.86608659140625 0.37749187890625 0.1586300890625 0.13086201093749997
0 0.8454222203124999 0.4931155421874999 0.16354022187500003 0.12880850312499997
0 0.81760631015625 0.610710628125 0.1630577953125001 0.11997825312499995
0 0.8000147890625 0.73300760234375 0.1702074500000001 0.12464061093750001
0 0.78186730703125 0.85026942734375 0.16574256406249993 0.13164936406250005
0 0.7380953070312499 0.26953201328125004 0.15686944843749995 0.1437326765625
0 0.7117278476562501 0.4086852546875 0.14907802343749993 0.12337690937499998
0 0.68930631953125 0.5223371796875 0.15691989843749993 0.12182855625000003
0 0.67332279375 0.63268125703125 0.157536871875 0.12085032343749998
0 0.6584322046875 0.75401284453125 0.15955598750000002 0.1253794109375
0 0.6375273281249999 0.8803284250000001 0.160881109375 0.12495488437500005
0 0.5059110375 0.89780889296875 0.15229655937500003 0.13015283281249984
0 0.5172059382812499 0.7782213609375 0.14512565156249996 0.12757524375000004
0 0.53504488515625 0.6576792921875001 0.15193717656250003 0.12638229687499997
0 0.5565744921875 0.5489518210937501 0.14032085937499997 0.1203830296875
0 0.56495528359375 0.43527612656250003 0.15373234218750004 0.11949530000000004
0 0.591585896875 0.3143989328125 0.15664549375000006 0.12386476562500004
0 0.62212029140625 0.19155607578125 0.15302507656249995 0.12530947343749999
0 0.50394430390625 0.12336897890625001 0.14471670156250002 0.1387963578125
0 0.4821093328125 0.23449720468750002 0.14493976875000003 0.114410053125
0 0.466439825 0.35550000156249995 0.14324905937499993 0.11494483125000002
0 0.43054808359374996 0.4659702484375 0.13550897656250002 0.11799877187500005
0 0.42407779218749997 0.57350369375 0.13987029687499994 0.11909958124999998
0 0.40494878828124997 0.68859033046875 0.1403305859375 0.11840191093750008
0 0.3722164 0.8056803374999999 0.15131222812500003 0.12397583437500001
0 0.35686346640625 0.9133702703125 0.1493807453125 0.13485386874999997
0 0.3750591046875 0.06066233359374999 0.14314814999999997 0.0850665078125
0 0.36581738750000004 0.1654768703125 0.13708107500000005 0.11506577500000001
0 0.35422749296875 0.2741753296875 0.13759713906249998 0.10665180937499996
0 0.32989588828125 0.38415198203125 0.1399216359375 0.11779392968750005
0 0.30678274921875 0.49283338125 0.13473089218750003 0.11706827499999992
0 0.29222989765624996 0.5993797890625 0.1381486109375 0.11846197500000004
0 0.27519894375 0.71397606328125 0.13355713125000004 0.12137522343750007
0 0.248068053125 0.8200176453125 0.140950215625 0.1229737687500001
0 0.2354820890625 0.921183834375 0.136575621875 0.11932914062499993
0 0.1068803609375 0.85254393984375 0.12602772812500002 0.11363012343750008
0 0.13784963437500003 0.73839719296875 0.12971719062500003 0.11879844843749998
0 0.16137514687500001 0.62567054765625 0.1418681625 0.1194031640625
0 0.18200958984375 0.518809553125 0.13435203281250002 0.11974624375000005
0 0.20022340390624999 0.41375921953125 0.13806097343749998 0.11074894843749998
0 0.22187364375000002 0.299729396875 0.13259582187500002 0.10971725937500003
0 0.23814493359375 0.19947773671875 0.13052979843749998 0.10881802031249999
0 0.2575478640625 0.08435466953125 0.134199784375 0.10855475156250001
0 0.13161067265624998 0.11550006406249999 0.1286337265625 0.10633916875000002
0 0.11661583828125 0.23208659531249998 0.1280636640625 0.10528936562499999
0 0.10202314296875001 0.333987078125 0.1265995640625 0.10558062187499999
0 0.08093721484375 0.43822262187499994 0.1234943234375 0.10880650937499996
0 0.0588703609375 0.5464144203125001 0.10021940625 0.10827173437500007
0 0.05451744609375 0.6529756585937501 0.08823445156250001 0.11647180156249996
0 0.04257623984375 0.76347121484375 0.0604615078125 0.11239766718750008