0 0.185893040625 0.70828675859375 0.15756766250000004 0.12470390468749999
0 0.1953928703125 0.5879144796875 0.162967690625 0.12013135312499994
0 0.196358571875 0.47312939765624995 0.16290439687499997 0.11394167343749997
0 0.20596156484375 0.35759295390625 0.17250306093749998 0.1277814953125
0 0.21210961328125003 0.23710519999999996 0.16856498281249999 0.13179250625
0 0.32082650546874997 0.7757417421874999 0.15528308906250002 0.13173136874999997
0 0.32562013125 0.647208796875 0.14891820625 0.11668799999999999
0 0.32929433750000003 0.52487283984375 0.15786217812499997 0.1131833484375
0 0.33502002109375 0.41502265468750005 0.15913356093750003 0.11498855625000001
0 0.3466071046875 0.30068706015625 0.16226004374999997 0.11842805468749998
0 0.34480677890625 0.1801230828125 0.16381462343749997 0.11815281249999998
0 0.4763425625 0.1269193765625 0.15554798124999997 0.12193865
0 0.47579917734375005 0.23991107734375 0.1477654390625 0.1217460546875
0 0.47613882499999993 0.36322080234375 0.15253410625 0.12031992968749998
0 0.4598284671875 0.47588644999999996 0.14055893437499994 0.11093919375000008
0 0.460686609375 0.5894319664062501 0.15422728125 0.11615099531249999
0 0.45420798281249997 0.7102421734375 0.155196465625 0.11925554687500002
0 0.43248071015625006 0.8326013234375 0.1516135421875 0.11750987812500009
0 0.5554738718750001 0.87899198671875 0.14303771562500006 0.12315710781250004
0 0.56498739140625 0.76409416875 0.14563846093750002 0.11317355312500003
0 0.56952498515625 0.64189969140625 0.14314333593749992 0.10884317343749998
0 0.58199672890625 0.53351903203125 0.13663385156250002 0.11120079218749997
0 0.5848364671875 0.425578415625 0.14136521250000006 0.11218637500000002
0 0.5909077703125 0.3120839234375 0.1436464375 0.11224591249999998
0 0.6059344609374999 0.196374096875 0.1547693625 0.11886876562499997
0 0.59724585390625 0.08580252421875001 0.1533030765625 0.1232724953125
0 0.679381703125 0.80925552734375 0.13483603749999995 0.11370670781249989
0 0.6841201984375 0.6967843328125 0.136059778125 0.10779980937499997
0 0.697529934375 0.5927250828125 0.140215103125 0.10833890624999994
0 0.704385371875 0.47730524531249996 0.136279684375 0.111449071875
0 0.70057038828125 0.37512017421875 0.13744977656249996 0.10987288593750004
0 0.710690378125 0.26020547109375 0.136132425 0.11318912656250002
0 0.7231706499999999 0.152511809375 0.14488317187499994 0.11615115937499998
0 0.850083753125 0.10058356875 0.12688793125000003 0.108146478125
0 0.8423734062499999 0.20595078359374996 0.1309559406250001 0.11288692031249999
0 0.83039218046875 0.3181123328125 0.14318399218749994 0.11154729374999998
0 0.8252534234375 0.42932862109375 0.13641562187500006 0.11002679531249995
0 0.8179466859375001 0.537586015625 0.13926589687500002 0.10706074687499996
0 0.81134985 0.644170796875 0.1325348312500001 0.10867176249999995
0 0.8034195687500001 0.7520065312499999 0.12933206250000007 0.10754190000000001
0 0.7974690531249999 0.86261886484375 0.13360530937499995 0.10636020156250012
0 0.9208215210937499 0.8070569437499999 0.1269712046875 0.1041988593750001
0 0.92042187265625 0.692493928125 0.1278467828124999 0.11026913437500001
0 0.9221678921875001 0.5944114093749999 0.12591805312499993 0.10259956562500001
0 0.9276516257812499 0.49028661796875 0.12369047656250007 0.10391800468749998
0 0.72290534765625 0.051445234375 0.13138807031250002 0.10289046875
0 0.689257959375 0.92167570859375 0.14593465000000005 0.0991045953124999
0 0.94125259140625 0.37660051015625007 0.11749481718750002 0.10615621718750004
0 0.9388969078125001 0.27136471093750003 0.12220618437499997 0.10565789687500002
0 0.9478315109375 0.1648093484375 0.10433697812500001 0.109081821875