0 0.8010351968749999 0.337426265625 0.1302984843749999 0.06932509687500002
0 0.8132919062500001 0.256229159375 0.12979783125000005 0.06828203749999999
0 0.8272774937499999 0.20526996718749996 0.13020108749999998 0.063454840625
0 0.8568019734375 0.09964404140625 0.106546134375 0.053056095312499996
0 0.8461332804687499 0.14869341640625 0.10141186093749992 0.048115845312499995
0 0.68000551328125 0.34832671796875003 0.12183487968750004 0.07242910781249998
0 0.7016714171875 0.284843659375 0.11935404687499993 0.06477477500000002
0 0.7304032539062499 0.22013152734375002 0.1221102734375 0.06319025468750002
0 0.747808490625 0.1591420296875 0.12388475312499994 0.05921299062499998
0 0.7569630218750001 0.115707275 0.132487371875 0.050950450000000015
0 0.7804007609375001 0.066436215625 0.1005134656250001 0.0486388125
0 0.5643895328124999 0.37590790859375 0.13104094374999997 0.0736280640625
0 0.58547566328125 0.30267528828125 0.12112012656250001 0.06914633281249997
0 0.6117447109375 0.22659027031249995 0.12090314062500003 0.06756928124999999
0 0.63004982890625 0.1916340328125 0.11601092031249997 0.043955453124999974
0 0.6607451859375001 0.12070075234375 0.10779212812500001 0.056063254687499994
0 0.6813530359375 0.07326991953124999 0.097748840625 0.0445179390625
0 0.70035353359375 0.03117569296875 0.09919790468749996 0.041106492187499996
0 0.44029780781250005 0.40764661249999995 0.13425345000000002 0.07907967187499998
0 0.4695650203125 0.3368352578125 0.12671054999999995 0.08171287812500001
0 0.49265663281250005 0.26423798984375 0.12833761250000003 0.07031162656249998
0 0.5230850374999999 0.198341775 0.115513025 0.061395149999999996
0 0.5506031859375 0.1546540421875 0.11207538750000001 0.054326971875
0 0.57899305234375 0.10244485234375 0.13112442656250006 0.050242057812499984
0 0.6034571 0.04304122421875 0.11567711249999997 0.0465015734375
0 0.6222537554687501 0.0154368 0.0935935640625 0.0308736
0 0.29976021328125 0.4080302859375 0.1324705765625 0.076144659375
0 0.340180509375 0.34387874687500003 0.12742530312500003 0.06990274375000002
0 0.39393035390625003 0.2936561078125 0.1413012140625 0.06464943124999997
0 0.42271474453125 0.21837858359375 0.11262881406250003 0.06747679531250002
0 0.44920259531249995 0.16155917734375 0.11135223437499997 0.0597297515625
0 0.47768008359375 0.11859280234375 0.12074193593749998 0.048737960937500005
0 0.50703371484375 0.07462484375 0.10255769843750003 0.05192595312499999
0 0.5283159648437501 0.025254850000000002 0.09811875468749998 0.04224329375
0 0.21765754296875 0.37468344765625 0.13319648906249998 0.07698172343750001
0 0.26797640859375005 0.29658827187500003 0.12429627968749997 0.07126197187500001
0 0.30269365234375 0.23086019843749997 0.12269152968750001 0.05962830625
0 0.33732890703124996 0.1779152734375 0.1165837796875 0.06634205937500001
0 0.36971415703125 0.1229379875 0.11532111406249998 0.060538325000000004
0 0.4031840265625 0.0741578953125 0.103695265625 0.048154909375
0 0.43216498046874996 0.024845389843750003 0.1029109390625 0.0428407015625
0 0.13147285234375 0.3046702921875 0.12386243906250001 0.06775137500000002
0 0.1867107359375 0.25099121406249997 0.12638513750000002 0.068544784375
0 0.23602019140625 0.19823181875 0.1387063109375 0.05741811250000002
0 0.27388721250000003 0.14907652031250002 0.131079928125 0.06107024999999999
0 0.29973495234375 0.0865443515625 0.10567832656250001 0.053636043749999994
0 0.3331120109375 0.04503472890625 0.11053168437499998 0.0542781421875
0 0.36524215546875 0.01083131796875 0.09602596406250004 0.0216626359375
0 0.09762316484375 0.048691159375 0.06782480781250001 0.037166674999999996
0 0.11907408046875001 0.011377432812500001 0.09515744531249999 0.022754865625000002
0 0.545572553125 0.006763836718750001 0.08938711249999995 0.013527673437500002
0 0.45703125 0.00859375 0.1109375 0.0171875