0 0.81126361796875 0.411641340625 0.13013603281250008 0.072610690625
0 0.82906668984375 0.33075669140624997 0.1296624203125 0.07284249843750001
0 0.8419872414062499 0.28108466249999997 0.1301106296875001 0.069586534375
0 0.8762742218749999 0.18144871093749998 0.10644636562500001 0.05855514062500002
0 0.8597284914062501 0.22535546328125 0.10129959843749994 0.049028848437500015
0 0.693713621875 0.41049690703124997 0.12182260937499993 0.07641907031250002
0 0.707619246875 0.34741465390625004 0.11922027500000007 0.06794331093750001
0 0.73326166875 0.28518876718749997 0.12203164687500001 0.06575019062499998
0 0.7588348445312499 0.22813613125 0.1237979828124999 0.06291178124999999
0 0.77734907421875 0.1831776953125 0.13231918281250002 0.055242431250000015
0 0.7926708328125 0.13526505859375 0.100447825 0.052129479687499994
0 0.58427702734375 0.428999640625 0.13108435468750007 0.07680458437500004
0 0.600445203125 0.3603669375 0.12105303125000004 0.07337845000000001
0 0.6289611781250001 0.28465379296875 0.12089353125000005 0.07017752656249998
0 0.64773783984375 0.25160058828125 0.1158784984375 0.04903789843749999
0 0.6771532 0.18208147734375 0.10773183125 0.057579385937500005
0 0.6892197796875 0.13890120234375 0.09770287500000005 0.047240157812499996
0 0.71656926640625 0.09098711796875 0.09914421406250007 0.045481060937500005
0 0.45545381328124995 0.44651219140625004 0.13415193906249998 0.08280526718749996
0 0.48445563828125 0.38353193515625 0.12662749843750004 0.08516936718749997
0 0.51368021328125 0.3107525546875 0.12825247656250002 0.06979283124999998
0 0.5405925203124999 0.24563956406249998 0.11543991250000003 0.059543143749999985
0 0.569005925 0.20365817578124998 0.11193626875000007 0.05813261406250001
0 0.5941990109375 0.15409752890625 0.13110612812499997 0.0532432890625
0 0.6154867054687501 0.09770186328125 0.11561992343750002 0.0483835609375
0 0.6367847195312499 0.065404290625 0.0935661203125 0.042440440625
0 0.31379744921874997 0.43214224140625 0.1324520203125 0.0779669046875
0 0.35385520234375 0.37627402734375004 0.1273970734375 0.07275371093750001
0 0.40506353359374997 0.32608637578125 0.14127281718750004 0.06751996718750002
0 0.43179321484375005 0.25786874375 0.11256086093750003 0.06906616875
0 0.46271430625 0.1991371609375 0.11123311249999998 0.061840703124999986
0 0.49123165703125 0.160281146875 0.12057705468749998 0.052878328125
0 0.52312077265625 0.11636274531250002 0.10252464531249998 0.054870050000000004
0 0.54191868671875 0.0744908140625 0.09807377968750002 0.045148959375000006
0 0.23194146328125004 0.39064485 0.1331902015625 0.08018961875000001
0 0.281300575 0.31588761640624996 0.12435126250000002 0.07264273593749997
0 0.31425608828125 0.25617638046874996 0.12266349531250001 0.06220566718750002
0 0.35106008749999995 0.20572034765625 0.11657676562500004 0.0687833953125
0 0.3835124671875 0.15422398203125 0.11525264374999997 0.0641645265625
0 0.41910343359375 0.10726548046875002 0.10364461718749998 0.050958926562500007
0 0.4448795171875 0.06058774765625 0.10285689687499996 0.0432114640625
0 0.154315446875 0.31495114609375 0.12386077499999999 0.06882448906250001
0 0.20958826484375 0.26777581328125 0.1263025015625 0.06980514531250001
0 0.2580389453125 0.21553231171875004 0.13860643125 0.05831591406250001
0 0.29459038359375 0.170486640625 0.1310602171875 0.06261914375
0 0.32168401796875 0.11419478671875001 0.10563687343749999 0.055406810937499995
0 0.35433999296874996 0.07317413828125 0.11050455156250001 0.05283308281250001
0 0.379396996875 0.0308736 0.09674839375000004 0.03449394375
0 0.10573929062500001 0.0511252375 0.06780689375000001 0.037190234375
0 0.12870400234374998 0.017305923437500002 0.09586522656249999 0.027851953125000002
0 0.47139849218749996 0.03202186171875 0.09691152812500006 0.029306335937500004
0 0.5680986140625001 0.041199271875000006 0.09772338437500006 0.036309053125000004