0 0.7502859015625 0.74551094765625 0.1356226843749999 0.16708471718749998
0 0.6308649656249999 0.766881253125 0.131295275 0.175423090625
0 0.5141102742187501 0.7910034078124999 0.1318601765625 0.16921533749999992
0 0.39496591328125 0.8095848648437499 0.13127062031249997 0.17203595781250006
0 0.2761643421875 0.83695666171875 0.13718327187499998 0.1660107328125001
0 0.79748086328125 0.60502919453125 0.1317038765625001 0.16333392968750005
0 0.66988913984375 0.6229865328125 0.13025266718749995 0.16157134687500002
0 0.5581004804687499 0.64192545625 0.11798245781250002 0.16416056875
0 0.4423960734375 0.67061260703125 0.11958115 0.15208577031249995
0 0.32792208437500003 0.6947591984375 0.123165990625 0.15221802499999998
0 0.19423525703125 0.719469265625 0.1462560984375 0.159808759375
0 0.8378081375 0.46129246015625 0.12703481249999998 0.15815128906249995
0 0.71445006328125 0.4890300015625 0.1268989859375 0.153381171875
0 0.5991221351562499 0.50671819609375 0.12377579218750005 0.15375060781250002
0 0.48461165781250004 0.53542993671875 0.11903716874999999 0.14235144843749997
0 0.37119450703125 0.54519940546875 0.13000962656250006 0.15555908281250003
0 0.2568018546875 0.577173803125 0.1310192125 0.15726701250000003
0 0.12806515234375 0.611424903125 0.1356627296875 0.15848463124999998
0 0.0724859140625 0.4983470132812499 0.144971828125 0.15923227031250003
0 0.18988818125 0.4772053546875 0.135156178125 0.14508150625000002
0 0.30711313125000006 0.44986028828124996 0.120537240625 0.14516488593749996
0 0.421078534375 0.42086120390625004 0.11958929374999996 0.13989307968750003
0 0.52739119921875 0.40599223125000006 0.11817200156250003 0.14531728750000003
0 0.63882361015625 0.3797942125 0.12571217968750004 0.142815828125
0 0.75615496796875 0.35542839374999996 0.12944121718749999 0.15070418437499997
0 0.8693863765625001 0.33728973359375003 0.12682457187500001 0.15271990156249998
0 0.1125 0.1234375 0.15625 0.1859375
0 0.2296875 0.11171875 0.1515625 0.1671875
0 0.33203125 0.0875 0.153125 0.175
0 0.4359375 0.07890625 0.1625 0.1578125
0 0.553125 0.06796875 0.159375 0.1359375
0 0.65 0.05390625 0.165625 0.1078125
0 0.76796875 0.04375 0.1703125 0.0875
0 0.83671875 0.09921875 0.153125 0.1859375
0 0.72109375 0.12890625 0.15625 0.1890625
0 0.60859375 0.14609375 0.1609375 0.1796875
0 0.50546875 0.16640625 0.153125 0.1734375
0 0.39296875 0.1859375 0.1578125 0.19375
0 0.28515625 0.20859375 0.1453125 0.1765625
0 0.1765625 0.2296875 0.153125 0.1984375
0 0.0734375 0.25078125 0.146875 0.1796875
0 0.04375 0.36640625 0.0875 0.1921875
0 0.1421875 0.3578125 0.1671875 0.2109375
0 0.24609375 0.33671875 0.1609375 0.1953125
0 0.35390625 0.3140625 0.159375 0.196875
0 0.46328125 0.29375 0.1609375 0.1984375
0 0.5703125 0.2765625 0.1671875 0.1953125
0 0.6765625 0.246875 0.1609375 0.19375
0 0.796875 0.21796875 0.1640625 0.2
0 0.88671875 0.21171875 0.140625 0.1953125