0 0.42808045703125003 0.18255073046875 0.8561609140625001 0.09579082968750001
0 0.4342838390625 0.2034313078125 0.868567678125 0.09499966562500002
0 0.439036475 0.22585638437500002 0.87807295 0.09587063749999998
0 0.4455925515625 0.2517161375 0.891185103125 0.09811976874999999
0 0.45494513984375 0.28568951640625 0.9098902796875 0.1100116828125
0 0.44564624999999997 0.32639401640625004 0.8912924999999999 0.09934308281250001
0 0.43984910078125 0.35823104843750003 0.8796982015625 0.09178709687500004
0 0.4856064 0.41865867734375 0.799450834375 0.0787268171875
0 0.4828125 0.4453125 0.8203125 0.0875
0 0.4875 0.4734375 0.8421875 0.0921875
0 0.49396096171875004 0.49972620078125 0.8618718203124999 0.08120522656250007
0 0.4855351546875 0.53125646796875 0.8773769718750002 0.08119560156250002
0 0.49766150546875 0.559508440625 0.8391218015625 0.06746565312500001
0 0.49472113515625005 0.58048397578125 0.8162332765625001 0.06003392968750001
0 0.48527256718749995 0.61749179296875 0.718168728125 0.05677092968749999
0 0.4907578359375 0.64172170703125 0.73638625625 0.060819976562499975
0 0.49355942812500003 0.6704425734375 0.7453495281250001 0.060832321875000074
0 0.4952123515625001 0.69489728984375 0.7590942875000001 0.06288503593749999
0 0.49742787734375005 0.7267385531249999 0.7834223109375 0.05221620625000005
0 0.5024216773437501 0.7513301554687499 0.7592362484375001 0.04043590781250002
0 0.5034763296875 0.76400147265625 0.7266777781250001 0.036549014062499996
0 0.49009316328125 0.7864955124999999 0.6734821984375001 0.05364111874999997
0 0.49390659453124997 0.8132500718749999 0.6807603984374999 0.059263359374999956
0 0.49298788515625 0.8393806843749999 0.6991112796874999 0.06184229375000001
0 0.4938610484375 0.8699079304687501 0.71598923125 0.06409415156250002
0 0.49748195390624994 0.9007572078125001 0.7258361765625 0.058742546875000023
0 0.5279777843750001 0.9593027484375 0.6431733593750001 0.03759060000000005