0 0.15265907265625 0.32435221015625004 0.16228853281250002 0.12786127031250002
0 0.1475687609375 0.4372904859375 0.159269203125 0.126941196875
0 0.14392605390625 0.5511338140625 0.1572303484375 0.12096485625
0 0.14776758437499998 0.6575678515625001 0.1596939125 0.11250224687499992
0 0.14372002890625 0.7595107023437501 0.14738693906250003 0.1229071453125
0 0.2623704296875 0.8230339749999999 0.14635163749999996 0.1043154187499999
0 0.26730611015625 0.7125040289062501 0.1370651859375 0.10397528593750005
0 0.27357974921875 0.612007871875 0.1507600234375 0.10937091562500001
0 0.278181884375 0.5070249640625 0.155769146875 0.11122602500000003
0 0.28267147187499997 0.38826524453125 0.15095048437499997 0.11128932343750005
0 0.2849323203125 0.26836800703125 0.15958256249999997 0.12229411406250001
0 0.36925543671875 0.8778881625 0.1401785484375 0.09711641874999995
0 0.38385645625000003 0.7733905562500001 0.141365603125 0.10241119999999997
0 0.39644086484374996 0.668689571875 0.1425798203125 0.11446213749999998
0 0.3961414953125 0.55810721171875 0.13989116562499998 0.1026583515625
0 0.407671846875 0.4560880265625 0.14554143125000002 0.11009951249999998
0 0.41268712734374996 0.34048686953124996 0.14314881718750003 0.1182968453125
0 0.41783949062500003 0.21896184062500001 0.15567799375000005 0.12803409375000002
0 0.48346800000000006 0.91826783359375 0.13018338750000008 0.09206197656250001
0 0.486590771875 0.8233571999999999 0.13275084062500006 0.09473943437500001
0 0.50578137890625 0.7135977375 0.14502029843750003 0.10932128125
0 0.51385845546875 0.6180996773437499 0.13062372031249997 0.1123795828125
0 0.5236964757812499 0.51530309296875 0.13755915468749996 0.10548211406250001
0 0.53085306953125 0.4100641578125 0.1364574796875 0.11411860000000003
0 0.5472987445312499 0.29242316640625 0.14564243281250003 0.1214993421875
0 0.547756184375 0.16893360546875 0.14815505624999997 0.1284474984375
0 0.59806114765625 0.9602518937500001 0.1359202265625 0.07949621249999997
0 0.6035179578125 0.867613690625 0.13091687500000004 0.09780483437499984
0 0.60170086015625 0.7699263921874999 0.12763613593750006 0.09300751562500009
0 0.6181413906250001 0.6727228484375 0.12782082499999997 0.09964023750000006
0 0.634404409375 0.5729327054687501 0.13478680937499998 0.11021402343750006
0 0.64394063046875 0.4679959453125 0.13985364843750006 0.10262420937499997
0 0.65657263671875 0.3723556828125 0.13586082031249996 0.129617359375
0 0.6707708304687501 0.25604733749999997 0.14036612656249997 0.115445509375
0 0.68001186015625 0.1375300046875 0.14500417656249995 0.11779491874999999
0 0.7063988390625 0.9193042468750001 0.12915674374999994 0.0869113875
0 0.71840991484375 0.828532728125 0.12822822031249997 0.09283862499999991
0 0.73365123125 0.73711316171875 0.13246056875 0.09659190781250002
0 0.7490252789062499 0.64519846640625 0.13555492656249993 0.10024564218750003
0 0.7568859328125 0.52979133359375 0.1335218437500001 0.10103044218749994
0 0.7751162671874999 0.4290973546875 0.13138029062499995 0.10567752500000002
0 0.79133312109375 0.32096156796875 0.14000371093749991 0.1130433015625
0 0.8044648625 0.20288931093749998 0.13576270312499988 0.11402562187499998
0 0.8209044421874999 0.8843529921875 0.12229056875000008 0.09098063437500006
0 0.83302543984375 0.78331160078125 0.12500977343750003 0.09347371718749997
0 0.8460885546875 0.68554095 0.12845211875 0.09372244687500002
0 0.8586239093750001 0.58746865078125 0.12355265312499997 0.1029412265625
0 0.88171678203125 0.48660505390625 0.12633942343749993 0.10285980156250005
0 0.9022627125 0.37940727421875 0.12579351562499994 0.11005381406249999
0 0.91525945859375 0.270918940625 0.13437653281249987 0.11286390937499999