0 0.8012955515625 0.7349658398437501 0.139600734375 0.15717954843750004
0 0.6893906289062499 0.766738521875 0.1234523828125 0.1615954781250001
0 0.56861592578125 0.80369822265625 0.12340240781249996 0.16152931406249998
0 0.45417912265625004 0.83177806796875 0.1411303765625 0.17199747968750004
0 0.3403335421875 0.858934790625 0.145019365625 0.17168005000000006
0 0.83483963828125 0.5882533671875001 0.12013693906249996 0.15217381562499996
0 0.70380803203125 0.6151477328125001 0.12215771093749997 0.14953321874999997
0 0.59148264140625 0.644271928125 0.11624297968750001 0.15661780624999996
0 0.473415728125 0.67536482890625 0.12155537812499997 0.1592723078125
0 0.3613824078125 0.711909265625 0.12389719062500001 0.16413155000000001
0 0.23479635937499999 0.74898238359375 0.12083556250000001 0.16427108593750006
0 0.152209378125 0.6381903617187501 0.12488441875 0.15982709531249997
0 0.26947968359374996 0.5977311085937499 0.12320353593750002 0.1518530421875
0 0.38881588046875004 0.56478106484375 0.12389222343750003 0.15129825156249996
0 0.50193075078125 0.54274103984375 0.11838620468749994 0.14092430781249998
0 0.61417928515625 0.50442016953125 0.12412719218749997 0.15039127968750005
0 0.736003540625 0.47403228984374995 0.12749129999999997 0.14756223281249997
0 0.85881945 0.44880787968749997 0.12109800625 0.14564041562499996
0 0.8729470656249999 0.32142451640624997 0.1157005625 0.1397246203125
0 0.75921938828125 0.353170134375 0.12055193281250007 0.1426926875
0 0.63955265 0.3769527203125 0.11764388750000006 0.13976272500000003
0 0.5252465625 0.40510018671875 0.11326611250000003 0.13967570781250002
0 0.41565872578125 0.43267085078124995 0.11614171406250003 0.1402335890625
0 0.30257275546875 0.46748416718749997 0.11605798593750002 0.14459390937500002
0 0.18118049296875 0.48722648046875 0.11636908906250001 0.15605966718750003
0 0.07373811484375001 0.52826038125 0.1187234671875 0.15764345937500002
0 0.8849482921875002 0.17726224375 0.11044704687499998 0.139232646875
0 0.77020259453125 0.21574435859375002 0.1196957859375 0.13118187343749999
0 0.6664669468750001 0.2504140453125 0.11923344375000004 0.131405075
0 0.55728600703125 0.27025158828125 0.1115716359375 0.1370837640625
0 0.4417785828125 0.30077000703125 0.11913217812500002 0.13603030781249997
0 0.334281834375 0.3366647625 0.115348109375 0.13778504375000003
0 0.2267134171875 0.36191927890625 0.116291640625 0.13790011718749998
0 0.11121798515624999 0.38630834140625003 0.1134673265625 0.1475171765625
0 0.029315296875 0.42409159453124995 0.05863059375 0.14304177968749995
0 0.03621910625 0.2720515046875 0.0724382125 0.131223834375
0 0.13288946796875 0.24849563671875 0.10951448281250001 0.1330864390625
0 0.24791090390625 0.222847553125 0.1138585046875 0.14041148125000003
0 0.35750169609375 0.1971775328125 0.11511942343749997 0.13838849062499997
0 0.4642553625 0.16928969375 0.11460082187500005 0.13844769999999998
0 0.5748262351562501 0.143175153125 0.11511079531249999 0.13035496562499999
0 0.68402556640625 0.1137251203125 0.1163267109375 0.126465509375
0 0.79310483515625 0.08255800937499999 0.11471333906249992 0.1281924375
0 0.7108901125 0.02051931484375 0.10017912500000001 0.0410386296875
0 0.59672478671875 0.04166530703125 0.11773624218749994 0.0833306140625
0 0.497747678125 0.054867789062500005 0.10751387187500008 0.10973557812500001
0 0.39112262734375 0.07491836406249999 0.11147037343749995 0.1241984625
0 0.27759696953125 0.09650798828125 0.11372479843750001 0.11855812968750001
0 0.1701178984375 0.12448836015625 0.11321745000000001 0.12155451406250002
0 0.057699366406249994 0.15007516015625 0.10858979843749998 0.11797913906249997