0 0.3104843171875 0.1893346515625 0.07004098437499998 0.13603181875
0 0.23807340546875003 0.19401307343750002 0.08386252656250001 0.129061546875
0 0.17565463984375002 0.1959929890625 0.05686410468750003 0.123221165625
0 0.11793693671874998 0.1982492234375 0.047521614062499995 0.11121768750000001
0 0.0700181078125 0.1973498953125 0.05046183125 0.107164203125
0 0.33660890703125 0.30472798437500004 0.0708641171875 0.12630251874999998
0 0.27321507500000003 0.296050315625 0.066331178125 0.120559984375
0 0.20765431015624997 0.29683322890625 0.06711390468749998 0.12194868906249998
0 0.14605290078125 0.29448685859375 0.050716014062499995 0.11261757968750001
0 0.09762468359375 0.28859237578124997 0.0506213890625 0.1119533796875
0 0.04684075859375 0.28277278515625 0.0506464078125 0.10131263906250002
0 0.381952078125 0.41813654375000003 0.08201980312500004 0.132507146875
0 0.30600552734375003 0.4155898484375 0.07069301406249999 0.12408066874999997
0 0.22565425625 0.40163890703125 0.06866027500000002 0.11933662343750004
0 0.1854106734375 0.39250533046874997 0.03685422500000002 0.09999104218749996
0 0.11757376015625001 0.38833378046875 0.056662045312499985 0.10771178593750004
0 0.06487618749999999 0.38023181171875003 0.046367649999999996 0.10007731406250002
0 0.01748557109375 0.36858762421874997 0.0349711421875 0.09380557656249996
0 0.42107994140625005 0.5318083265625 0.07318710781250001 0.11307208437499998
0 0.34344895859375 0.519869803125 0.07171787656250003 0.12576971874999998
0 0.27340600937500004 0.5069032140624999 0.06328320000000001 0.12084875312499994
0 0.2091200578125 0.49571191640625 0.055515615625 0.1104967828125
0 0.15839074609375 0.48197684453124995 0.04690405468749999 0.10539607968750006
0 0.1076768328125 0.467292303125 0.05683875625 0.11860774374999998
0 0.0459764796875 0.4546360789062501 0.04943487812499999 0.13444742031250004
0 0.0129025671875 0.4513168921875 0.025805134375 0.095409309375
0 0.36723216015625 0.6376711257812501 0.06639276093750004 0.1218584296875
0 0.31433957343749996 0.60753085703125 0.06311979062500002 0.11774862968749993
0 0.23983125156250001 0.5967909453125 0.061446412500000006 0.10980661249999998
0 0.18047417968749999 0.5812722296875 0.060225428125 0.10835001875000003
0 0.13449020390625002 0.56396570390625 0.046231185937499995 0.1033092296875
0 0.0835679421875 0.5488999671875 0.047028974999999994 0.09326120312499997
0 0.03653934296875 0.53781916171875 0.04148480781249999 0.08833663906250004
0 0.0070042671875000006 0.5297897859375 0.014008534375000001 0.06960275625000004
0 0.41221755781249997 0.75416820859375 0.075498553125 0.12652378906249995
0 0.32791050625 0.728476596875 0.07676203750000003 0.115736865625
0 0.26026098124999997 0.7119576609375 0.06233690312500002 0.11354458124999996
0 0.19797908359375 0.6876641453125 0.05823486093749999 0.11217105000000008
0 0.14473329296874998 0.6710499257812501 0.0489061703125 0.11248257968750001
0 0.09541191171874999 0.64353458984375 0.052982867187500005 0.09702231718750003
0 0.045464427343749995 0.6312390812500001 0.0494695171875 0.09741613125000007
0 0.01140706875 0.61795334921875 0.0228141375 0.09266060156249996
0 0.35596002265625 0.8482084578125001 0.06997747968750004 0.115635028125
0 0.29311941875 0.8062616179687498 0.064838859375 0.1335128328125
0 0.2345950078125 0.78357219140625 0.056063893750000024 0.1285395421875001
0 0.17880925156250002 0.76103663828125 0.05187717812500001 0.11573647343749993
0 0.12204237109375 0.743013575 0.0517290015625 0.09744249062500003
0 0.07372575234375 0.72458742265625 0.047892520312500006 0.09766016093750007
0 0.02414182265625 0.704202628125 0.0436674859375 0.091842540625
0 0.43636216796875005 0.6684012828125001 0.0792601453125 0.13979614687500003
0 0.059265934374999996 0.9525281710937499 0.04409453125 0.08585361406250006
0 0.10774025000000001 0.96274791640625 0.042123371875 0.06102859843750004
0 0.0232620359375 0.9240581257812501 0.041286762500000004 0.09771287656249986
0 0.16052211484375 0.97671824140625 0.030701648437500006 0.026664854687500038
0 0.012175559375 0.9694740585937499 0.02435111875 0.05834062343749995