0 0.71546718359375 0.7965757421874999 0.1295675671875 0.158419196875
0 0.5985633531250001 0.8020262554687501 0.11731743749999994 0.16323195781250002
0 0.48519999140625 0.8054115249999999 0.11563680156249996 0.16352741875000004
0 0.37699302968750004 0.81016218359375 0.13166372187500003 0.17308252343750005
0 0.26243610156249997 0.809766884375 0.13500079062499998 0.17064608437500003
0 0.77877500546875 0.6697029070312499 0.12718599218749996 0.15381534218749993
0 0.65205884765625 0.67022771953125 0.1164677078125 0.15002745468749995
0 0.5377205453125 0.6771679765625 0.11134804062499999 0.158575
0 0.4249228578125 0.6731820898437499 0.115783375 0.16015383281249998
0 0.31283183515625 0.678354890625 0.1179751546875 0.16378474999999995
0 0.1930721890625 0.68441615546875 0.11667308750000001 0.16487886718749997
0 0.13453527578125 0.564721809375 0.12079955781250003 0.15780628749999998
0 0.2452747953125 0.5525019320312501 0.121104496875 0.1496777203125
0 0.36377449375 0.55009997890625 0.11974286250000002 0.1528435734375
0 0.47493578749999993 0.5518283421874999 0.10952938437500004 0.1411671375
0 0.58695869375 0.54684584453125 0.11811628125000002 0.15359380468749997
0 0.6992140164062499 0.54568299921875 0.12114372343750004 0.15302487031250003
0 0.8224548101562499 0.5472944234374999 0.11636422343749997 0.15017295937500003
0 0.8581813765625 0.4278174484375 0.11687371874999997 0.141383059375
0 0.745956578125 0.42857389921875005 0.11342303124999997 0.14523317656249998
0 0.6307155124999999 0.42895493046875 0.10958819062500007 0.14271485781249998
0 0.5246270390625 0.42746682578125006 0.11129316249999999 0.13798748281249998
0 0.41666744453125004 0.43782313828124997 0.1119304734375 0.14221048906249995
0 0.30934736484375003 0.43969888671875 0.11187952343749999 0.1446595640625
0 0.19357267578125 0.4365345515625 0.11756046093750001 0.15659215937499998
0 0.08591954375000001 0.44930092578125 0.11924426875000001 0.15563536406249998
0 0.7853295171875001 0.30761874140625 0.11378443125000004 0.1335787296875
0 0.68410385078125 0.31735579765625 0.11105723593750003 0.1345724859375
0 0.5748945578125 0.315665796875 0.10702949687499999 0.14019770625
0 0.45911149296875 0.315317346875 0.1123616453125 0.136599071875
0 0.36017076640625 0.3268109609375 0.10975124218749999 0.13819755625000002
0 0.25266998984375 0.32873073203125 0.11165063281249998 0.13763891718750002
0 0.14283739765625 0.3258618875 0.11407757968749999 0.14689739375
0 0.082775434375 0.20783581875 0.10685155312499998 0.12902095937499997
0 0.19543278515625 0.2046393703125 0.11063702968749997 0.131959421875
0 0.3024697421875 0.201632471875 0.11081262812499997 0.143203078125
0 0.4061484984375 0.20475758437499997 0.10978102500000002 0.13720730625
0 0.51607021015625 0.19825244999999997 0.10917115468749997 0.139605615625
0 0.62064246953125 0.1918679078125 0.11000757343750003 0.132482271875
0 0.72710274921875 0.1960388953125 0.11013849843749997 0.12916646562499998
0 0.837506025 0.19206810703125 0.10808701875000004 0.1319156796875
0 0.7678224867187501 0.08247993125 0.10583877343750006 0.11396541875000002
0 0.6577304796875 0.08728707734374999 0.11260308437500006 0.1268409109375
0 0.5613743945312499 0.09353073515625 0.10286228281250001 0.1258448109375
0 0.45902906015625006 0.09873337578125 0.10504861406249999 0.12442061093750001
0 0.04719443515625 0.33030857265625 0.0943888703125 0.13251572343749998
0 0.8991122 0.30072198203125 0.1060951062500001 0.14542827656250004
0 0.3499938109375 0.08888317890625 0.10725294062500002 0.1274110109375
0 0.24536165703125 0.0965322015625 0.1043932390625 0.128034215625
0 0.14138162265625 0.09956812421875 0.1077938046875 0.1214636640625