0 0.29104348515625 0.15608139062499998 0.12836754843750003 0.1602972125
0 0.4057420609375 0.14223904453125 0.12565021875000001 0.15882381093749998
0 0.51786338515625 0.1285205015625 0.12256796718749996 0.155985196875
0 0.6263407921875 0.12331308046875 0.11369544375 0.1593628234375
0 0.72980881953125 0.11152164765624999 0.12219506093749999 0.1482107546875
0 0.7950978765625001 0.21743810234375 0.10408737187500003 0.14801609218749998
0 0.6848938359375 0.236990115625 0.10433648124999992 0.135490140625
0 0.58155130703125 0.2562868328125 0.10998022656249998 0.150706778125
0 0.47652153437500006 0.26773816875 0.11197999062500008 0.15508282187499997
0 0.3620700265625 0.2813135796875 0.11221890625 0.149192734375
0 0.24027464687500003 0.3006120953125 0.120659765625 0.15965610625
0 0.8504560984375 0.32372741796875 0.09686684999999998 0.1416181484375
0 0.7479809609375 0.35181391953125 0.10266959687500003 0.14330955781250002
0 0.6453482976562499 0.36970910625000003 0.1135614515625 0.14332513749999998
0 0.53489763984375 0.38563251249999997 0.1036041015625 0.14038009375
0 0.43486946406250004 0.40511615546875 0.11012510624999998 0.14487033281249997
0 0.31887218984375 0.42666198515625 0.1192342015625 0.14413580156249997
0 0.19933241015625 0.441305040625 0.12844746093749998 0.15402990312499995
0 0.8957972648437501 0.43018768124999995 0.09261820781250005 0.1314645
0 0.8014920726562501 0.4499896312500001 0.09462424218750005 0.13388005937500003
0 0.68754237890625 0.47094617421875 0.1101478390625 0.14578914531250003
0 0.601860978125 0.49886785937500006 0.11243742812499997 0.13132867187500005
0 0.49455672812499996 0.5108569804687499 0.10580909062500003 0.1374618734375
0 0.38889296093750003 0.5335694164062501 0.11541323750000002 0.13723519531250003
0 0.27317346171875 0.55886838359375 0.1215723578125 0.1444931140625
0 0.15141694374999998 0.57233913046875 0.126959903125 0.14756621406250003
0 0.9467316859375 0.5430353953125 0.0883131500000001 0.13536989375
0 0.84992065234375 0.55860287578125 0.09796035468749995 0.13084244531250003
0 0.7516833921874999 0.56994868984375 0.09273491250000002 0.12725891093749997
0 0.6600747281249999 0.60118820234375 0.09986614999999999 0.12790778593750005
0 0.5586101570312499 0.62062301875 0.10985877343750002 0.13565193124999997
0 0.45108436718749995 0.63873963671875 0.10243929374999997 0.1402719484375
0 0.35151717421875006 0.6612634906249999 0.13116789218750005 0.13504112187499998
0 0.23582547265625 0.69241490625 0.11618791406249998 0.13962826250000004
0 0.1205213375 0.71255610078125 0.11862713437500001 0.14370321718749998
0 0.9038878804687499 0.6533396085937501 0.08651468281250008 0.12990200468749996
0 0.8082204328125 0.6779782703125 0.09267146562499998 0.12972463750000002
0 0.7232329656250001 0.70064415078125 0.09615403437500003 0.1332199359375
0 0.6237841726562501 0.73152375546875 0.09974001093749996 0.13655430468750004
0 0.51738840703125 0.7471257757812501 0.1004167984375 0.13427457343750007
0 0.4163095140625 0.7754770195312499 0.10622346874999997 0.1325831640625
0 0.30799404765625005 0.80090787578125 0.1130319578125 0.14094764531250004
0 0.18599303046875 0.8359585624999999 0.11482966406250002 0.13577046249999994
0 0.8643621312499998 0.78325106796875 0.09001916562499997 0.12298062968750009
0 0.76943854375 0.7939973945312501 0.09210118437499996 0.12728745156249993
0 0.6760761328125 0.81486136953125 0.09276308749999992 0.12956718281249993
0 0.5775351843750001 0.8438553320312498 0.10239933749999999 0.12474212031249995
0 0.47680034843749997 0.8797232375 0.102409534375 0.1265200468749999
0 0.37585969062499996 0.9021871820312499 0.11045488437499999 0.12700627343749993
0 0.26565244140625 0.9294262695312501 0.11280950781249999 0.12593231093749999