0 0.80234375 0.0671875 0.05 0.134375
0 0.7859375 0.1703125 0.04375 0.1015625
0 0.9421875 0.18984375 0.034375 0.1109375
0 0.884375 0.2796875 0.0296875 0.053125
0 0.9453125 0.29140625 0.025 0.0890625
0 0.95390625 0.325 0.0265625 0.06875
0 0.9625 0.353125 0.021875 0.06875
0 0.7 0.30078125 0.0546875 0.125
0 0.7484375 0.346875 0.04375 0.1125
0 0.86171875 0.37265625 0.0359375 0.10625
0 0.925 0.39921875 0.03125 0.103125
0 0.74140625 0.496875 0.0546875 0.1390625
0 0.78671875 0.5234375 0.04375 0.115625
0 0.90078125 0.54140625 0.0359375 0.1125
0 0.94921875 0.5609375 0.0296875 0.0953125
0 0.9625 0.57265625 0.0234375 0.090625
0 0.68984375 0.7234375 0.05625 0.1328125
0 0.87890625 0.72890625 0.0421875 0.1328125
0 0.95625 0.71171875 0.0296875 0.109375
0 0.728125 0.940625 0.0625 0.11875
0 0.7828125 0.9125 0.0453125 0.1296875
0 0.86875 0.89609375 0.034375 0.1109375
0 0.89453125 0.86875 0.034375 0.103125
0 0.96328125 0.8484375 0.0265625 0.090625
0 0.96796875 0.8171875 0.0265625 0.078125