0 0.0859375 0.3734375 0.0671875 0.0921875
0 0.17265625 0.35703125 0.0609375 0.084375
0 0.2453125 0.3421875 0.0703125 0.0921875
0 0.32890625 0.32734375 0.0640625 0.0890625
0 0.40390625 0.3140625 0.0703125 0.0921875
0 0.4953125 0.3 0.0796875 0.1
0 0.57421875 0.28828125 0.071875 0.096875
0 0.65625 0.2734375 0.065625 0.0921875
0 0.75078125 0.25703125 0.0734375 0.096875
0 0.83125 0.24609375 0.0734375 0.1
0 0.09453125 0.48671875 0.0671875 0.09375
0 0.17890625 0.46640625 0.0671875 0.090625
0 0.2484375 0.45625 0.0765625 0.084375
0 0.3390625 0.440625 0.0703125 0.090625
0 0.41875 0.428125 0.075 0.0953125
0 0.49921875 0.4109375 0.0609375 0.09375
0 0.5828125 0.4015625 0.0703125 0.090625
0 0.6671875 0.38359375 0.065625 0.0921875
0 0.759375 0.375 0.075 0.096875
0 0.8390625 0.3625 0.071875 0.096875
0 0.1359375 0.5734375 0.0609375 0.06875
0 0.22109375 0.5609375 0.0578125 0.078125
0 0.2859375 0.54765625 0.0546875 0.0703125
0 0.36328125 0.53671875 0.0546875 0.06875
0 0.43515625 0.5265625 0.0609375 0.075
0 0.50859375 0.509375 0.0546875 0.078125
0 0.584375 0.50546875 0.0640625 0.0796875
0 0.65625 0.490625 0.0609375 0.075
0 0.7390625 0.48125 0.059375 0.0765625
0 0.81171875 0.4671875 0.059375 0.0765625
0 0.66875 0.5953125 0.059375 0.0703125
0 0.753125 0.59296875 0.059375 0.075
0 0.82578125 0.5796875 0.0609375 0.08125
0 0.590625 0.61328125 0.059375 0.0734375
0 0.59296875 0.67578125 0.0578125 0.065625
0 0.659375 0.6671875 0.053125 0.0671875
0 0.7359375 0.66875 0.05625 0.0703125
0 0.80078125 0.6484375 0.05625 0.0640625
0 0.51640625 0.61953125 0.0609375 0.0703125
0 0.44140625 0.63046875 0.0578125 0.0703125
0 0.51953125 0.6828125 0.053125 0.059375
0 0.4546875 0.6984375 0.0515625 0.0625
0 0.39375 0.6953125 0.05 0.0625
0 0.36953125 0.63984375 0.0578125 0.0703125
0 0.29453125 0.653125 0.059375 0.0671875
0 0.32578125 0.7140625 0.0546875 0.0625
0 0.26640625 0.7125 0.0515625 0.0609375
0 0.196875 0.7296875 0.0546875 0.059375
0 0.15 0.67265625 0.0578125 0.065625
0 0.22734375 0.65546875 0.0546875 0.06875