0 0.09765625 0.06953125 0.10625 0.1390625
0 0.21875 0.07265625 0.1078125 0.1421875
0 0.3515625 0.084375 0.0953125 0.1296875
0 0.475 0.08828125 0.1015625 0.140625
0 0.5953125 0.1 0.096875 0.1375
0 0.72421875 0.10390625 0.0984375 0.1390625
0 0.83828125 0.11484375 0.090625 0.1375
0 0.959375 0.121875 0.08125 0.1375
0 0.0921875 0.24453125 0.1046875 0.1484375
0 0.21484375 0.25078125 0.109375 0.13125
0 0.34609375 0.2578125 0.1109375 0.1328125
0 0.471875 0.265625 0.0953125 0.140625
0 0.59296875 0.265625 0.1015625 0.1375
0 0.7203125 0.27890625 0.0984375 0.134375
0 0.83515625 0.2828125 0.096875 0.1359375
0 0.95703125 0.290625 0.0859375 0.11875
0 0.92109375 0.440625 0.0828125 0.1203125
0 0.80078125 0.43125 0.0875 0.115625
0 0.696875 0.4296875 0.090625 0.115625
0 0.578125 0.41953125 0.0890625 0.1140625
0 0.46875 0.41953125 0.0921875 0.1140625
0 0.35546875 0.4125 0.09375 0.1203125
0 0.23125 0.40546875 0.1 0.1265625
0 0.11953125 0.396875 0.09375 0.11875
0 0.11640625 0.54765625 0.0953125 0.11875
0 0.228125 0.5703125 0.1 0.115625
0 0.3515625 0.57109375 0.09375 0.1140625
0 0.465625 0.58203125 0.09375 0.1125
0 0.57734375 0.57265625 0.0890625 0.1140625
0 0.6953125 0.5890625 0.0828125 0.1078125
0 0.79765625 0.584375 0.0890625 0.1078125
0 0.9171875 0.59453125 0.090625 0.1140625
0 0.9625 0.7 0.071875 0.09375
0 0.87734375 0.70703125 0.0796875 0.1015625
0 0.76875 0.69453125 0.0828125 0.0984375
0 0.6734375 0.70390625 0.0828125 0.1078125
0 0.56328125 0.6859375 0.08125 0.103125
0 0.4625 0.690625 0.0875 0.1015625
0 0.3578125 0.6828125 0.0875 0.10625
0 0.2453125 0.690625 0.090625 0.1078125
0 0.14765625 0.6765625 0.0890625 0.10625
0 0.03671875 0.67890625 0.0734375 0.1140625