0 0.27486354140625 0.2559610515625 0.07310321093749997 0.135339303125
0 0.19735973203124998 0.2678506984375 0.0779985234375 0.12773683124999996
0 0.142740625 0.27642445703125 0.06676936250000001 0.12165046406249998
0 0.08438321328125001 0.28491470703125 0.0608821109375 0.11029264218749998
0 0.04196650859375 0.28895011484375 0.0607094390625 0.10677373906250001
0 0.32905780703125 0.36669429375 0.0834603859375 0.125400175
0 0.2677967046875 0.36423981640625 0.082667246875 0.11948067656250005
0 0.20332932421875 0.373421271875 0.07939332031249999 0.120156675
0 0.13901522187499998 0.3766515359375 0.063367875 0.11005067499999996
0 0.091981390625 0.37687444687500005 0.067244778125 0.11028712500000001
0 0.044069721875 0.37612103515625 0.057212053124999995 0.10107677656249998
0 0.40308298125 0.47349069609375 0.09134804062499997 0.1306437984375
0 0.3237900671875 0.47957761796875 0.07809857812500001 0.1221066890625
0 0.24460601328124998 0.47350400546875004 0.07395764218749998 0.11909679218749991
0 0.20153162812499997 0.46947217968749994 0.04236461249999999 0.09748565937500002
0 0.13550121171875001 0.47233626015625 0.06844443281250001 0.10492953906249998
0 0.08022203125 0.469637175 0.05836753125000001 0.09763861249999994
0 0.037971011718749996 0.46299427812499994 0.0370588359375 0.09357723437500001
0 0.47279448984374994 0.58148023984375 0.08099086093749994 0.11286850781249998
0 0.39083743828125 0.57876634609375 0.08248966093749996 0.12382301093749995
0 0.31951964296875 0.5727393624999999 0.07465701406249999 0.11764763124999993
0 0.25258673906249995 0.56977512734375 0.07255786875 0.10729127031249996
0 0.202095809375 0.5601418554687501 0.06300509375 0.10444824218750001
0 0.14842437187500002 0.55159070859375 0.072456496875 0.11416496093749995
0 0.08507854296874999 0.5451542351562499 0.0635080109375 0.13112509531250005
0 0.0469046515625 0.5458772140624999 0.04728164687500001 0.09278699374999996
0 0.44748033828124995 0.691252384375 0.07903185781250004 0.118668525
0 0.3863815265625 0.667865396875 0.07817742499999998 0.11720244374999993
0 0.3088944796875 0.665263671875 0.0751311125 0.10931625625
0 0.24827341406250003 0.6562433742187499 0.07209371875000001 0.1065762828125
0 0.19867783203125 0.6441094359375 0.05579926406250002 0.10198922500000007
0 0.14484789999999997 0.6340965140625 0.06208308437500001 0.09114052812500004
0 0.09249391484375 0.6279639570312501 0.0579159609375 0.08587195468750002
0 0.055333792187499994 0.620894984375 0.0431189875 0.074258253125
0 0.5207728734375 0.8029186984375001 0.09350115312499999 0.12284386562499998
0 0.43040647421874995 0.78526618359375 0.08780012656249996 0.11422326093750002
0 0.36080751875 0.77622483515625 0.07755060937499998 0.11101314531249998
0 0.2915083390625 0.7585248695312499 0.07200361250000001 0.1103455484375
0 0.23857229921874995 0.74773323515625 0.06044677656249999 0.11062650156249995
0 0.1812092875 0.7255239312499999 0.06706455937500003 0.095938965625
0 0.12779509218750001 0.7194819109375 0.061490059374999996 0.09458433125000001
0 0.07965078906249999 0.7047952625 0.05587942187499999 0.10276539062500004
0 0.49023960390625004 0.90039227578125 0.07925947343750002 0.11398681093750014
0 0.4176287578125 0.8651108265625 0.08147885625 0.13028222812499993
0 0.35602777890625 0.8495294351562499 0.0730819984375 0.12535579218749993
0 0.29265535859375 0.8333973890624999 0.0699819984375 0.11193399062500005
0 0.23077089687500002 0.8213345999999999 0.06645032187500002 0.09510449687499997
0 0.17959754765625 0.8080900265625001 0.06276490156249999 0.09605580937500005
0 0.1255985234375 0.79315815546875 0.0559669 0.09052295468750007
0 0.52208146328125 0.7144445820312499 0.09070132656250003 0.13694166406249994
0 0.176244740625 0.98075442421875 0.047227878125 0.03849115156249994