0 0.22254245390625 0.1494746703125 0.1081546078125 0.146113721875
0 0.334784490625 0.15401763125 0.12632935625 0.16041194375
0 0.43755396874999997 0.14270623984375003 0.11628973125000001 0.15821677656250002
0 0.547521728125 0.14992454140625 0.117366521875 0.16007979531250002
0 0.6679101937499999 0.15550158359375 0.12021885624999999 0.15681171093750002
0 0.170475378125 0.26786883437500003 0.12638077499999997 0.14611804999999997
0 0.2734582796875 0.27696157109374997 0.10220003437499998 0.14709140468749998
0 0.37410052421874995 0.2861444859375 0.1082709296875 0.152060634375
0 0.4804836968749999 0.2878815 0.113262503125 0.154820265625
0 0.5970831992187501 0.29070311171875 0.11500307031250001 0.1400107078125
0 0.71843126484375 0.29312041875 0.1180842421875 0.15023080625000002
0 0.10446133359375001 0.37781270781250004 0.0994050234375 0.14110986249999996
0 0.21243590234375 0.396542775 0.1025671109375 0.141480971875
0 0.30860286718749996 0.40784857734374996 0.10406997812500003 0.1448673828125
0 0.42869360390625 0.40620639765625005 0.1034521453125 0.1447966765625
0 0.530224096875 0.418492775 0.11183044687499999 0.150834496875
0 0.64926436015625 0.42709882656250003 0.11731257656249997 0.15293127499999998
0 0.76510341328125 0.430376803125 0.13322628593749997 0.16085231562500005
0 0.06298662656250001 0.49083982812500004 0.10316345624999998 0.13381704687500004
0 0.16339308515625 0.5024878914062499 0.10263201718749997 0.1358344609375
0 0.26938377343750003 0.5039497546874999 0.11226705625000002 0.14651513437500005
0 0.36461419765625 0.52358246796875 0.1078288390625 0.14611227968749993
0 0.46894196484375 0.52862003203125 0.1087244046875 0.14022597343749998
0 0.57876941640625 0.5406934375000001 0.11684394218750001 0.13982167812500004
0 0.69153279296875 0.5681871703125 0.1219294953125 0.14652235000000005
0 0.81454811796875 0.5656576195312499 0.12181149843750001 0.14831295781250003
0 0.03213499453125 0.6107273445312501 0.0642699890625 0.1385089609375
0 0.11542545937500001 0.612520640625 0.095927275 0.13850174375000002
0 0.21152161484374998 0.6160599359375001 0.0978566453125 0.13417949687500003
0 0.30342198125 0.6371980031250001 0.10402951875 0.13460976874999994
0 0.4106196203125 0.65259288359375 0.10803913750000001 0.14149251718749997
0 0.51086011171875 0.65648019375 0.10670610781250005 0.139166040625
0 0.621966359375 0.66794991640625 0.12442738437499994 0.13963382656250004
0 0.7365741867187501 0.6869240999999999 0.11944676718750005 0.14127869375
0 0.85180797890625 0.7031305867187501 0.12269019843749991 0.1485628515625
0 0.06254808515625 0.71530169140625 0.0907608046875 0.1351167796875
0 0.15423363124999998 0.7289628304687501 0.09943537499999999 0.1352798328125
0 0.24850072656250002 0.7514294890625 0.10222280312500003 0.13426030312499995
0 0.34776805859375 0.76227170703125 0.10408389218749999 0.14116758281249994
0 0.45473221796874996 0.7708828148437499 0.10581855156250004 0.13786775156249992
0 0.5581625476562501 0.78897166953125 0.11294474218750006 0.13951838906250008
0 0.6716035703125 0.8089978625 0.11677060624999998 0.14982073750000008
0 0.7884822296875 0.8283294437500001 0.12371809687500006 0.14625369062499996
0 0.09977640390625 0.83492093359375 0.0964481796875 0.12501500468749996
0 0.20324902265625 0.8452201984375 0.0937855046875 0.1294991281249999
0 0.2937375453125 0.85975788125 0.10064955312499997 0.1298413781249999
0 0.39419016562500003 0.87263626953125 0.10537646250000003 0.12636523906249994
0 0.49484084296875 0.896313190625 0.10630995781250005 0.13593402812499988
0 0.6094532476562501 0.918432696875 0.11203526406249997 0.13254473124999996
0 0.71436165625 0.93486069765625 0.11637950625000001 0.1302786046874999