0 0.21484375 0.2078125 0.1359375 0.1796875
0 0.33828125 0.19765625 0.134375 0.178125
0 0.45859375 0.18984375 0.1375 0.1828125
0 0.58125 0.18046875 0.1375 0.1796875
0 0.70234375 0.17109375 0.1359375 0.175
0 0.1640625 0.34921875 0.1359375 0.1671875
0 0.290625 0.3421875 0.1328125 0.171875
0 0.409375 0.3359375 0.13125 0.1671875
0 0.5265625 0.32734375 0.1328125 0.1640625
0 0.6453125 0.315625 0.13125 0.171875
0 0.77578125 0.30234375 0.1359375 0.16875
0 0.115625 0.4890625 0.1296875 0.1640625
0 0.07578125 0.6140625 0.121875 0.15625
0 0.05546875 0.74140625 0.1109375 0.1453125
0 0.18046875 0.95546875 0.1171875 0.0890625
0 0.10546875 0.87265625 0.11875 0.146875
0 0.15625 0.7375 0.1234375 0.1515625
0 0.1921875 0.61484375 0.1265625 0.1546875
0 0.2375 0.47890625 0.128125 0.165625
0 0.290625 0.94765625 0.115625 0.1046875
0 0.221875 0.8609375 0.121875 0.146875
0 0.27109375 0.721875 0.121875 0.15
0 0.3984375 0.94296875 0.109375 0.1140625
0 0.33515625 0.84765625 0.121875 0.146875
0 0.38359375 0.7140625 0.11875 0.1484375
0 0.31328125 0.5953125 0.125 0.153125
0 0.3625 0.4734375 0.1328125 0.1625
0 0.49296875 0.7078125 0.121875 0.1546875
0 0.44609375 0.83203125 0.11875 0.14375
0 0.5109375 0.9328125 0.11875 0.134375
0 0.559375 0.82421875 0.1203125 0.146875
0 0.61953125 0.928125 0.11875 0.1359375
0 0.8390625 0.92109375 0.11875 0.14375
0 0.72578125 0.921875 0.1171875 0.1359375
0 0.71640625 0.440625 0.128125 0.1578125
0 0.4765625 0.45859375 0.125 0.153125
0 0.5953125 0.45859375 0.1359375 0.165625
0 0.84296875 0.42109375 0.13125 0.1609375
0 0.6703125 0.81640625 0.11875 0.1484375
0 0.7796875 0.80546875 0.125 0.14375
0 0.89375 0.79453125 0.121875 0.140625
0 0.93828125 0.6796875 0.103125 0.15
0 0.8296875 0.68203125 0.128125 0.146875
0 0.71875 0.67890625 0.11875 0.14375
0 0.60859375 0.69609375 0.121875 0.1484375
0 0.43125 0.5875 0.121875 0.153125
0 0.65859375 0.56796875 0.1265625 0.153125
0 0.78125 0.55546875 0.128125 0.153125
0 0.54296875 0.5828125 0.125 0.153125
0 0.89609375 0.54453125 0.121875 0.1515625