0 0.77313782109375 0.7651915476562501 0.1397414796875 0.16081485781250002
0 0.6516484132812501 0.7805390531249999 0.1480764640625 0.17619182812499998
0 0.54080073671875 0.80007565546875 0.12628070156249996 0.17126134218749992
0 0.42691623046875 0.8193632539062499 0.13723943281250003 0.17108364843749993
0 0.3123631328125 0.8363469078125 0.13940559375 0.1648491687499999
0 0.8237667921874999 0.6228597203125 0.12984921249999992 0.16107635
0 0.69287418125 0.64299682734375 0.12093984687499999 0.15639270156249996
0 0.5772251609374999 0.65563653671875 0.12342508125 0.15580827343749998
0 0.46479093828125 0.67542231015625 0.12528368906249998 0.16400086093750002
0 0.35296263515625 0.69421020625 0.1271861140625 0.16018495000000002
0 0.23797952421875 0.7083380515625001 0.13211452656249997 0.16501090624999995
0 0.8607345835937499 0.498160846875 0.12489114218749994 0.15308805000000003
0 0.7373012265625001 0.50299467109375 0.12046413125000006 0.15331947656249997
0 0.6162718875 0.51738770625 0.13383153749999996 0.15106557499999998
0 0.5047596242187501 0.5418645718749999 0.12254800156250001 0.14490957812500005
0 0.39455012656250005 0.5509049148437499 0.12336489375000004 0.14929395781250002
0 0.27375256484375 0.5700603624999999 0.12522306093750002 0.15320430937500004
0 0.158408971875 0.5870386453125 0.13605920937500002 0.16626301250000006
0 0.8863080812500002 0.36212461328125 0.115474646875 0.14628510156250002
0 0.7750338171875 0.38396483437499995 0.12137130312500002 0.14717943124999996
0 0.6587547804687499 0.39643222031249997 0.11740981093749996 0.14504949687499996
0 0.54646807421875 0.40700489375000004 0.12094028906249994 0.13748204062500005
0 0.43882341328125 0.42511805156250004 0.11702525781250003 0.14338534062500002
0 0.32421905312500005 0.44174213984375 0.11675088437499999 0.1502042453125
0 0.20895400234375 0.45469967890624996 0.12102037343749998 0.1496629140625
0 0.100119009375 0.477545925 0.112974365625 0.15224560625
0 0.8073621585937498 0.2535950953125 0.12537573281249995 0.1420949125
0 0.69407088984375 0.282882890625 0.1179921796875 0.137454903125
0 0.58929031796875 0.2851676203125 0.1186046421875 0.1425364875
0 0.47169242578125 0.29959382109375 0.11716288593749997 0.1466788078125
0 0.3630970140625 0.3180273640625 0.113680196875 0.14207895937499998
0 0.2623823625 0.33274994765625 0.11727085937500004 0.14366811093749998
0 0.14806860390625 0.34274368125 0.1137421484375 0.14605422187499997
0 0.8380821031250001 0.125310584375 0.13192911250000003 0.13218737187500001
0 0.73363041171875 0.14442412265625 0.12562001406249995 0.1369673015625
0 0.62169709921875 0.15899448125 0.12255020468750004 0.13922706562500003
0 0.512081359375 0.16773546015625002 0.11678053749999995 0.13423405156249998
0 0.40653970703125 0.18655574921875 0.1172553734375 0.1424130703125
0 0.30059191171875 0.1977086171875 0.1177483421875 0.143730090625
0 0.19330111015625 0.20853838749999998 0.1170575578125 0.141583653125
0 0.07690005234375 0.22839250546874998 0.1204964296875 0.1417424578125
0 0.76880793125 0.04118009609375 0.11131621875000004 0.0823601921875
0 0.658339065625 0.0548483546875 0.11541445937499999 0.109696709375
0 0.5586913828125 0.06442735000000001 0.1163499625 0.12885470000000002
0 0.12661330234374998 0.10795126718749999 0.11331157343750001 0.120408459375
0 0.23771770234375 0.09748121953125 0.11727394843749998 0.12711935468750002
0 0.33978284687500004 0.0818444359375 0.11238979375000002 0.12585606875
0 0.4526135632812499 0.0779844515625 0.11102415468749997 0.13162183437500002
0 0.9151984484375 0.227123884375 0.11136047812500002 0.14170706875
0 0.04832165859375 0.3668481515625 0.0966433171875 0.14620770937499997