0 0.23515625 0.190625 0.15625 0.1875
0 0.35078125 0.16171875 0.1484375 0.1859375
0 0.45859375 0.1328125 0.1453125 0.18125
0 0.5640625 0.10390625 0.140625 0.175
0 0.66171875 0.08125 0.1296875 0.1625
0 0.746875 0.1828125 0.1296875 0.1640625
0 0.640625 0.21640625 0.1359375 0.1671875
0 0.54140625 0.246875 0.1375 0.171875
0 0.43828125 0.275 0.1453125 0.1765625
0 0.821875 0.278125 0.1234375 0.15625
0 0.721875 0.3171875 0.13125 0.1625
0 0.62421875 0.353125 0.1359375 0.1640625
0 0.51484375 0.38125 0.1328125 0.1640625
0 0.41796875 0.4171875 0.1421875 0.1703125
0 0.32890625 0.3078125 0.146875 0.1765625
0 0.2109375 0.3375 0.15625 0.184375
0 0.18671875 0.484375 0.1578125 0.1828125
0 0.3046875 0.45 0.1515625 0.178125
0 0.1671875 0.625 0.153125 0.1765625
0 0.284375 0.59296875 0.146875 0.1703125
0 0.39140625 0.5484375 0.1390625 0.165625
0 0.1546875 0.7640625 0.15 0.16875
0 0.26640625 0.72734375 0.1453125 0.16875
0 0.37265625 0.68359375 0.140625 0.1625
0 0.47421875 0.6453125 0.1328125 0.1578125
0 0.49375 0.51484375 0.1390625 0.1625
0 0.59765625 0.48359375 0.1328125 0.15625
0 0.69296875 0.44765625 0.1265625 0.1546875
0 0.79140625 0.409375 0.1234375 0.1546875
0 0.8796875 0.37734375 0.1203125 0.153125
0 0.94609375 0.48359375 0.1078125 0.1484375
0 0.85703125 0.51328125 0.1203125 0.146875
0 0.7609375 0.53671875 0.1203125 0.146875
0 0.6734375 0.5765625 0.1265625 0.153125
0 0.57578125 0.61484375 0.13125 0.1578125
0 0.925 0.603125 0.1140625 0.140625
0 0.83671875 0.6359375 0.1171875 0.14375
0 0.9078125 0.72578125 0.115625 0.14375
0 0.74921875 0.67109375 0.1234375 0.1484375
0 0.81328125 0.75859375 0.11875 0.140625
0 0.6578125 0.7078125 0.128125 0.1515625
0 0.72421875 0.7921875 0.1203125 0.1453125
0 0.55625 0.74609375 0.1296875 0.15625
0 0.63203125 0.82890625 0.1265625 0.1484375
0 0.5359375 0.878125 0.1296875 0.153125
0 0.4578125 0.78359375 0.1390625 0.1625
0 0.4375 0.91796875 0.1359375 0.1578125
0 0.3546875 0.83046875 0.1421875 0.165625
0 0.240625 0.87890625 0.146875 0.16875
0 0.33359375 0.9421875 0.1421875 0.115625