0 0.11906379375000001 0.349583671875 0.163268209375 0.12667018125
0 0.12214031484375001 0.46587743281250005 0.16005753281250001 0.131611321875
0 0.12922818593750002 0.58220977734375 0.15777421562500002 0.11599055468750005
0 0.135226865625 0.6906503429687499 0.15941641875 0.10770098906249999
0 0.1361952109375 0.7876681578125 0.14679902500000003 0.12393842187500007
0 0.25658425625000003 0.84380637890625 0.145570059375 0.10606003281249991
0 0.25422516640625 0.7294964515625001 0.13765859531249997 0.10375380625000004
0 0.2591325953125 0.6207558453124999 0.15046698125 0.11490523124999993
0 0.25863429296875 0.5195565328125 0.1556911140625 0.11219590937500001
0 0.25735819062500004 0.40262190546875 0.151514678125 0.11048844218749995
0 0.25499130078125 0.27872459296874996 0.1602925734375 0.1286480828125
0 0.37088402421875 0.886227728125 0.13989786718749997 0.10112459062500001
0 0.37636288515625 0.7799379 0.1404729203125 0.10442360625000005
0 0.38215590625 0.6737659671875 0.1426860875 0.11801903437500005
0 0.38249006249999995 0.5636386218749999 0.13980569687499997 0.10574333124999998
0 0.38884041171875 0.46073665703125 0.14557927968750004 0.11101140468750001
0 0.38593364296875 0.33869063359374996 0.14400364531249993 0.11757362343750004
0 0.389380371875 0.21297063984375 0.15667838750000004 0.1270701328125
0 0.48027745546875 0.91305311796875 0.12957659843750005 0.09283502656249994
0 0.4886315921875 0.8167870031250001 0.13287279062500001 0.09534890312499993
0 0.49674971640625004 0.70315288359375 0.14420129843750001 0.10730162031249994
0 0.50303818125 0.60444091171875 0.13051010312500005 0.11063272343750005
0 0.5054745242187499 0.50136100625 0.13739845781250004 0.10939683437500003
0 0.50868080546875 0.39454623203125 0.1361024140625 0.11310544843749999
0 0.51770082265625 0.27749693124999997 0.1461348796875 0.12152709062500003
0 0.52172046328125 0.15047528984375 0.14894204531249997 0.1351378671875
0 0.60321890390625 0.9506461070312501 0.1358264046875 0.09020837031249992
0 0.60743010390625 0.8502557632812501 0.1306340234375 0.09599567968749997
0 0.6019839859375 0.753839565625 0.12747404062500003 0.09635901249999997
0 0.61706137734375 0.65729071953125 0.12848999218749996 0.10031503906249997
0 0.6276880742187501 0.5475082953125 0.13498456718750002 0.11202860625
0 0.6279968046875 0.44421977421875003 0.13959933124999999 0.10426083281250005
0 0.63208282265625 0.3409931625 0.1369882984375 0.12341290312500001
0 0.64650497421875 0.21988038515625 0.14092969218749998 0.11585906406250002
0 0.6515899953125001 0.10222348046875 0.14560129999999996 0.1171480890625
0 0.707342078125 0.88672085859375 0.12839525 0.09037114218750002
0 0.714451371875 0.7930304171875001 0.12775363125000005 0.09852095937500005
0 0.7260942921875 0.6969635937499999 0.13168222500000004 0.100762428125
0 0.7350057953125 0.5994616890625 0.13530563124999997 0.10281927187499998
0 0.745216728125 0.487569196875 0.13305405937499995 0.10436338124999996
0 0.75502868515625 0.38476141875 0.1316945203124999 0.10926417499999999
0 0.7686376148437499 0.2738570609375 0.1404247921875 0.11348237812499998
0 0.78908881328125 0.15170600234375 0.1364485734375 0.11372979218750001
0 0.8263484742187501 0.8368257039062501 0.1218878734375001 0.09401952968750012
0 0.8263648171875 0.7392215453125 0.1234476343749999 0.09953559999999992
0 0.8357815914062499 0.63816991171875 0.1274965703125 0.09632378281250001
0 0.845363159375 0.54102594375 0.1242280375 0.10710281562499997
0 0.8679181773437501 0.43543807265625 0.1262957703125 0.10666507343750005
0 0.87773066015625 0.32850707031250004 0.12627017031249999 0.10901420625
0 0.89016454765625 0.2155098078125 0.13477820156250003 0.11436947812499998