0 0.78203125 0.0890625 0.08125 0.15625
0 0.77578125 0.19375 0.0515625 0.1109375
0 0.925 0.20703125 0.040625 0.11875
0 0.87421875 0.28359375 0.0375 0.0921875
0 0.69140625 0.3125 0.0734375 0.1453125
0 0.74140625 0.3609375 0.0546875 0.1328125
0 0.8453125 0.3859375 0.0578125 0.1171875
0 0.9078125 0.40859375 0.04375 0.10625
0 0.9296875 0.30234375 0.0296875 0.0953125
0 0.9421875 0.3375 0.0265625 0.084375
0 0.9515625 0.359375 0.0234375 0.0796875
0 0.98515625 0.44765625 0.0296875 0.0875
0 0.7265625 0.50546875 0.084375 0.153125
0 0.7765625 0.52734375 0.053125 0.1375
0 0.87265625 0.55 0.0734375 0.1375
0 0.93203125 0.56640625 0.0375 0.0953125
0 0.9484375 0.57421875 0.0265625 0.0859375
0 0.68359375 0.7203125 0.0796875 0.15625
0 0.85546875 0.72109375 0.0671875 0.1375
0 0.93203125 0.71484375 0.0640625 0.1171875
0 0.9390625 0.84765625 0.05625 0.1046875
0 0.9546875 0.8296875 0.0328125 0.0859375
0 0.88203125 0.86484375 0.0375 0.1125
0 0.85234375 0.8828125 0.0546875 0.134375
0 0.7765625 0.909375 0.046875 0.15
0 0.71796875 0.934375 0.065625 0.1203125