0 0.16164849062500003 0.5981465203124999 0.12776554687500002 0.07336820312500007
0 0.14206116953124998 0.67586831640625 0.1281089109375 0.0733850484375
0 0.12545024453125 0.7268229835937501 0.1287467546875 0.07042992968749999
0 0.0838019796875 0.8313012054687501 0.104970346875 0.05919331093750006
0 0.0964057015625 0.78203761328125 0.10076265 0.049500885937499906
0 0.2918667421875 0.59711745 0.1215581625 0.07697513437500003
0 0.26235169765625 0.65504770390625 0.1175189015625 0.06836179531250001
0 0.2337196203125 0.7200917390624999 0.12083929062500001 0.06624188124999994
0 0.20840007890624998 0.7816684265625 0.1224904828125 0.06332086875000006
0 0.19098912421874997 0.8237790351562498 0.12986682968750002 0.05573233906249993
0 0.1687817296875 0.8719810093749999 0.09945351249999998 0.052738553124999935
0 0.40397452265625 0.58164309765625 0.13159135468749997 0.07717827656249998
0 0.37540642578125 0.6496261750000001 0.12002269843749999 0.07386824687500004
0 0.3448728796875 0.724623125 0.12066698125000004 0.07044387187499997
0 0.3238946359375 0.75883655859375 0.11393873750000001 0.04963207656250006
0 0.29508888515625 0.82683994921875 0.10680672656250004 0.05781400156250003
0 0.2699955921875 0.8715630421875001 0.09783576875 0.04775272499999996
0 0.24011012109375002 0.9154393953125 0.0983179984375 0.04611683749999997
0 0.5370192859375 0.56121490625 0.13342385937499995 0.08328019687500002
0 0.49719479062499994 0.6290285101562499 0.12536978437499996 0.08566125156249997
0 0.46518165468750006 0.6993555460937501 0.12696439375000007 0.07014696406250005
0 0.4310685171875 0.7651538546875 0.11506655625 0.059600003125
0 0.39912169999999997 0.8065645484375 0.10990591562499996 0.05861634374999998
0 0.36844148671875 0.8555112476562499 0.13075031718750002 0.05357334218749994
0 0.33753317109375003 0.9129477179687499 0.11473219531250001 0.04869978906250001
0 0.31626382734375 0.9404230867187501 0.09311108593749999 0.04300994531250009
0 0.67376738203125 0.577539625 0.1320915890625 0.07829395312499994
0 0.62382911015625 0.6341368328125 0.12732576718749994 0.07304822812499996
0 0.5697381078125 0.68791673046875 0.14076806875 0.0678214234375
0 0.53837058828125 0.75488593671875 0.11176417343749998 0.0693277765625
0 0.509278721875 0.8094786093749999 0.11021070625 0.062260703125000025
0 0.47515933203125 0.8500906046875001 0.11832005468749998 0.05335128437499996
0 0.43807150859375 0.8943645773437499 0.10198431718749998 0.055191554687499964
0 0.4133670625 0.9381317390625 0.09758243124999999 0.04563197812499986
0 0.7560168468749999 0.6196058851562499 0.13377622812499998 0.08052614218749996
0 0.69882122890625 0.69209705546875 0.12502516093750007 0.07303097031250001
0 0.6593033015625 0.75335409375 0.12217799999999998 0.06248275937500001
0 0.6199865499999999 0.8024937609375 0.11638982499999999 0.06903004062499996
0 0.58318251796875 0.8548619304687499 0.11420751718749997 0.06458582968749997
0 0.5457440210937501 0.9006637226562499 0.10285749531249992 0.051397910937500055
0 0.5126718945312501 0.9473761585937499 0.10202289531249997 0.04341622031250001
0 0.8221652132812499 0.69615289609375 0.12374303906249998 0.06899220156250001
0 0.7668085671875 0.7486117531250001 0.1250508625000001 0.06994175312499999
0 0.70757743828125 0.8013862609375 0.13858062968749998 0.058576431250000026
0 0.6682111703125 0.8438571203125 0.13068473437500003 0.06298570624999993
0 0.6380762093750001 0.90248367421875 0.10497678437499998 0.05558098281249997
0 0.5943175515625 0.94110368828125 0.11040489375 0.052695320312500016
0 0.5671071359375001 0.9721172499999999 0.09323518749999993 0.019007384374999957
0 0.8442857828125 0.9598724023437499 0.06815801874999998 0.023111401562499977
0 0.392201334375 0.9625196718750001 0.098032525 0.036778074999999966
0 0.47734375 0.9640625 0.1125 0.0421875