0 0.1801243109375 0.27293288984375 0.16063059375000002 0.1284653734375
0 0.1695509515625 0.3890629671875 0.15878507187500002 0.12574596875000005
0 0.15799321093750002 0.50003146953125 0.15625178437500004 0.12266137343749994
0 0.15011475000000002 0.603321 0.15955144687500003 0.11378208437500001
0 0.13791133671875 0.7141916359374999 0.14797537031250002 0.12228818437499997
0 0.25182767500000003 0.7750007015625 0.14781956874999996 0.10416669375000005
0 0.27140845546875003 0.6623419765625 0.1356504609375 0.1044159875
0 0.28542567890625004 0.56118556640625 0.1506738171875 0.11006403906250002
0 0.29474795 0.4597905515624999 0.155330778125 0.11206532499999992
0 0.30821926171874997 0.342881121875 0.1495312765625 0.112304421875
0 0.31855943125 0.22304614531250003 0.15938862812500001 0.12075171250000001
0 0.353950034375 0.8337984203125 0.14137370312500003 0.09694066562500003
0 0.38733998046874996 0.7254771773437501 0.14305874218749998 0.10274783593750003
0 0.40315892421875005 0.6264810953125 0.1432699859375 0.11364799375000008
0 0.4104613296875 0.5155229562500001 0.14031654687499998 0.10368305312499997
0 0.4284095671875 0.41294202265625 0.144959703125 0.11020902656249998
0 0.44636128203125003 0.29675052421875 0.14405132968750003 0.11932506406250001
0 0.4589901382812499 0.17711964687499998 0.1541858953125 0.12854534374999999
0 0.46464179296874997 0.87814752890625 0.13119305156250002 0.09268878906250003
0 0.485968765625 0.78522039296875 0.13376681250000005 0.09469635468749997
0 0.5067994421875 0.6712896921875 0.14577215937500004 0.110231778125
0 0.526647940625 0.5814048875 0.13128311562499997 0.1125231125
0 0.53821790859375 0.47660122265625005 0.13745083281250006 0.10588972343750003
0 0.5560512617187501 0.368168746875 0.13713689218749997 0.11550118749999996
0 0.58261585390625 0.25504924921875 0.14441954531249995 0.12166500468750001
0 0.592223059375 0.13185585312499998 0.14779079374999995 0.127056653125
0 0.58337545625 0.9269617203125 0.13557770937500005 0.08838045000000001
0 0.58898382421875 0.8332625648437499 0.13088612656250004 0.09803500468749995
0 0.607069340625 0.7317647890625001 0.12742949062499997 0.09280558124999994
0 0.63657796171875 0.64008631171875 0.1279488296875 0.09994225468749995
0 0.6546121914062499 0.5348296234375 0.13553840781249998 0.10994249062500003
0 0.66902420078125 0.43083085937500004 0.14022998906249998 0.10251735937499999
0 0.689767759375 0.32994952421874996 0.13507451249999997 0.1312678515625
0 0.71373776875 0.21632870546875002 0.13978106875 0.1162764578125
0 0.73002236171875 0.103307403125 0.14370510468749992 0.1187175375
0 0.6951235125 0.87923803359375 0.12987622812500002 0.08658061093750007
0 0.71614697265625 0.7871066484375 0.1294029765625 0.09274208437499994
0 0.7308741375000001 0.6991545718750001 0.133194371875 0.09622731250000002
0 0.75168239921875 0.60281565078125 0.1364594140625 0.09981602031249999
0 0.7805619242187499 0.49233819453124994 0.13423655468749995 0.10049332031249998
0 0.80367613359375 0.392208884375 0.13228716718750003 0.10630441874999996
0 0.83057762421875 0.28402253125 0.1408370546874999 0.11311809375
0 0.8583435507812499 0.16408758671874998 0.13576579531250008 0.1149171703125
0 0.8191557382812501 0.8455560046875 0.1227540515625 0.09008776562499995
0 0.82993561953125 0.74695111328125 0.12698852343749997 0.09217137031249996
0 0.8475018406249999 0.653411725 0.1294757281249999 0.09283378124999997
0 0.8694648507812499 0.560669525 0.1244875171875 0.10247737187500006
0 0.9039310796875 0.45490486093750004 0.126349178125 0.10248757499999997
0 0.9332127078125 0.34946336015624996 0.1267634781249999 0.11053905781249998
0 0.9435107242187499 0.24483431093750002 0.11297855156250006 0.11289547500000001