0 0.7839456367187501 0.18050020546875 0.15860699531250005 0.1377893953125
0 0.78839104921875 0.30144511874999996 0.1633551921875 0.12177568437499997
0 0.8040478007812499 0.4223621296875 0.16363576093749996 0.12156521875
0 0.8104734 0.5360743250000001 0.17317048437499993 0.13897941875000006
0 0.8154026757812499 0.65557995234375 0.17123718593749998 0.14302076406249994
0 0.6386777625 0.14416046875 0.154016715625 0.11891934375000002
0 0.6485630609374999 0.27243716640625 0.15030646875000003 0.12042333906249998
0 0.6571932960937501 0.39187475781250003 0.15882777343750004 0.11462942812500003
0 0.666274303125 0.51003213515625 0.16065070937500003 0.11971415781250005
0 0.672768865625 0.6246590398437499 0.164276634375 0.12268639218750002
0 0.6830005953124999 0.7525507265625 0.16541270624999999 0.11866293125
0 0.5509487484375 0.8351569062499999 0.15856715000000002 0.12390887812499995
0 0.5404840140625 0.711434496875 0.15022521875 0.12289183750000002
0 0.5328925265625 0.58901164765625 0.1529159 0.12236285156249993
0 0.5359962664062501 0.4702632484375 0.14148006406250008 0.11616871250000002
0 0.51839844375 0.36020852890625 0.15336818437500002 0.12228224218749997
0 0.5153082453125 0.23627776796875 0.152544865625 0.12600678906249999
0 0.5113771375 0.10881451328125 0.14968398125000001 0.1193374515625
0 0.3813359453125 0.08693373828124999 0.14081924375 0.1142124171875
0 0.38849520546875 0.20453513125000003 0.14544634531249997 0.11867469062500002
0 0.389856771875 0.3242034828125 0.142844571875 0.11576738437499996
0 0.39688862734374997 0.44198386718750005 0.13835548593749997 0.11257574374999998
0 0.4060241515625 0.55762374921875 0.14240609062500004 0.11448389218750003
0 0.41566334921875 0.6698226500000001 0.1450247390625 0.11485165625000002
0 0.41776523984375 0.7890647523437501 0.15712290781250005 0.11638874218750006
0 0.43147260625 0.8998432265625 0.15637167187499998 0.11802149375000007
0 0.24120521328124997 0.06980773671875 0.1413481921875 0.10756096093749998
0 0.25691800234375 0.1857134046875 0.1334892203125 0.11849951249999999
0 0.2750461046875 0.29323795234374994 0.134068740625 0.11739119843750001
0 0.270272778125 0.40724765859374995 0.140106340625 0.10990462343749999
0 0.27836090390625 0.52262273125 0.1368023890625 0.11771865625000003
0 0.2901403796875 0.6316328656250001 0.13837694374999998 0.11433333437500001
0 0.2967238875 0.73886019921875 0.13813777812500003 0.11503357656249999
0 0.29608299453125 0.85398570078125 0.1475283921875 0.11260428593749996
0 0.31407631796875 0.94871676875 0.14198447968749997 0.07075432187500005
0 0.17031955859374998 0.9397486109374998 0.1296548078125 0.09995024375000003
0 0.168418265625 0.8241338875 0.1322995 0.10976472812499996
0 0.161567284375 0.71124010390625 0.14312206562500002 0.11269775781250005
0 0.1597939859375 0.60112584375 0.137492321875 0.11405401875000001
0 0.14958533046875 0.48854636015624997 0.13968166093749998 0.11335377656250004
0 0.14481244375000002 0.37970330546875003 0.13262605625 0.1138760171875
0 0.13923328359375 0.27253325859375 0.12903232031249998 0.11464118906250001
0 0.13756268046875 0.15493826249999998 0.1316693546875 0.11298993124999998
0 0.0382032203125 0.2441005859375 0.076406440625 0.10869644062500002
0 0.04898371953125 0.35194197968749996 0.0979674390625 0.11679900624999995
0 0.0523943453125 0.45674990234375007 0.104788690625 0.10638552343750005
0 0.055143301562500004 0.56039155546875 0.11028660312500001 0.11037762031250002
0 0.05324654609375 0.6766503125 0.1064930921875 0.11245090937499995
0 0.05739569921875 0.78068573125 0.1147913984375 0.11240950312500005
0 0.06359379921875 0.89139122890625 0.1116846609375 0.10800039531250008