0 0.09004776953125 0.31949649609374997 0.14795333593749999 0.1202199265625
0 0.1088416375 0.4196320328125 0.159787459375 0.13631261874999995
0 0.12454193984374999 0.5243586796875 0.15529981718750002 0.123995540625
0 0.14764163359375 0.6231701843749999 0.1591610453125 0.12353461249999995
0 0.16358538984374998 0.74187281015625 0.15605772343749996 0.12375003906249997
0 0.19695482109375 0.24614263125 0.1459989109375 0.13489053125
0 0.22102619375000004 0.3383482265625 0.14860770625000003 0.10962725937500002
0 0.24320002109375 0.43576656171875 0.1521500328125 0.11818525156250001
0 0.271622665625 0.5364594046875 0.155478165625 0.12062368750000001
0 0.29278308515624996 0.6454009703125 0.1374547421875 0.11922472187499995
0 0.30709559296875 0.7650241796874999 0.1497668265625 0.12509778749999995
0 0.30300159453125 0.15725975234375 0.1438964203125 0.10306428906250001
0 0.3282976390625 0.26035555078125 0.14242823749999997 0.1083036296875
0 0.35656172421875 0.3551082984375 0.14454134218750006 0.11097500937500002
0 0.37841771406249997 0.46745769453125 0.14544769687499998 0.10891323593750002
0 0.40146535234375 0.55709671328125 0.15019638281250006 0.11698618281250006
0 0.42410729375 0.6693520375 0.15201931562499996 0.12226119999999999
0 0.44957247578125 0.781623325 0.15915198906249994 0.13926979687499993
0 0.39705571171875 0.10046088984375001 0.13633380468750006 0.10893834843750001
0 0.42445956328124995 0.18944808749999997 0.13715629218749997 0.10678868749999999
0 0.44284706015625 0.29124017265625 0.14795333906249994 0.11773588593749999
0 0.479024303125 0.37678542890625 0.146148525 0.1102986515625
0 0.49693973828125 0.48061579765625 0.14072696406249996 0.11782774218750003
0 0.52481595 0.5861634820312499 0.14097972812500004 0.12232596406249999
0 0.5655695140625 0.6897400484375 0.14660681249999996 0.12468708125000001
0 0.5857998570312499 0.80629819375 0.1464477515625 0.12568030000000005
0 0.50883412578125 0.03758961328125 0.13854850468750007 0.0751792265625
0 0.52174777734375 0.12252716875 0.13873552031249997 0.09860175
0 0.54652953046875 0.21860971875000001 0.13508059531249997 0.09988672187500003
0 0.57590538125 0.30291513828125 0.13437070625 0.10893933906250002
0 0.60200993671875 0.40331444609375 0.14181127656250006 0.11135167031250001
0 0.630278540625 0.502053634375 0.13989502812500004 0.11340287187500006
0 0.6585426492187499 0.5966882757812499 0.13909143593750004 0.13243259218749995
0 0.6963329773437501 0.71096246015625 0.1408856359375 0.12407846406250007
0 0.7244481109375001 0.8200865734375 0.1464005125 0.12676041249999992
0 0.62115809765625 0.05117648359375 0.13771734531249996 0.0911142953125
0 0.64720665 0.13758524375 0.13379036875 0.10206248437499998
0 0.6807556773437501 0.22939735624999996 0.1347534109375 0.09963064999999997
0 0.7035321015625 0.32412597265625 0.14172702187500005 0.1051491859375
0 0.7325350710937499 0.41488964140625006 0.13860480156249996 0.11041164843750004
0 0.76967021015625 0.5146571390625 0.14084939843750002 0.11502485312499999
0 0.79606469375 0.621825290625 0.15064561249999997 0.12165060000000008
0 0.84426005078125 0.73173149140625 0.14604576093749994 0.12681063593750003
0 0.7455365242187499 0.07117838750000001 0.12629349843749987 0.095942925
0 0.7720991749999999 0.16540560703125 0.13180915000000004 0.09481457343750002
0 0.7938841671875 0.25538062968749997 0.13210837812499995 0.10330681249999998
0 0.8284576375 0.3458645109375 0.126274603125 0.10663703125000001
0 0.8609377359374999 0.44320024140625003 0.13685706249999993 0.10467868281249997
0 0.8992974890625 0.5385881921875 0.13364153124999997 0.11301529062500001
0 0.9217686937500001 0.63917945 0.10545404375 0.11712528437499996