0 0.68359375 0.471875 0.0875 0.125
0 0.49765625 0.47109375 0.109375 0.134375
0 0.703125 0.571875 0.08125 0.1109375
0 0.9078125 0.57734375 0.0671875 0.096875
0 0.75859375 0.4734375 0.08125 0.121875
0 0.7796875 0.578125 0.0734375 0.1046875
0 0.534375 0.5734375 0.09375 0.1171875
0 0.83203125 0.5625 0.0515625 0.09375
0 0.89921875 0.4796875 0.065625 0.1109375
0 0.9625 0.48125 0.0703125 0.103125
0 0.834375 0.48515625 0.078125 0.1140625
0 0.5984375 0.47421875 0.0984375 0.13125
0 0.96015625 0.56640625 0.05625 0.0921875
0 0.6265625 0.575 0.0890625 0.1109375
0 0.9890625 0.56796875 0.0203125 0.0921875
0 0.98828125 0.48203125 0.0203125 0.096875
0 0.015625 0.753125 0.03125 0.096875
0 0.38203125 0.46875 0.11875 0.140625
0 0.4296875 0.56484375 0.1078125 0.1171875
0 0.24921875 0.465625 0.1296875 0.146875
0 0.1078125 0.478125 0.1484375 0.1609375
0 0.05078125 0.609375 0.1015625 0.153125
0 0.18359375 0.609375 0.1390625 0.1546875
0 0.30546875 0.59296875 0.1171875 0.1375
0 0.0125 0.48984375 0.025 0.125
0 0.109375 0.7265625 0.14375 0.1359375
0 0.2484375 0.6890625 0.125 0.1328125
0 0.3609375 0.67421875 0.1109375 0.1265625
0 0.4625 0.6765625 0.0859375 0.1046875
0 0.559375 0.67265625 0.0859375 0.10625
0 0.64296875 0.66875 0.0796875 0.1015625
0 0.70546875 0.640625 0.0703125 0.1015625
0 0.78515625 0.65546875 0.0640625 0.10625
0 0.83828125 0.64296875 0.0625 0.1
0 0.89453125 0.64453125 0.065625 0.09375
0 0.9484375 0.625 0.0640625 0.078125
0 0.9875 0.62890625 0.025 0.075
0 0.059375 0.87265625 0.11875 0.1296875
0 0.01875 0.95 0.0375 0.0859375
0 0.125 0.91171875 0.1203125 0.121875
0 0.18203125 0.81640625 0.125 0.1109375
0 0.2390625 0.896875 0.10625 0.1078125
0 0.30234375 0.78828125 0.109375 0.1140625
0 0.34921875 0.896875 0.121875 0.121875
0 0.40234375 0.771875 0.0953125 0.1234375
0 0.440625 0.8671875 0.090625 0.10625
0 0.490625 0.7515625 0.0875 0.0984375
0 0.5296875 0.84765625 0.090625 0.10625
0 0.57578125 0.74375 0.08125 0.09375
0 0.59140625 0.81875 0.08125 0.096875
0 0.6390625 0.72421875 0.059375 0.075
0 0.6671875 0.7984375 0.0671875 0.096875
0 0.7140625 0.71953125 0.0734375 0.096875
0 0.7796875 0.7171875 0.0609375 0.0703125
0 0.83828125 0.7 0.053125 0.06875
0 0.8890625 0.696875 0.053125 0.075
0 0.95234375 0.69296875 0.065625 0.0625
0 0.98828125 0.740625 0.0234375 0.078125
0 0.98515625 0.675 0.0296875 0.065625
0 0.95390625 0.7625 0.0453125 0.08125
0 0.8984375 0.76015625 0.0515625 0.0734375
0 0.846875 0.7703125 0.05625 0.09375
0 0.7890625 0.77734375 0.059375 0.078125
0 0.72890625 0.80234375 0.06875 0.1046875