0 0.31875 0.14453125 0.13125 0.175
0 0.4375 0.1375 0.121875 0.1703125
0 0.5484375 0.13125 0.1203125 0.1640625
0 0.6546875 0.12890625 0.115625 0.165625
0 0.75546875 0.1140625 0.10625 0.1578125
0 0.2625 0.2828125 0.128125 0.1671875
0 0.384375 0.27421875 0.121875 0.15625
0 0.49765625 0.2671875 0.11875 0.15625
0 0.6015625 0.26015625 0.109375 0.1578125
0 0.70390625 0.24921875 0.115625 0.1515625
0 0.81640625 0.23671875 0.1109375 0.1515625
0 0.20546875 0.41796875 0.13125 0.1625
0 0.33125 0.4125 0.128125 0.1640625
0 0.44609375 0.4015625 0.1140625 0.153125
0 0.54609375 0.3875 0.10625 0.146875
0 0.65859375 0.37421875 0.115625 0.1484375
0 0.759375 0.36796875 0.10625 0.1484375
0 0.8640625 0.34453125 0.109375 0.1421875
0 0.15703125 0.54609375 0.125 0.1515625
0 0.2765625 0.53984375 0.1265625 0.153125
0 0.3921875 0.5234375 0.115625 0.153125
0 0.50234375 0.50859375 0.1125 0.1375
0 0.60546875 0.50234375 0.1125 0.140625
0 0.70859375 0.4875 0.1125 0.1421875
0 0.80546875 0.46796875 0.1046875 0.1375
0 0.9 0.4578125 0.0984375 0.1375
0 0.11484375 0.6796875 0.1203125 0.15
0 0.24609375 0.91171875 0.121875 0.14375
0 0.228125 0.66640625 0.125 0.15
0 0.34296875 0.646875 0.11875 0.146875
0 0.45078125 0.63125 0.1125 0.1453125
0 0.55390625 0.6234375 0.1125 0.1453125
0 0.65859375 0.60078125 0.109375 0.140625
0 0.7546875 0.58515625 0.1 0.13125
0 0.85234375 0.57578125 0.1046875 0.128125
0 0.8484375 0.8 0.0984375 0.1296875
0 0.753125 0.8046875 0.096875 0.1328125
0 0.6609375 0.82109375 0.1 0.128125
0 0.56171875 0.84609375 0.10625 0.1328125
0 0.4578125 0.86796875 0.1046875 0.1359375
0 0.35390625 0.884375 0.1125 0.1484375
0 0.1703125 0.809375 0.1234375 0.153125
0 0.2921875 0.78203125 0.11875 0.1484375
0 0.40234375 0.765625 0.1203125 0.1390625
0 0.50703125 0.74375 0.1125 0.1421875
0 0.615625 0.7234375 0.1078125 0.1359375
0 0.71015625 0.71640625 0.1 0.1359375
0 0.8015625 0.6953125 0.1 0.1359375
0 0.89140625 0.67578125 0.096875 0.1328125
0 0.94375 0.5671875 0.1 0.140625