0 0.96796875 0.69453125 0.0640625 0.1203125
0 0.92421875 0.7046875 0.0796875 0.125
0 0.86953125 0.7125 0.0796875 0.1296875
0 0.8140625 0.72109375 0.090625 0.1390625
0 0.7359375 0.73515625 0.0984375 0.146875
0 0.971875 0.60546875 0.05625 0.1109375
0 0.925 0.6078125 0.071875 0.11875
0 0.878125 0.61171875 0.08125 0.128125
0 0.815625 0.6171875 0.0828125 0.128125
0 0.75 0.6234375 0.0921875 0.1359375
0 0.6859375 0.63046875 0.1015625 0.146875
0 0.6171875 0.53046875 0.1046875 0.1484375
0 0.6953125 0.52265625 0.0921875 0.1359375
0 0.77421875 0.5171875 0.0875 0.134375
0 0.8140625 0.521875 0.0671875 0.11875
0 0.884375 0.51796875 0.0765625 0.1203125
0 0.9359375 0.51796875 0.0703125 0.115625
0 0.97578125 0.51875 0.0484375 0.109375
0 0.97265625 0.43984375 0.0546875 0.1046875
0 0.9390625 0.4328125 0.06875 0.1140625
0 0.87734375 0.434375 0.071875 0.1140625
0 0.82109375 0.43203125 0.075 0.1203125
0 0.76953125 0.4265625 0.0796875 0.1234375
0 0.70234375 0.4265625 0.090625 0.134375
0 0.6296875 0.42578125 0.096875 0.1390625
0 0.54765625 0.425 0.10625 0.1453125
0 0.96640625 0.36640625 0.0515625 0.0984375
0 0.93125 0.35546875 0.0625 0.103125
0 0.8796875 0.353125 0.06875 0.1109375
0 0.82734375 0.34765625 0.071875 0.115625
0 0.77734375 0.33671875 0.08125 0.121875
0 0.7125 0.33125 0.084375 0.1265625
0 0.63984375 0.3296875 0.0875 0.1296875
0 0.57421875 0.31484375 0.0984375 0.1421875
0 0.5046875 0.29921875 0.10625 0.1515625
0 0.9421875 0.27578125 0.0578125 0.103125
0 0.8984375 0.26796875 0.0671875 0.109375
0 0.84375 0.26015625 0.0734375 0.115625
0 0.7859375 0.2515625 0.0765625 0.1203125
0 0.73203125 0.23984375 0.084375 0.1234375
0 0.6640625 0.228125 0.0875 0.1296875
0 0.596875 0.2171875 0.09375 0.1328125
0 0.50234375 0.2015625 0.1015625 0.14375
0 0.9015625 0.19453125 0.0640625 0.1046875
0 0.84765625 0.18515625 0.06875 0.109375
0 0.7984375 0.16953125 0.071875 0.1140625
0 0.73359375 0.1625 0.0765625 0.121875
0 0.67265625 0.146875 0.084375 0.125
0 0.6078125 0.1296875 0.090625 0.13125
0 0.5421875 0.1046875 0.0984375 0.1421875