0 0.1625 0.2578125 0.1828125 0.1375
0 0.15859375 0.38125 0.18125 0.1359375
0 0.16015625 0.50234375 0.184375 0.1375
0 0.16328125 0.61796875 0.1828125 0.1390625
0 0.159375 0.74140625 0.178125 0.1375
0 0.29375 0.18828125 0.1703125 0.1359375
0 0.29609375 0.3140625 0.175 0.134375
0 0.30078125 0.4328125 0.1703125 0.13125
0 0.3015625 0.54921875 0.1671875 0.1328125
0 0.30078125 0.6640625 0.175 0.1328125
0 0.296875 0.79296875 0.171875 0.1359375
0 0.42890625 0.11953125 0.165625 0.1296875
0 0.553125 0.06953125 0.159375 0.121875
0 0.6765625 0.0390625 0.146875 0.078125
0 0.91484375 0.11328125 0.1234375 0.11875
0 0.80625 0.059375 0.15 0.11875
0 0.68046875 0.1234375 0.153125 0.1234375
0 0.5609375 0.17734375 0.1578125 0.1265625
0 0.4296875 0.2421875 0.16875 0.128125
0 0.91171875 0.22734375 0.1328125 0.1171875
0 0.80078125 0.17109375 0.15 0.121875
0 0.675 0.23984375 0.153125 0.121875
0 0.91484375 0.33203125 0.134375 0.1109375
0 0.8046875 0.28515625 0.15 0.121875
0 0.67578125 0.35234375 0.1515625 0.11875
0 0.55234375 0.3 0.15625 0.125
0 0.43359375 0.365625 0.165625 0.1328125
0 0.67890625 0.4609375 0.1578125 0.121875
0 0.79765625 0.396875 0.146875 0.11875
0 0.9 0.446875 0.14375 0.11875
0 0.8 0.51015625 0.15 0.1203125
0 0.90234375 0.55078125 0.1390625 0.11875
0 0.9046875 0.7703125 0.13125 0.11875
0 0.89921875 0.65625 0.1390625 0.1171875
0 0.428125 0.71640625 0.1609375 0.128125
0 0.428125 0.48125 0.15625 0.125
0 0.434375 0.59375 0.16875 0.1359375
0 0.42109375 0.8421875 0.1640625 0.13125
0 0.8015625 0.6203125 0.1515625 0.11875
0 0.7984375 0.73046875 0.146875 0.1265625
0 0.79765625 0.84453125 0.14375 0.121875
0 0.67734375 0.90546875 0.153125 0.1203125
0 0.66875 0.79296875 0.15 0.128125
0 0.66328125 0.6828125 0.146875 0.11875
0 0.67578125 0.57421875 0.1515625 0.121875
0 0.55390625 0.4171875 0.15625 0.121875
0 0.55234375 0.64453125 0.15625 0.1265625
0 0.54921875 0.76875 0.15625 0.128125
0 0.5578125 0.52890625 0.15625 0.125
0 0.5484375 0.884375 0.1546875 0.121875