0 0.72517064296875 0.09520269453124999 0.13513863906249995 0.1648131953125
0 0.6029732601562501 0.12031917968750001 0.13848290781250006 0.18090369375
0 0.4771296890625 0.1375024453125 0.12386232187499999 0.17164156249999998
0 0.35391192812499994 0.15667709062500002 0.12597747499999995 0.17003425
0 0.22887064218750003 0.1743059484375 0.13176644999999998 0.162392025
0 0.80626908125 0.2288510171875 0.13725292812499995 0.16553561562500002
0 0.6703162859375 0.25197926875 0.11975649375000001 0.15897072499999998
0 0.54708981953125 0.27378176015625 0.12019987343750005 0.15669464531250002
0 0.42669703750000004 0.293079453125 0.12684365625000002 0.163340015625
0 0.3051924265625 0.30894167890624996 0.12385282499999999 0.15490912031249998
0 0.17480180390625 0.325580796875 0.12797764843749998 0.1628368625
0 0.8762677070312499 0.34898151875 0.13373856093749997 0.16218849687499998
0 0.74123743046875 0.37752793125000006 0.11761255781249993 0.158368203125
0 0.61464187109375 0.40295279453125 0.12399658906250002 0.15449425781249998
0 0.4947098804687499 0.41161920703125 0.11615721718750001 0.14572268281249995
0 0.37511780234375 0.43697391718750006 0.12330640781249995 0.14665177812500002
0 0.25395353359375 0.45738597343750004 0.1264172609375 0.1485918375
0 0.12904687265624998 0.4743579015625 0.1359871171875 0.16094567187500003
0 0.9172422453125 0.46633033515625 0.11771559687500002 0.15255885781249998
0 0.8047030078124999 0.48686153515625 0.1219769875 0.1500903328125
0 0.67885864453125 0.51178085546875 0.11417517968749999 0.14901614843750002
0 0.559122659375 0.53570331640625 0.11965619062500003 0.13623813281250002
0 0.446920021875 0.5508076671875 0.11695792187500001 0.14234873750000004
0 0.3255786734375 0.56833243125 0.11813767500000001 0.145508196875
0 0.20434806328125 0.59859660859375 0.12447982968750002 0.14544510156250007
0 0.085179071875 0.603958475 0.11827467500000002 0.14547507499999995
0 0.9461290421874999 0.59842150625 0.061039434375000035 0.14383355937499998
0 0.85484072265625 0.6093453867187499 0.12149691406250004 0.1461690296875
0 0.7401258187499999 0.6170441 0.1100713625 0.14099533437499998
0 0.62845304921875 0.6448838976562501 0.11554129531250004 0.14708074843750002
0 0.5105002953125 0.66665565703125 0.11354702187500001 0.14621323906250003
0 0.397585603125 0.68127341796875 0.11407487500000002 0.1415868953125
0 0.28553558046875 0.6971277726562499 0.1179682953125 0.1412130890625
0 0.1664919328125 0.72289180546875 0.11782655 0.13871144218749992
0 0.0579281140625 0.7357176828124999 0.115856228125 0.1363217593749999
0 0.9109229031249999 0.7234117578125 0.11847787500000014 0.13551407187500003
0 0.8005758828125 0.739732234375 0.11736820312499993 0.14093701874999995
0 0.6888083523437499 0.76183290078125 0.11634084531250002 0.14248752968750003
0 0.5738192304687499 0.78027649765625 0.11464187343750006 0.1343390046875
0 0.458601871875 0.7969392289062499 0.11607864687500005 0.1418187609374999
0 0.34860771484374997 0.8176013515625 0.11962381093749999 0.14107580937500003
0 0.23311103046874998 0.84239768359375 0.1193806046875 0.14043072031250006
0 0.11823243203125 0.86069140625 0.12620758593749998 0.14150011874999996
0 0.86085995 0.8528782609375 0.10947947187500003 0.1318262718749999
0 0.7436512687500001 0.8640337273437501 0.10930894062500007 0.1359257890625
0 0.63765616171875 0.8785899656249999 0.11221803593750002 0.1343058812499999
0 0.18850627968749997 0.94630156953125 0.11461265937499998 0.09081342656249998
0 0.2988500609375 0.9317601015625 0.11863833125000003 0.10827729687499996
0 0.41023616562500004 0.9208633304687499 0.10863415937499998 0.11880607031249983
0 0.5271276023437499 0.8951557203124999 0.10972900781249999 0.13255662812499996