0 0.04453125 0.57578125 0.0890625 0.1328125
0 0.16875 0.56796875 0.1234375 0.121875
0 0.28984375 0.5625 0.1140625 0.115625
0 0.39375 0.55 0.0953125 0.10625
0 0.48828125 0.54765625 0.084375 0.096875
0 0.56875 0.5609375 0.075 0.0875
0 0.64453125 0.54765625 0.06875 0.084375
0 0.7140625 0.5453125 0.0625 0.075
0 0.77578125 0.53203125 0.053125 0.084375
0 0.83359375 0.53515625 0.0515625 0.0734375
0 0.890625 0.53359375 0.0484375 0.078125
0 0.98515625 0.55 0.0296875 0.065625
0 0.95234375 0.56171875 0.0328125 0.0625
0 0.9125 0.56953125 0.0390625 0.0703125
0 0.87890625 0.58046875 0.0453125 0.053125
0 0.828125 0.596875 0.0546875 0.065625
0 0.78359375 0.6125 0.05625 0.08125
0 0.72578125 0.621875 0.059375 0.0765625
0 0.6625 0.634375 0.0703125 0.0828125
0 0.58203125 0.61484375 0.0609375 0.065625
0 0.51171875 0.6453125 0.075 0.0890625
0 0.4265625 0.64296875 0.0890625 0.090625
0 0.33828125 0.65546875 0.096875 0.10625
0 0.23125 0.66328125 0.103125 0.1046875
0 0.1015625 0.665625 0.121875 0.121875
0 0.0515625 0.76328125 0.103125 0.115625
0 0.15390625 0.7546875 0.128125 0.1015625
0 0.2734375 0.740625 0.103125 0.103125
0 0.36328125 0.72421875 0.090625 0.1046875
0 0.44140625 0.690625 0.0734375 0.0828125
0 0.53125 0.70703125 0.078125 0.075
0 0.59921875 0.6921875 0.065625 0.075
0 0.65859375 0.68203125 0.065625 0.0640625
0 0.715625 0.67109375 0.0625 0.0671875
0 0.77109375 0.66875 0.0453125 0.0515625
0 0.81640625 0.63984375 0.05 0.0578125
0 0.8640625 0.63671875 0.040625 0.046875
0 0.909375 0.62578125 0.0359375 0.046875
0 0.9421875 0.60546875 0.040625 0.065625
0 0.978125 0.59609375 0.0375 0.075
0 0.96875 0.6453125 0.0359375 0.065625
0 0.93671875 0.66640625 0.040625 0.0578125
0 0.9 0.6703125 0.0484375 0.0546875
0 0.86015625 0.675 0.0484375 0.0578125
0 0.82109375 0.69765625 0.04375 0.053125
0 0.93984375 0.709375 0.0390625 0.05
0 0.903125 0.72265625 0.046875 0.0859375
0 0.86484375 0.73046875 0.046875 0.0796875
0 0.8234375 0.7453125 0.0484375 0.0703125
0 0.77265625 0.70390625 0.0484375 0.0578125
0 0.72109375 0.7171875 0.0671875 0.0578125
0 0.6578125 0.72421875 0.0671875 0.065625
0 0.73046875 0.7734375 0.05625 0.05625
0 0.77734375 0.75234375 0.0484375 0.0828125
0 0.67734375 0.778125 0.05625 0.06875
0 0.60234375 0.73828125 0.0625 0.06875
0 0.61640625 0.79609375 0.05625 0.0671875
0 0.5421875 0.74921875 0.078125 0.0625
0 0.55625 0.80390625 0.0640625 0.06875
0 0.4703125 0.7640625 0.0765625 0.078125
0 0.4890625 0.81875 0.075 0.084375
0 0.38828125 0.765625 0.0828125 0.075
0 0.41171875 0.83359375 0.078125 0.075
0 0.3078125 0.79375 0.09375 0.084375
0 0.3359375 0.8546875 0.075 0.078125
0 0.25 0.89140625 0.0890625 0.0828125
0 0.209375 0.81484375 0.090625 0.0875
0 0.096875 0.8390625 0.1109375 0.0828125
0 0.1484375 0.9046875 0.103125 0.0890625
0 0.05078125 0.93203125 0.1015625 0.1
0 0.021875 0.859375 0.04375 0.096875
0 0.0109375 0.7 0.021875 0.1015625