0 0.16434286328125 0.2092677921875 0.14414683906249998 0.1151808375
0 0.15001837812500002 0.31018931875 0.155545625 0.11816721250000004
0 0.1353006109375 0.41730973984375 0.15705159375000002 0.11405206718750005
0 0.12014768828125 0.5298554140625 0.1565841265625 0.11472926562500003
0 0.1051437421875 0.64471780625 0.15390929375 0.11503373437499995
0 0.29004419375 0.16216791874999997 0.13799493125 0.10331668749999998
0 0.275770384375 0.26886036640625 0.13973405312499998 0.10118660468749999
0 0.26941632968749996 0.37360302421874997 0.14450284687499998 0.11060386093749996
0 0.26337599453125 0.48131280937500004 0.15167435468749998 0.11560532812500002
0 0.24359033671875002 0.59566820625 0.1485615703125 0.11354611249999999
0 0.22858185937500003 0.7153535124999999 0.154685903125 0.122211484375
0 0.40293885859375 0.11459655390625001 0.13972343593750006 0.09734240468750001
0 0.39926413046875 0.3301329234375 0.14570834531249996 0.11120307812500001
0 0.38160574921875 0.44320161484375 0.13828439531249997 0.10229975156249997
0 0.38337742812500003 0.549397328125 0.14761601875000002 0.11586742499999998
0 0.367406384375 0.666709696875 0.152937334375 0.11769303749999996
0 0.36263230156250004 0.7900147515625001 0.15607963437499994 0.13055501562500008
0 0.52315510546875 0.09466809296875 0.13083171093749996 0.0983860921875
0 0.5145483765625001 0.1901108953125 0.13281459687499994 0.09703029062499999
0 0.5086767421875 0.29741281953125 0.14297797812499996 0.10881733593749998
0 0.5065350125 0.39842807890625 0.140781615625 0.11086977968750004
0 0.49873694296875 0.50959786796875 0.13944458593750006 0.10657608281249997
0 0.49724503046875 0.61622883359375 0.13908935781249995 0.1101581859375
0 0.4935884187499999 0.7324171890625 0.146297890625 0.11842669062500004
0 0.48453143125000003 0.84956940859375 0.146598359375 0.12414859843749992
0 0.640776321875 0.05813926015625 0.13694698124999993 0.09297663281249999
0 0.6352178710937499 0.16076711875 0.13584310468750002 0.09492139375000001
0 0.61984615390625 0.26066185234375 0.13426347343749995 0.09656081093750002
0 0.630262725 0.353781165625 0.13077578437499993 0.10971371562500006
0 0.628551678125 0.4618257265625 0.13536696250000002 0.10782453749999998
0 0.61276301953125 0.56864271796875 0.13557253906249994 0.1081298828125
0 0.6142125109375 0.67586894453125 0.13952886250000002 0.11230650781250003
0 0.6126456140625001 0.7905926101562499 0.13977146562499998 0.11948894843749995
0 0.60842803671875 0.9156747031249999 0.14587728593750002 0.1192286000000001
0 0.74162368984375 0.8609896234375001 0.14446543281250007 0.11877910312500006
0 0.7420921445312499 0.74325890078125 0.1404539609375 0.11754123906250005
0 0.73936209765625 0.6316113515625 0.13057059531249998 0.11476017187499998
0 0.73915163984375 0.522209646875 0.13345022968749998 0.10850642812500003
0 0.74674388203125 0.412362703125 0.13658230156250006 0.10831815312499997
0 0.7384358921875 0.31152837734375 0.12483812500000005 0.10437599843749998
0 0.74621499375 0.22135339531250003 0.12157452500000003 0.10411008125000001
0 0.7342320085937499 0.12444050703125001 0.1427629484375 0.0937276484375
0 0.8545471156250001 0.1807755953125 0.12063091562500006 0.09619955312500002
0 0.844378640625 0.28097761640624996 0.11748822812499995 0.10091391406249998
0 0.84487935234375 0.37003753515625004 0.12541783281249996 0.10317461093750002
0 0.85113999375 0.47696334765625004 0.12730699375000007 0.10560326718750002
0 0.8568107671875002 0.5816680898437501 0.12956950625000002 0.10861585156249998
0 0.8578766117187501 0.6906126515625 0.13070134531249994 0.11322166249999999
0 0.40178903984375003 0.22551202734375 0.1417157734375 0.10485519843749999
0 0.8630848609375 0.80213455078125 0.13617153437500001 0.11983458906249993