0 0.42578125 0.215625 0.1546875 0.2046875
0 0.4640625 0.48125 0.140625 0.1703125
0 0.5046875 0.34765625 0.1484375 0.184375
0 0.52890625 0.9375 0.1390625 0.125
0 0.20234375 0.96875 0.13125 0.0625
0 0.4578125 0.85859375 0.140625 0.1671875
0 0.425 0.6140625 0.140625 0.1703125
0 0.3484375 0.49921875 0.1484375 0.18125
0 0.30859375 0.62734375 0.14375 0.1734375
0 0.55234375 0.19609375 0.1546875 0.2046875
0 0.64140625 0.934375 0.1296875 0.13125
0 0.8578125 0.9203125 0.1375 0.159375
0 0.11796875 0.91484375 0.14375 0.16875
0 0.31171875 0.95859375 0.128125 0.0828125
0 0.41796875 0.95234375 0.13125 0.0953125
0 0.2671875 0.37578125 0.1515625 0.190625
0 0.38984375 0.36171875 0.1484375 0.1890625
0 0.3875 0.74140625 0.140625 0.16875
0 0.30390625 0.22890625 0.1546875 0.2
0 0.19140625 0.64921875 0.1484375 0.1796875
0 0.27421875 0.75625 0.140625 0.1703125
0 0.74375 0.925 0.1375 0.15
0 0.35 0.8765625 0.140625 0.1703125
0 0.22421875 0.5140625 0.1484375 0.184375
0 0.67265625 0.1765625 0.15625 0.196875
0 0.18515625 0.24375 0.15625 0.2046875
0 0.571875 0.8421875 0.1375 0.16875
0 0.16171875 0.7765625 0.140625 0.1734375
0 0.5390625 0.60390625 0.140625 0.1765625
0 0.496875 0.7296875 0.140625 0.16875
0 0.79140625 0.80859375 0.1375 0.175
0 0.14375 0.38984375 0.153125 0.1921875
0 0.23671875 0.89296875 0.140625 0.171875
0 0.68046875 0.828125 0.1359375 0.16875
0 0.57890625 0.47421875 0.1453125 0.1859375
0 0.059375 0.7875 0.11875 0.165625
0 0.6109375 0.71484375 0.1421875 0.1671875
0 0.83203125 0.68359375 0.1375 0.16875
0 0.103125 0.53046875 0.1515625 0.1875
0 0.075 0.66015625 0.1484375 0.18125
0 0.7203125 0.69140625 0.134375 0.165625
0 0.69921875 0.45703125 0.1484375 0.184375
0 0.625 0.33046875 0.146875 0.1828125
0 0.90390625 0.79921875 0.1359375 0.159375
0 0.65234375 0.59296875 0.1375 0.1515625
0 0.8875 0.55 0.140625 0.1671875
0 0.82578125 0.43203125 0.1546875 0.18125
0 0.80234375 0.97734375 0.1234375 0.0453125
0 0.77265625 0.57421875 0.1421875 0.1640625
0 0.74921875 0.30625 0.1703125 0.2015625
0 0.9265625 0.6734375 0.109375 0.1734375