0 0.3390625 0.33828125 0.090625 0.1296875
0 0.3890625 0.73359375 0.0890625 0.128125
0 0.26171875 0.73125 0.08125 0.1171875
0 0.41171875 0.6375 0.0859375 0.1265625
0 0.33984375 0.6390625 0.0859375 0.1203125
0 0.27578125 0.35390625 0.078125 0.1203125
0 0.22265625 0.36484375 0.075 0.1140625
0 0.23984375 0.2640625 0.0765625 0.121875
0 0.2984375 0.24921875 0.0859375 0.1265625
0 0.2640625 0.45390625 0.078125 0.1203125
0 0.484375 0.63828125 0.0984375 0.1390625
0 0.38984375 0.43203125 0.090625 0.128125
0 0.4640625 0.74921875 0.0984375 0.140625
0 0.3265625 0.44140625 0.08125 0.11875
0 0.28203125 0.63828125 0.075 0.1171875
0 0.24296875 0.546875 0.0765625 0.1140625
0 0.4359375 0.5328125 0.0953125 0.134375
0 0.296875 0.825 0.08125 0.1203125
0 0.1796875 0.2796875 0.0734375 0.115625
0 0.34375 0.5390625 0.0984375 0.13125
0 0.2 0.725 0.075 0.1125
0 0.16171875 0.55234375 0.103125 0.1140625
0 0.21640625 0.6421875 0.078125 0.1109375
0 0.32734375 0.7296875 0.08125 0.1203125
0 0.3015625 0.5390625 0.0703125 0.115625
0 0.3734375 0.83359375 0.0921875 0.134375
0 0.24921875 0.81875 0.0796875 0.121875
0 0.1921875 0.80859375 0.0703125 0.109375
0 0.203125 0.4625 0.078125 0.1109375
0 0.1453125 0.38203125 0.090625 0.1125
0 0.07421875 0.39296875 0.0671875 0.1046875
0 0.15546875 0.64296875 0.075 0.1109375
0 0.10078125 0.3015625 0.0984375 0.1171875
0 0.22890625 0.06171875 0.075 0.0640625
0 0.15546875 0.46796875 0.071875 0.115625
0 0.10625 0.475 0.078125 0.1078125
0 0.05625 0.478125 0.071875 0.1109375
0 0.03046875 0.56484375 0.0546875 0.121875
0 0.0734375 0.55546875 0.0640625 0.103125
0 0.03359375 0.64375 0.065625 0.109375
0 0.06875 0.63828125 0.0625 0.10625
0 0.12421875 0.6421875 0.06875 0.115625
0 0.12421875 0.29921875 0.071875 0.115625
0 0.0828125 0.30625 0.075 0.1171875
0 0.0578125 0.71796875 0.0625 0.10625
0 0.0984375 0.7171875 0.0671875 0.103125
0 0.15234375 0.72265625 0.06875 0.0953125
0 0.12578125 0.80390625 0.078125 0.109375
0 0.0875 0.8015625 0.0765625 0.0984375
0 0.4296875 0.84609375 0.1 0.146875
0 0.18359375 0.98984375 0.0640625 0.01875
0 0.134375 0.9875 0.059375 0.0234375
0 0.163328125 0.06828125 0.052234375 0.074359375
0 0.11521875 0.087984375 0.046921875 0.08184375
0 0.063203125 0.0988125 0.049375 0.08753125