0 0.10625 0.28125 0.0234375 0.05625
0 0.1640625 0.28046875 0.0234375 0.0734375
0 0.246875 0.26796875 0.0390625 0.06875
0 0.3328125 0.2671875 0.0296875 0.0796875
0 0.3703125 0.25859375 0.028125 0.0765625
0 0.4421875 0.25546875 0.040625 0.0953125
0 0.50078125 0.2359375 0.05 0.090625
0 0.61953125 0.22890625 0.0859375 0.0921875
0 0.1609375 0.36796875 0.0265625 0.05625
0 0.1796875 0.36640625 0.01875 0.0328125
0 0.23515625 0.36796875 0.025 0.05625
0 0.259375 0.36875 0.025 0.078125
0 0.31328125 0.37109375 0.028125 0.075
0 0.34765625 0.36875 0.034375 0.071875
0 0.4109375 0.37421875 0.034375 0.0796875
0 0.45546875 0.378125 0.0453125 0.0796875
0 0.5390625 0.38671875 0.0453125 0.078125
0 0.6203125 0.38359375 0.04375 0.075
0 0.14609375 0.428125 0.015625 0.0453125
0 0.1578125 0.4390625 0.0125 0.05
0 0.20859375 0.44375 0.0296875 0.046875
0 0.23515625 0.45859375 0.0234375 0.0765625
0 0.28828125 0.459375 0.025 0.075
0 0.325 0.4796875 0.0390625 0.0890625
0 0.3875 0.4859375 0.046875 0.090625
0 0.43828125 0.50078125 0.0484375 0.090625
0 0.5171875 0.509375 0.053125 0.08125
0 0.5984375 0.5375 0.0578125 0.109375
0 0.16328125 0.5015625 0.025 0.0421875
0 0.20546875 0.50703125 0.03125 0.053125
0 0.2265625 0.52421875 0.0234375 0.046875
0 0.2765625 0.5296875 0.040625 0.0625
0 0.30234375 0.53984375 0.025 0.05625
0 0.35703125 0.55390625 0.0515625 0.08125
0 0.39765625 0.578125 0.0328125 0.0671875
0 0.4578125 0.5828125 0.0625 0.096875
0 0.521875 0.621875 0.0515625 0.084375
0 0.615625 0.653125 0.0671875 0.090625
0 0.153125 0.56953125 0.0296875 0.0453125
0 0.17578125 0.58671875 0.0265625 0.0703125
0 0.215625 0.6046875 0.025 0.0515625
0 0.2390625 0.61796875 0.021875 0.0671875
0 0.2875 0.63671875 0.0359375 0.06875
0 0.3203125 0.6640625 0.0328125 0.0703125
0 0.37734375 0.68046875 0.0375 0.0625
0 0.428125 0.7109375 0.040625 0.08125
0 0.509375 0.7453125 0.046875 0.0796875
0 0.58671875 0.79765625 0.059375 0.0921875