0 0.8802099796875 0.30897438515625 0.15822941562500006 0.12811434843749997
0 0.8626624390625001 0.42905182421875 0.16357779062499994 0.1254713921875
0 0.84382329609375 0.53778767421875 0.16305668281250005 0.11773487656249992
0 0.8249864546874999 0.65348659609375 0.17087365312499997 0.12209341718750003
0 0.8063270476562501 0.77208412890625 0.16643198281250005 0.1279672578124999
0 0.7519554062500001 0.21617247968750003 0.15683258125000005 0.138833053125
0 0.728825303125 0.3499795296875 0.14899073437499996 0.11952883437500002
0 0.71110168203125 0.46625032343750006 0.15727403281250005 0.11777851250000007
0 0.69627835 0.5716863476562499 0.15826146875000005 0.1177857859375
0 0.68140426171875 0.69108584375 0.16040139218749996 0.12254456562500007
0 0.66348275625 0.8091118742187501 0.16160650625000006 0.12212370468750011
0 0.52843098125 0.8451158953125001 0.15321831874999994 0.12674993750000008
0 0.54236286015625 0.72942937265625 0.1457858734375 0.1252792515625
0 0.55648098125 0.60735409296875 0.15222765312500003 0.12371966093750002
0 0.5800202406249999 0.4984103828125 0.14054777187500003 0.11638783124999996
0 0.59014105859375 0.38719491718750004 0.15373583906250002 0.116657371875
0 0.61507695078125 0.26895931328125 0.15658572031250007 0.12160970156250003
0 0.6332377250000001 0.142248646875 0.153021571875 0.12186447812499998
0 0.5243027078125 0.08148995390625 0.14463123125 0.1326749078125
0 0.5038189234375 0.1977139078125 0.14520962812500002 0.11348586562499999
0 0.48229592265625004 0.31906227109375 0.14353603593750003 0.11203396093750002
0 0.4637479703125 0.42618978359375 0.135804103125 0.11507151093749997
0 0.45236930234375006 0.53513051796875 0.14016360781250006 0.11563218906250006
0 0.43302351328125005 0.6471787890625 0.14142816093750002 0.11483269374999994
0 0.406442146875 0.7661278351562499 0.15228529999999996 0.12181215468749995
0 0.3996817109375 0.8683563960937499 0.15047619374999996 0.1300073109374999
0 0.38944244609375 0.141842803125 0.1368438078125 0.11399118437500003
0 0.38338204609375 0.25255678046874996 0.1375299640625 0.10412994843750001
0 0.35262735 0.35573578203125 0.14027352187499997 0.11375073593750003
0 0.34030578984375 0.47075566718750006 0.1353943453125 0.11400996250000003
0 0.3296941015625 0.5730096812500001 0.13810585 0.11408128125000001
0 0.30959251718749997 0.6828380828125 0.134463121875 0.11749746874999997
0 0.28764325937499996 0.78735240234375 0.1421964875 0.11978219843750004
0 0.15514108984375 0.82530531171875 0.12634487656249999 0.11083704531250005
0 0.17632389140625 0.71734999140625 0.12996380468750002 0.11656119218749997
0 0.1972156546875 0.60662677734375 0.142440478125 0.11617528593750004
0 0.21553113750000003 0.5026474109375 0.13495540624999997 0.11511515000000001
0 0.22714092578125 0.39246862265625 0.1384103578125 0.10869799531250002
0 0.24448777656249998 0.28526029453125 0.132870259375 0.10787667656249997
0 0.26479353671875 0.18187409062499998 0.1304009515625 0.107061221875
0 0.28268173984375 0.07067744375 0.1343503390625 0.10697535624999999
0 0.14858065859375 0.11083387812500001 0.1284815734375 0.10455080937499998
0 0.14196085703125 0.22129356875 0.1280984859375 0.10551357187499999
0 0.1315566015625 0.3252846921875 0.126452640625 0.10316599062500002
0 0.11149612812500001 0.4261157125 0.1237123125 0.10586430937500002
0 0.27305957109375 0.8871843757812499 0.1293616078125 0.11554914843750001
0 0.39484582421875 0.038404017968749996 0.14649690781249997 0.07680803593749999
0 0.08298230703125001 0.5377326132812501 0.11860522343749999 0.10651085468749999
0 0.08146304140625 0.6482629109375 0.10703439218750002 0.11039577499999993
0 0.071947084375 0.7483860390625001 0.079318640625 0.11163068125000004