0 0.38203125 0.43828125 0.1484375 0.171875
0 0.43046875 0.07890625 0.1421875 0.1375
0 0.29140625 0.53671875 0.15625 0.1828125
0 0.271875 0.39375 0.15625 0.18125
0 0.42578125 0.71328125 0.14375 0.1796875
0 0.71953125 0.19609375 0.1265625 0.1484375
0 0.44296875 0.86171875 0.1515625 0.19375
0 0.40625 0.57265625 0.146875 0.178125
0 0.93125 0.51015625 0.1140625 0.165625
0 0.484375 0.47578125 0.1390625 0.1703125
0 0.46640625 0.3421875 0.140625 0.1671875
0 0.50390625 0.609375 0.1359375 0.165625
0 0.91953125 0.39296875 0.1234375 0.1515625
0 0.2171875 0.80078125 0.1609375 0.1953125
0 0.90625 0.265625 0.1296875 0.1515625
0 0.528125 0.74296875 0.140625 0.178125
0 0.334375 0.83046875 0.1546875 0.1984375
0 0.32109375 0.0546875 0.1421875 0.0953125
0 0.23046875 0.103125 0.15625 0.1828125
0 0.2546875 0.25703125 0.1515625 0.175
0 0.36171875 0.30546875 0.146875 0.16875
0 0.58828125 0.5046875 0.1390625 0.165625
0 0.8109375 0.71328125 0.1375 0.16875
0 0.546875 0.24609375 0.1390625 0.1671875
0 0.31484375 0.68125 0.1515625 0.1859375
0 0.8296875 0.35859375 0.125 0.159375
0 0.64921875 0.2828125 0.134375 0.1609375
0 0.5671875 0.375 0.1359375 0.1640625
0 0.53046875 0.1046875 0.134375 0.165625
0 0.6234375 0.16171875 0.1328125 0.15
0 0.44921875 0.20390625 0.1421875 0.1703125
0 0.17109375 0.50234375 0.1609375 0.1875
0 0.84609375 0.4828125 0.1234375 0.1515625
0 0.66484375 0.4140625 0.134375 0.159375
0 0.34609375 0.15546875 0.15 0.1734375
0 0.753125 0.45546875 0.1234375 0.153125
0 0.71328125 0.6734375 0.1359375 0.16875
0 0.65390625 0.91640625 0.1390625 0.1671875
0 0.875 0.6171875 0.128125 0.159375
0 0.78359375 0.58125 0.13125 0.159375
0 0.15546875 0.359375 0.1578125 0.1890625
0 0.6109375 0.63671875 0.1359375 0.16875
0 0.68515625 0.54375 0.134375 0.159375
0 0.73671875 0.81484375 0.1421875 0.1765625
0 0.62734375 0.77890625 0.1421875 0.1765625
0 0.1421875 0.21875 0.153125 0.178125
0 0.74140625 0.31875 0.125 0.1609375
0 0.19453125 0.65234375 0.1703125 0.2
0 0.55234375 0.890625 0.1421875 0.1859375
0 0.81015625 0.23203125 0.1234375 0.1453125