0 0.8522937515625 0.34239591953125004 0.1649389031250001 0.12736597968750005
0 0.8403029312499999 0.45444505234375 0.15989304999999998 0.1334788578125
0 0.8227278265625 0.57491108515625 0.1572075656249999 0.11510060468749997
0 0.7994052773437501 0.68435826484375 0.15825060468750013 0.10754167968750003
0 0.7863532687499999 0.7763597492187501 0.1457622312499999 0.12395424531250007
0 0.65846261484375 0.8266158351562499 0.1418657890625 0.10681372031249996
0 0.66944828515625 0.7107383484375001 0.13830518593750005 0.10607968124999996
0 0.68170253125 0.6050800203125 0.14783741875 0.11814683749999996
0 0.694406465625 0.5035291734375 0.153494828125 0.11460115000000001
0 0.70870515859375 0.38914057109375 0.15093497031250003 0.11120113593749999
0 0.73094248515625 0.26291412890625 0.1598725328125 0.1325977265625
0 0.54294500390625 0.8649512523437501 0.1374338578125 0.10310476406249994
0 0.5457025390625001 0.752544909375 0.13935548437500006 0.10662722499999999
0 0.54989976328125 0.64806864765625 0.14116111406250004 0.12100093281250004
0 0.57004525234375 0.5362835859375 0.13842244531250003 0.10904287187500002
0 0.58118713046875 0.43258318281249997 0.14413667343750003 0.11363132812500001
0 0.5918004546875 0.31908308203124996 0.1448992625 0.11928274531249997
0 0.60839725703125 0.19747267109375 0.15698156718749995 0.1291524484375
0 0.42978310859375 0.88198885234375 0.1264864421875 0.0945687515625
0 0.432407353125 0.78538276484375 0.13160963125000005 0.09757134531249996
0 0.43763309609374995 0.67838436640625 0.14042756406249998 0.10667694218749997
0 0.4411016375 0.5805248046875 0.12927940000000002 0.11080209375000001
0 0.45387440546875 0.47487011328125 0.13612851718750002 0.11182423281249995
0 0.46540953984375 0.36718991796875 0.13700474218749997 0.11523455781249999
0 0.46393324218750004 0.25174179453125 0.14597370937500004 0.12245870156250001
0 0.4842906046875 0.12230818750000001 0.14973000937500008 0.139045603125
0 0.30521407890624996 0.90939704375 0.1338503734375 0.09238888437499995
0 0.3160461078125 0.811206225 0.128284815625 0.09548342500000002
0 0.32861759921875 0.71549589921875 0.12584584843750002 0.09867512031249995
0 0.32781183984375 0.62170238515625 0.12859777343749998 0.10243639843750003
0 0.3334707671875 0.51045639140625 0.13505770312499998 0.11483410468750002
0 0.34099429453124996 0.4113551578125 0.1379172640625 0.10594431250000005
0 0.34520223984375004 0.3024801703125 0.13784229531250003 0.12134786874999999
0 0.35119500390625 0.18808358359375 0.1406305203125 0.11749019531250002
0 0.3610102828125 0.06683998046874999 0.14592052500000002 0.11825473906249999
0 0.20429664453125002 0.8431626546875 0.12495999843750001 0.09268447500000007
0 0.2129706515625 0.75392890546875 0.12529836875 0.10182762968749995
0 0.21711209921875002 0.65550571875 0.1295066640625 0.103020309375
0 0.21414073125000002 0.5597345921875 0.13297415 0.10529190625
0 0.220750271875 0.44973259609375005 0.13035148125 0.10618454218749998
0 0.22228662265625002 0.34164749921875004 0.1307225171875 0.1108515921875
0 0.2215428859375 0.2344931484375 0.13993074374999998 0.114196459375
0 0.2215974546875 0.10726818437499999 0.137050665625 0.11444254999999999
0 0.09158896484375001 0.789864634375 0.1201002171875 0.095410475
0 0.10594119453124999 0.6880718296875 0.11962044218750001 0.10249458437500003
0 0.11312356953125 0.5918060890625 0.12461673906250001 0.098386803125
0 0.10979493984375 0.4956955210937499 0.12425169843749999 0.1097783234375
0 0.10430952890625 0.38546683281250005 0.1246299921875 0.10817954375000002
0 0.10618318906249999 0.279057584375 0.1257467375 0.11042931875000002
0 0.1079424859375 0.16809758125000002 0.13397 0.11484723750000003