0 0.84921875 0.69921875 0.18125 0.146875
0 0.84453125 0.58046875 0.175 0.1390625
0 0.84140625 0.46875 0.16875 0.1359375
0 0.8328125 0.36328125 0.1703125 0.13125
0 0.8390625 0.26171875 0.1625 0.1203125
0 0.7171875 0.76171875 0.171875 0.14375
0 0.71328125 0.6390625 0.1609375 0.1359375
0 0.71015625 0.52578125 0.1609375 0.1328125
0 0.70703125 0.42109375 0.1625 0.1234375
0 0.70859375 0.31796875 0.15625 0.1296875
0 0.71015625 0.20546875 0.15625 0.125
0 0.5859375 0.8234375 0.16875 0.1453125
0 0.58046875 0.69765625 0.16875 0.14375
0 0.58125 0.5828125 0.159375 0.128125
0 0.58515625 0.48203125 0.1515625 0.11875
0 0.58828125 0.36875 0.153125 0.1296875
0 0.584375 0.26796875 0.153125 0.1203125
0 0.59921875 0.1625 0.146875 0.1203125
0 0.46328125 0.87734375 0.15625 0.1390625
0 0.45859375 0.7578125 0.1578125 0.140625
0 0.4640625 0.64140625 0.1578125 0.1296875
0 0.46875 0.53046875 0.14375 0.125
0 0.46484375 0.42734375 0.146875 0.1234375
0 0.47109375 0.3234375 0.1484375 0.1234375
0 0.48125 0.22578125 0.1421875 0.1171875
0 0.48203125 0.13125 0.1421875 0.1109375
0 0.33359375 0.925 0.1546875 0.134375
0 0.090625 0.80390625 0.1484375 0.1328125
0 0.33671875 0.81171875 0.1546875 0.1390625
0 0.3453125 0.6953125 0.1515625 0.13125
0 0.3515625 0.58671875 0.1515625 0.125
0 0.35 0.48359375 0.1515625 0.125
0 0.3625 0.378125 0.1453125 0.1203125
0 0.36875 0.28203125 0.1359375 0.1140625
0 0.36953125 0.184375 0.1328125 0.11875
0 0.146875 0.19765625 0.134375 0.1125
0 0.15 0.29296875 0.1375 0.1109375
0 0.1421875 0.38515625 0.1328125 0.1140625
0 0.12734375 0.48515625 0.1375 0.1203125
0 0.11484375 0.58984375 0.140625 0.11875
0 0.1078125 0.69453125 0.1546875 0.1265625
0 0.19921875 0.87421875 0.1578125 0.1375
0 0.21640625 0.7515625 0.153125 0.1328125
0 0.22265625 0.64140625 0.14375 0.1328125
0 0.23359375 0.53515625 0.1484375 0.1234375
0 0.24375 0.42734375 0.1421875 0.121875
0 0.2421875 0.33203125 0.140625 0.1140625
0 0.25546875 0.2390625 0.140625 0.1140625
0 0.26640625 0.1484375 0.1375 0.1109375
0 0.36953125 0.09140625 0.1453125 0.1109375