0 0.27090019375 0.26424214375 0.13189093124999998 0.06952797187500001
0 0.28273802734375 0.18694515078124999 0.1301374640625 0.06677967343749998
0 0.28418677578125 0.12902325625 0.12993229843750004 0.066700021875
0 0.2878174078125 0.028145617968749998 0.1096305375 0.056291235937499996
0 0.28324600078125 0.06623891562499999 0.1017690359375 0.060697953125
0 0.3882297515625 0.31015502265625 0.12493376250000003 0.07709427656250001
0 0.389691103125 0.24486358828125 0.12019886875 0.07541550468749998
0 0.387418171875 0.18669261484375002 0.121957125 0.07339185156250001
0 0.37825663203125 0.1165506921875 0.12310770468749999 0.058520159375000005
0 0.38552547265625003 0.06901707421875 0.13357975156250004 0.0545615453125
0 0.38363052578124995 0.02148178515625 0.10046849218750001 0.0429635703125
0 0.49737739609375 0.37117641015624997 0.1281945828125 0.08128409843749998
0 0.49638852109375 0.29844228671875 0.11883682343749999 0.07372597031249999
0 0.4892913882812501 0.21787933046875 0.11590277656250007 0.07107068281250002
0 0.48937655703124994 0.1745582234375 0.11617738281250008 0.04378839375000001
0 0.4782169984375 0.10700697265624999 0.10465733437499995 0.05853436718749999
0 0.4757908921875 0.050288111718749993 0.09513700625000006 0.0552297859375
0 0.46466462109375 0.014712795312499999 0.09919163593750006 0.029425590624999998
0 0.6058392515625 0.43352487890624997 0.13480922500000006 0.08773309218749996
0 0.60202278125 0.35567401171875 0.12514371875000005 0.07540560156249998
0 0.5953102171875 0.28283431718749996 0.12525738749999996 0.083797734375
0 0.5889896734375 0.2223698109375 0.11255361874999999 0.07146765937499999
0 0.5753799093749999 0.16584415390625 0.11389512187499999 0.0628882359375
0 0.5577296296875 0.11165431015625 0.12508851875 0.0615319546875
0 0.55738928984375 0.04989345625 0.11225847656249996 0.054506003125
0 0.552628084375 0.01674684296875 0.08858897187499996 0.0334936859375
0 0.73215660703125 0.47016737109375006 0.1288511578125 0.08180981718749995
0 0.71336597578125 0.39772275546875 0.12283310468749997 0.07611603281250004
0 0.679141878125 0.340294290625 0.137208303125 0.06890020312499998
0 0.68387894140625 0.26824630859375 0.11119623593750001 0.08709887031249997
0 0.6738921609374999 0.20626295078124998 0.11108735312500002 0.06604599218750003
0 0.66290941015625 0.1559245875 0.12235485156249996 0.05424981875000001
0 0.63906331015625 0.10096359218749999 0.10084731093750002 0.063956034375
0 0.6361820085937501 0.04665628671875 0.0946935328125 0.0580517015625
0 0.8265076320312499 0.46827034296875 0.1265405453125 0.08081995156250006
0 0.8068874046875001 0.37705487890624995 0.1163478875 0.07777327656249997
0 0.79194403046875 0.3098135984375 0.11933397968750006 0.07041234375000002
0 0.7740860296875001 0.24428560624999998 0.1136568156250001 0.07043559687500003
0 0.755542484375 0.19006769218750003 0.11212589999999993 0.06299845625
0 0.73806019765625 0.134433771875 0.10069104531250002 0.060554574999999985
0 0.727395421875 0.079210309375 0.09968412812500001 0.053840353125000004
0 0.9231414453125002 0.42504549453124996 0.11882421875000002 0.0763597328125
0 0.8866596007812501 0.35142630078125003 0.12471599843749992 0.07562518906250001
0 0.8598502195312501 0.29158571875000006 0.13579572343750002 0.074192703125
0 0.8387165484375 0.2311888109375 0.12435620625000006 0.06986854374999998
0 0.8324190601562499 0.171946209375 0.10244300156249997 0.06443266875
0 0.8057702000000001 0.11711702578125001 0.10635245625000005 0.06746771718750001
0 0.7944378249999999 0.06951929140625 0.09428471875 0.0537740484375
0 0.984001953125 0.10338215546875 0.03199609374999994 0.03884522656249999
0 0.71035480078125 0.0319936953125 0.10112985468750005 0.04922426875
0 0.62272264765625 0.015569126562499999 0.08415034531250001 0.031138253124999998