0 0.23671875 0.18125 0.134375 0.171875
0 0.3625 0.17421875 0.1265625 0.1734375
0 0.484375 0.16875 0.128125 0.1765625
0 0.60390625 0.16640625 0.1265625 0.171875
0 0.72734375 0.165625 0.128125 0.1765625
0 0.184375 0.31796875 0.134375 0.1734375
0 0.3078125 0.31796875 0.1265625 0.165625
0 0.4296875 0.3109375 0.1265625 0.1734375
0 0.54453125 0.3125 0.125 0.16875
0 0.66328125 0.30390625 0.121875 0.1703125
0 0.79296875 0.29765625 0.128125 0.1765625
0 0.125 0.45390625 0.125 0.165625
0 0.25078125 0.4515625 0.125 0.1578125
0 0.37578125 0.4515625 0.1265625 0.165625
0 0.4890625 0.4390625 0.115625 0.1515625
0 0.60546875 0.446875 0.1265625 0.1640625
0 0.728125 0.434375 0.13125 0.1625
0 0.853125 0.42265625 0.134375 0.1625
0 0.084375 0.578125 0.115625 0.1546875
0 0.19921875 0.58359375 0.1234375 0.1578125
0 0.3203125 0.56796875 0.1234375 0.15625
0 0.4359375 0.56640625 0.11875 0.153125
0 0.54765625 0.5671875 0.1234375 0.1625
0 0.6625 0.55703125 0.121875 0.153125
0 0.78359375 0.55234375 0.1265625 0.1546875
0 0.9 0.54375 0.1234375 0.1546875
0 0.0515625 0.7015625 0.103125 0.1515625
0 0.15625 0.70390625 0.11875 0.153125
0 0.27109375 0.69140625 0.1203125 0.153125
0 0.38359375 0.69140625 0.115625 0.1453125
0 0.48828125 0.690625 0.1171875 0.14375
0 0.60703125 0.68671875 0.1171875 0.14375
0 0.71953125 0.67109375 0.1171875 0.1484375
0 0.8328125 0.678125 0.1234375 0.1484375
0 0.9421875 0.68125 0.115625 0.153125
0 0.09921875 0.8296875 0.115625 0.1578125
0 0.215625 0.828125 0.11875 0.146875
0 0.32734375 0.8171875 0.115625 0.1515625
0 0.44140625 0.809375 0.115625 0.146875
0 0.55234375 0.81171875 0.11875 0.146875
0 0.6625 0.8015625 0.115625 0.1484375
0 0.7703125 0.796875 0.11875 0.146875
0 0.8875 0.7921875 0.1140625 0.1453125
0 0.16796875 0.93671875 0.1125 0.1265625
0 0.278125 0.93203125 0.109375 0.1359375
0 0.3875 0.93125 0.1078125 0.1375
0 0.49921875 0.91796875 0.1125 0.14375
0 0.6078125 0.91875 0.1109375 0.134375
0 0.71328125 0.9125 0.1140625 0.1328125
0 0.82578125 0.9140625 0.1125 0.14375