0 0.34876432109375 0.198736571875 0.06984592968750003 0.13473615
0 0.27367463281250004 0.19003768515625002 0.08240114687499997 0.1303312421875
0 0.21215756875 0.18577314843749998 0.05600035312499998 0.12340125625000001
0 0.15693089375 0.1744154671875 0.047531224999999996 0.11141719062500002
0 0.10938576484375 0.17530574375000002 0.0512321359375 0.106885590625
0 0.37450087890625 0.31236092890625 0.07092408906249995 0.1276354171875
0 0.31136195703125 0.30244203515625 0.0669020765625 0.12072274218749998
0 0.2505653328125 0.292684346875 0.06752712500000002 0.12240114062499999
0 0.18442923828125 0.27926813671875 0.0503465640625 0.11366843281249998
0 0.1350890671875 0.2689833640625 0.051364846875 0.11275487499999999
0 0.0890331625 0.25993156875 0.05131477499999999 0.10116345624999998
0 0.4217795750000001 0.4303614679687501 0.08236542499999996 0.13373131718750003
0 0.347846946875 0.41124196015625003 0.07012115937499996 0.12442733593749997
0 0.2674402859375 0.39236846953125 0.06814061874999999 0.11795058906249997
0 0.22656607500000003 0.37640597265625 0.036466325 0.10114457343749997
0 0.16040940625 0.3665578453125 0.056709434375 0.10927532500000003
0 0.1055102453125 0.3547130671875 0.046472324999999995 0.10158758124999996
0 0.059030264062500004 0.34131463125 0.03661864375 0.09463871250000003
0 0.47078601718749996 0.5457011664062501 0.07323133749999995 0.1120104890625
0 0.388575465625 0.5250130695312499 0.07170320937500003 0.1274087984375
0 0.31676044765625 0.50910370546875 0.0633506921875 0.12242553593750002
0 0.25255164296875 0.487773215625 0.05646501718749999 0.11228275312500005
0 0.20297751953125004 0.46716304375 0.047633123437499994 0.10589413125
0 0.15168957968750002 0.44404071484375 0.0577179125 0.1215277171875
0 0.0897784859375 0.4217069984375 0.05001565625 0.135949509375
0 0.0522465703125 0.4205188578125 0.035306568749999996 0.09728260312499999
0 0.41309433046875005 0.6459546617187499 0.06672069218750001 0.12352951718750002
0 0.35959137734375 0.61112518515625 0.06284435468749998 0.11876421718749999
0 0.28616813515625 0.59293239609375 0.06246967031250002 0.10934771406250006
0 0.22574331875000003 0.57281369375 0.0604446625 0.10887716562500005
0 0.178855746875 0.5487278921875001 0.046000649999999976 0.10347686249999999
0 0.13012640703125 0.5216200984375 0.0481279078125 0.09462139999999994
0 0.080056025 0.50875121328125 0.042456265625 0.09003629843750005
0 0.04581907109375 0.49451070703125 0.026861607812499994 0.07809708281249997
0 0.46303041953125 0.7731293109375 0.07605297343749999 0.12988351562500008
0 0.37935125468750003 0.7329807445312501 0.07724809374999997 0.11713775156249992
0 0.30888214140625003 0.7042158445312501 0.06292173906250001 0.1151721453125
0 0.24837133749999998 0.6769231601562501 0.05921522812500002 0.11266831718750003
0 0.19277819999999998 0.6544488726562501 0.04899352187499999 0.11276510156250001
0 0.14373766875 0.62462093125 0.054086337500000005 0.09785701875
0 0.09489110625 0.6080808375 0.049946325 0.09895234687499999
0 0.0524580671875 0.581482675 0.03597048437499999 0.10720585000000007
0 0.40722995468749995 0.8582512328125 0.07014637187499999 0.11855333749999994
0 0.34055174531250004 0.8129827671875001 0.06536204687500002 0.1349320843750001
0 0.28316696171875 0.7765666546875 0.05649793281250002 0.12998344374999996
0 0.23282841796875 0.74948054921875 0.05296055156249997 0.11802377343749999
0 0.17195324609375 0.7235870375 0.0528719609375 0.09859589374999995
0 0.12342362343749999 0.6995755179687501 0.048633899999999994 0.0988555609375
0 0.0770762640625 0.67562744765625 0.04442875312500001 0.09258654843750005
0 0.48445706640625 0.6785266875 0.07969610468749995 0.1423916375
0 0.11407851015625 0.9223224867187501 0.04436712343749999 0.09238589843750003
0 0.16170878828125002 0.9465353539062502 0.0426253953125 0.06799914843749999
0 0.07951228749999999 0.8881167289062499 0.041799703125 0.09829137343749998
0 0.21434696875 0.973285884375 0.032192190625000006 0.031993443749999885
0 0.062185038281249994 0.935080053125 0.032477226562499996 0.06792833125000008