0 0.22493585546875 0.2814289171875 0.1315981171875 0.06736690312500002
0 0.24041668359374996 0.20097595390624998 0.1294175640625 0.06380946093749998
0 0.24553163984374998 0.1442915453125 0.1289567484375 0.06211120937500001
0 0.25349371953125 0.04273182265625 0.10940367656250001 0.0530603203125
0 0.24663115078124997 0.084155153125 0.10115107343749999 0.05648588125
0 0.33530906484375 0.32006210078124997 0.12476869218750002 0.0734228828125
0 0.3384499828125 0.25099934296875 0.11982032187499998 0.0710314859375
0 0.33466995234374997 0.18939218906250002 0.12109760781249998 0.070066465625
0 0.33707646328125 0.1260783875 0.12229157343750004 0.054939550000000004
0 0.3463325484375 0.07844840390625 0.13268399375000003 0.050210104687500014
0 0.33982049609375 0.025786710156250003 0.1002105453125 0.0482676890625
0 0.44121758906249997 0.37241889375000004 0.12729371562500003 0.07751297812499999
0 0.44319158593749997 0.2966246953125 0.11794697812499999 0.06941303125
0 0.4443425421875 0.21802752265624997 0.11463448437499997 0.0684620890625
0 0.43470690234375003 0.1734349953125 0.11529496406250002 0.038591978124999995
0 0.43330388515624996 0.105192896875 0.10394311406249997 0.05655629062500002
0 0.43085088828125 0.05239615156249999 0.09448589843749997 0.0515707625
0 0.4275677796875 0.016702182031250002 0.09905438124999999 0.033404364062500004
0 0.54799928125 0.4316396109375 0.13438483437500004 0.08379985937500005
0 0.5461422406249999 0.35232504296875 0.12433449062499999 0.0758232171875
0 0.5421574851562501 0.27818617109375 0.12387606718750002 0.0797443359375
0 0.53783712578125 0.21584776406249997 0.11128712031249996 0.06692089999999999
0 0.5242072242187501 0.15971243984375 0.11353796406249997 0.058888379687500006
0 0.51754194609375 0.10624709843749999 0.12355527968749999 0.057477356249999986
0 0.511105553125 0.04458309140625 0.11100414062499997 0.05097194218750001
0 0.51312455546875 0.015811903125 0.08869606093750004 0.03162380625
0 0.68085153984375 0.46239643203125 0.1279459359375 0.07879041406250006
0 0.663451328125 0.385940728125 0.12163109687500002 0.07184540937499997
0 0.63395291328125 0.32908469765625 0.13578856406249998 0.06437542031249999
0 0.63092483203125 0.25318370546875 0.11075124843749995 0.08283826406250001
0 0.6225159046875 0.19681511484375 0.11018766875 0.062459904687500026
0 0.61226720703125 0.14584369765625 0.12161512656250002 0.04963818281250001
0 0.59996880390625 0.09667383828125001 0.10011071406249998 0.06030879531249998
0 0.59590942421875 0.041311425 0.09350463281249999 0.05351615624999999
0 0.7724178625 0.45341989765625 0.12524254062499995 0.07758040781249997
0 0.7527608945312501 0.36443323359375 0.11510887968749994 0.07499566406250002
0 0.7395328265625001 0.29221797812499994 0.118593875 0.06555554687499998
0 0.72568094453125 0.22973684531250002 0.11302576718749995 0.06662383750000003
0 0.71313208984375 0.1744157421875 0.11117425781249998 0.05914446249999998
0 0.697958003125 0.12027835 0.100196965625 0.056963475000000006
0 0.6877929515625001 0.066985009375 0.09848254687500005 0.050233571874999994
0 0.8710510390625 0.40122705312499996 0.11752635624999996 0.07245659375000005
0 0.84283283359375 0.33616774921875 0.12387899843750008 0.07161875468750001
0 0.81523427265625 0.27789917421875 0.13435474218750007 0.0697980109375
0 0.79564427578125 0.21513041484375 0.12250133906250005 0.06550048593749999
0 0.7892119601562501 0.1516265171875 0.10143112031250005 0.060038631249999995
0 0.770766215625 0.10128966015624999 0.10523929999999995 0.0632503546875
0 0.75958089921875 0.055624226562500004 0.09368007343750007 0.05038124687500001
0 0.9799468476562498 0.16020078203125002 0.023251007812500113 0.03409596093749998
0 0.97176035390625 0.11104030078125 0.044958892187500155 0.04343688281249999
0 0.9590766546874999 0.0747703546875 0.0728241531250001 0.04045481562500001
0 0.58767684765625 0.01711385859375 0.0879962671875 0.0342277171875
0 0.675 0.025 0.1125 0.0484375