0 0.13118536875 0.33681953515625 0.16262479375 0.12641696093749996
0 0.12352254140625 0.45140277578124993 0.1595799546875 0.13109386093749995
0 0.12219028828125 0.5699263765625 0.15751105468749999 0.11635038125000001
0 0.12833443359375002 0.679147875 0.1598867171875 0.10807673124999999
0 0.12484310000000001 0.77578409140625 0.14752798125 0.12383843593750007
0 0.24402790625 0.8315224953125 0.14646969062499998 0.1058099875
0 0.25158071796875003 0.71560067734375 0.1373231578125 0.10342414218749996
0 0.2588075953125 0.6096669328125 0.15093858437500002 0.11409541562499995
0 0.262865753125 0.50711856171875 0.1559786375 0.11158344218750002
0 0.26677653671875 0.39272573671875 0.1512246546875 0.11024406093749999
0 0.26497508515624996 0.26687917812500006 0.1598850390625 0.127670225
0 0.353013396875 0.8766716820312499 0.14034366562500003 0.10067960156249996
0 0.36854358203125004 0.76528643671875 0.14146431093750006 0.10385262343750004
0 0.38225106328125 0.66002562578125 0.1427913359375 0.11726451093749998
0 0.381218025 0.5478828874999999 0.14007759062500003 0.10504554374999993
0 0.38723888671874995 0.44432966328124995 0.14574948281249997 0.11051272343749999
0 0.394897353125 0.33064251484375 0.143314815625 0.11754722656250002
0 0.39940746875 0.2088814953125 0.156007303125 0.12675533437500003
0 0.46252757890625 0.900915634375 0.13029823281249997 0.09240594999999985
0 0.475047234375 0.8048886539062499 0.13288460625000004 0.09520532656249996
0 0.48867320078125004 0.69583645234375 0.1451323234375 0.10735692343750003
0 0.50126520234375 0.60154885859375 0.13079403281249996 0.11082443906249999
0 0.50707585390625 0.49455851875 0.1377339453125 0.10882401875000003
0 0.5135811968749999 0.38667288437499997 0.13657596249999998 0.11257273125
0 0.5344339640625 0.27178371328125 0.14590118749999997 0.12122547031249997
0 0.53410592265625 0.1434201140625 0.1483505359375 0.134421190625
0 0.58408322890625 0.9361318523437501 0.13610016093750002 0.08983996406249997
0 0.5874168320312501 0.8388735390625 0.13106877656249996 0.09609431874999999
0 0.5916188734375 0.741903825 0.12779687187499994 0.09585624374999994
0 0.60764532890625 0.6481878789062501 0.1280742796875 0.0997655328125
0 0.61985591796875 0.53761084140625 0.13489449843750007 0.11131794843750002
0 0.63054021328125 0.43900657968749995 0.14002124218749995 0.10390587187499997
0 0.64414585234375 0.33217580390625 0.1361765046875 0.12377574843749999
0 0.65768945 0.21627184375000003 0.14062540312500005 0.1155898625
0 0.66792648828125 0.09521986875 0.14527368281250003 0.11721512187500001
0 0.69394383671875 0.8770892851562501 0.12925294843750007 0.08978671406249994
0 0.70049950234375 0.78751121875 0.12835502968749993 0.09778935937499993
0 0.71345379921875 0.6892869148437499 0.13255952343749994 0.10018223281249998
0 0.7316171609375 0.5940395546875 0.13571705625000002 0.10218974999999997
0 0.7439057640625 0.48517912890625 0.133656825 0.10395443593750002
0 0.7598377109375001 0.37739043984375 0.1315992500000001 0.10882636093749998
0 0.7788174515625 0.27178158515625006 0.14024663124999998 0.1132353578125
0 0.799442696875 0.143757984375 0.13602913437499992 0.11348287187499999
0 0.81501518125 0.83101045 0.12241705937500003 0.09363724062500003
0 0.8182161296875 0.72852322265625 0.12501111874999998 0.09880055781249997
0 0.8274712281250001 0.633038171875 0.12852575000000002 0.09589227187499993
0 0.84615724453125 0.53674184765625 0.12377876093750002 0.10642487656249999
0 0.87026026171875 0.42804090468749995 0.12651151718749992 0.10624549374999996
0 0.8869029554687501 0.32243515624999997 0.1260227140625 0.108614875
0 0.9026585242187501 0.21224800703125002 0.13460941093750006 0.11417684218749999