0 0.04765625 0.5765625 0.0953125 0.1328125
0 0.159375 0.56640625 0.125 0.121875
0 0.28359375 0.571875 0.1140625 0.1140625
0 0.38828125 0.55703125 0.09375 0.10625
0 0.475 0.54921875 0.0828125 0.096875
0 0.565625 0.5640625 0.075 0.0875
0 0.6390625 0.55 0.06875 0.084375
0 0.7078125 0.55390625 0.0703125 0.09375
0 0.77578125 0.5359375 0.065625 0.0828125
0 0.82578125 0.534375 0.059375 0.075
0 0.87109375 0.5375 0.0484375 0.0734375
0 0.97734375 0.5484375 0.034375 0.065625
0 0.94375 0.56640625 0.0453125 0.0734375
0 0.90390625 0.58046875 0.053125 0.0734375
0 0.86328125 0.58671875 0.0453125 0.053125
0 0.815625 0.59921875 0.0546875 0.065625
0 0.771875 0.6140625 0.05625 0.08125
0 0.71484375 0.6203125 0.059375 0.0765625
0 0.65546875 0.6328125 0.0703125 0.0828125
0 0.5734375 0.62109375 0.0625 0.065625
0 0.51171875 0.6453125 0.075 0.0890625
0 0.42734375 0.64609375 0.0875 0.090625
0 0.32578125 0.65546875 0.096875 0.10625
0 0.2140625 0.66484375 0.1015625 0.1046875
0 0.0921875 0.67421875 0.121875 0.121875
0 0.0453125 0.771875 0.090625 0.115625
0 0.1546875 0.7546875 0.128125 0.1015625
0 0.2734375 0.740625 0.103125 0.103125
0 0.36171875 0.73515625 0.090625 0.1046875
0 0.453125 0.690625 0.0734375 0.0828125
0 0.52578125 0.7140625 0.078125 0.075
0 0.590625 0.69765625 0.065625 0.075
0 0.65078125 0.684375 0.065625 0.0625
0 0.715625 0.6765625 0.0625 0.0671875
0 0.7703125 0.66796875 0.065625 0.065625
0 0.8078125 0.6484375 0.05 0.0578125
0 0.86171875 0.640625 0.0546875 0.065625
0 0.89609375 0.6265625 0.0484375 0.0625
0 0.93515625 0.6140625 0.040625 0.065625
0 0.96875 0.60390625 0.0390625 0.05625
0 0.965625 0.678125 0.03125 0.0484375
0 0.928125 0.66484375 0.040625 0.0578125
0 0.89765625 0.6671875 0.0484375 0.0546875
0 0.8546875 0.68359375 0.0484375 0.0578125
0 0.81484375 0.7 0.05625 0.065625
0 0.9328125 0.71640625 0.040625 0.0515625
0 0.8953125 0.72578125 0.046875 0.059375
0 0.85625 0.73515625 0.0453125 0.0546875
0 0.81328125 0.74609375 0.0484375 0.0546875
0 0.76328125 0.70859375 0.0484375 0.0578125
0 0.72109375 0.72265625 0.059375 0.059375
0 0.66171875 0.73046875 0.0671875 0.065625
0 0.721875 0.771875 0.05625 0.05625
0 0.771875 0.75703125 0.0484375 0.0671875
0 0.66875 0.78046875 0.05625 0.06875
0 0.596875 0.7421875 0.0625 0.06875
0 0.609375 0.79609375 0.05625 0.0671875
0 0.5328125 0.759375 0.078125 0.0625
0 0.55 0.80546875 0.0625 0.06875
0 0.4671875 0.771875 0.0765625 0.078125
0 0.478125 0.82421875 0.075 0.084375
0 0.38359375 0.78203125 0.0828125 0.075
0 0.40859375 0.83515625 0.0796875 0.075
0 0.2921875 0.80078125 0.0890625 0.071875
0 0.33203125 0.8640625 0.075 0.078125
0 0.24140625 0.89765625 0.0890625 0.0828125
0 0.19609375 0.82578125 0.090625 0.0875
0 0.09609375 0.85703125 0.1109375 0.084375
0 0.146875 0.91484375 0.103125 0.0890625
0 0.05078125 0.94453125 0.1015625 0.1
0 0.021875 0.859375 0.04375 0.096875
0 0.0109375 0.7 0.021875 0.1015625
0 0.9921875 0.61640625 0.015625 0.0515625
0 0.959375 0.653125 0.0296875 0.0546875
0 0.9921875 0.6484375 0.015625 0.034375