0 0.6472621828125 0.14054766953125 0.13087258125000006 0.15965642343749997
0 0.53450843359375 0.17592066171875 0.12876967343750004 0.16273394218749998
0 0.4258672398437501 0.20968714921875004 0.12007782968749998 0.16240006406250002
0 0.313865040625 0.23837010703125 0.12470077187499999 0.16699176718750003
0 0.20219869531249998 0.27883477578125 0.13164741562499999 0.16303766718749998
0 0.74536141328125 0.25198643515625 0.14376780468750008 0.15732261406249998
0 0.6198575507812499 0.288459978125 0.12341915156250005 0.149016909375
0 0.5076596171875 0.3191561640625 0.12194037187499998 0.15640695624999998
0 0.402843915625 0.35681200234375005 0.120855096875 0.15586761093750004
0 0.29370599140625 0.3878431875 0.12540390781250005 0.15864250937500005
0 0.17583795468750002 0.41637780234375 0.12496882187500002 0.15878655468750003
0 0.15603255 0.5511419828124999 0.130147440625 0.14981644687499998
0 0.26508521953124997 0.5220947015624999 0.12751249218750002 0.14341687187499996
0 0.38026928046875 0.4867680281249999 0.1263033859375 0.15021955937499998
0 0.4825231656250001 0.4539074125 0.12046565312499995 0.140548175
0 0.59669014765625 0.4273357671875 0.11945451406250003 0.15341319687499996
0 0.70486029296875 0.39125108046875 0.12376377343750003 0.15649740468750006
0 0.82693050859375 0.35084597265625 0.12532895781249992 0.15302012968749995
0 0.8926713226562502 0.45312438437499997 0.13892487656250002 0.14529620000000004
0 0.7841154679687501 0.48730177265624997 0.11430358593750008 0.14507510781250002
0 0.6681689671875001 0.51897850390625 0.114905703125 0.14355533281250005
0 0.5670178124999999 0.5569878796875 0.1179545375 0.133994509375
0 0.46481472421875003 0.57951537109375 0.11913677031249996 0.13867107656250005
0 0.35615156015625 0.61060868046875 0.11843526093749998 0.1387939078125
0 0.24470323359375 0.6521010484375 0.1238843578125 0.14701029375000002
0 0.1446886140625 0.6720542140625 0.13491135625 0.1457574
0 0.85444186015625 0.59073390703125 0.11504992031250003 0.13746619531249998
0 0.748505190625 0.61586468046875 0.10667663125000004 0.13874812031249997
0 0.64570581640625 0.65148682890625 0.1178999734375 0.13961353281250002
0 0.53644734609375 0.6866439171875 0.11703467656250002 0.13385046249999996
0 0.44028285546875 0.70808673671875 0.11853059218750003 0.13774983281249992
0 0.332382184375 0.7376384734375 0.12138795 0.13134021562499995
0 0.22864147109375002 0.77696160703125 0.12293842968749999 0.1375365546874999
0 0.20407188359374998 0.9078645398437499 0.11359882968749999 0.1252990953125
0 0.31208346796875 0.8752086742187501 0.1187065546875 0.1283944703125
0 0.41725273906249993 0.8430684718749999 0.11942764062500003 0.13912555937499996
0 0.5151616765625 0.8094642468750001 0.11981302499999993 0.13258752187500003
0 0.6201832453125 0.78106549921875 0.11067301562500002 0.1368520359375
0 0.7262698921874999 0.7537327539062499 0.10965619687499997 0.1315110640624999
0 0.8252057320312499 0.71764081328125 0.10871432656250005 0.13048820468750008
0 0.93095542578125 0.6865331929687499 0.10847152968750003 0.13412292656250005
0 0.90228515 0.8135041210937499 0.10631568437500008 0.12920292343749998
0 0.791193984375 0.8375872414062501 0.10515870625000004 0.12741181406250002
0 0.6943381546875 0.86628339765625 0.10556529062499997 0.12664243281249998
0 0.59438700078125 0.8939998242187499 0.10878359218750004 0.12216687343749992
0 0.13103867734375002 0.8050133335937499 0.11942763593749998 0.12777249531250004
0 0.9514492398437501 0.5632066546875001 0.09083516093749999 0.14553740624999997
0 0.49112963359375 0.93132446171875 0.10815297343749997 0.11530263906249996
0 0.38898644921875 0.94567807421875 0.1135230703125 0.09219399531249994
0 0.29052758671875 0.9639615078125001 0.11285697031250001 0.060839600000000084