0 0.62787718125 0.82637340234375 0.070657215625 0.13006606718750008
0 0.7120462953125 0.8434813734375 0.07015040624999998 0.12961917499999992
0 0.756785078125 0.85556728828125 0.06558425312500002 0.1301126734375
0 0.8650397523437501 0.8918477125 0.05548283281249997 0.10642226250000011
0 0.81425236640625 0.8770961390625001 0.047147292187500064 0.10125933749999998
0 0.6221892320312501 0.7119910328125 0.07403973281249998 0.12189696874999996
0 0.68484806875 0.7327779039062501 0.06601401250000008 0.11917124218750005
0 0.7478443406249999 0.7537169953125 0.06340200000000004 0.122039775
0 0.80748673203125 0.7765521171875001 0.060854164062500084 0.12379922187499996
0 0.85583678671875 0.7907787921875 0.0528481109374999 0.132245034375
0 0.90016680859375 0.8088912875000001 0.05002228593750004 0.10045359687499991
0 0.59850944296875 0.59587395546875 0.07485778593750006 0.13122100156250002
0 0.66952073515625 0.61432264296875 0.0709216203125 0.12107200156250002
0 0.7461026890625 0.6432564546874999 0.06873632812500005 0.1209698875
0 0.7821555195312501 0.6625323562500001 0.04619642343750004 0.1158284375
0 0.8492081499999999 0.689981653125 0.05674798437500002 0.10774813437499997
0 0.8932299695312501 0.71067523515625 0.045453092187499954 0.09772637343749997
0 0.94037696328125 0.73460638203125 0.04290454531249992 0.09916101406250002
0 0.5737020640624999 0.46851041171874996 0.08064762187500003 0.13414579218750006
0 0.63840115 0.5011830406250001 0.08315541250000003 0.12663446562499994
0 0.71117436953125 0.5286930640625 0.06964268906250001 0.12825851875000005
0 0.775135234375 0.5560300023437501 0.06060780937499999 0.11544886718749998
0 0.82043945546875 0.58306756796875 0.056013060937500025 0.11187670781249999
0 0.87364080078125 0.615764765625 0.05157454843749996 0.13118105624999998
0 0.9257731406249998 0.63966919765625 0.04717983437500006 0.11564493593749994
0 0.96481108828125 0.6588881093750001 0.03973280156249999 0.09360520624999999
0 0.5802194585937499 0.3333129375 0.07657844531249998 0.13252765000000002
0 0.6344210609375 0.3762520421875 0.07117690312500002 0.12747940624999998
0 0.68977941953125 0.42173182656249997 0.06593016718750003 0.14134487187500003
0 0.76205821640625 0.44941621249999997 0.06765011718749996 0.11257293125000004
0 0.8212524898437501 0.48041202109375 0.05973774218749996 0.11119304843750007
0 0.8634526953125 0.5113128367187499 0.05056843124999997 0.12050452031250006
0 0.907470278125 0.539740959375 0.05323407499999995 0.10256448749999994
0 0.9496771960937501 0.562055378125 0.043505032812499955 0.09809853749999994
0 0.61640341015625 0.24816070234375004 0.07839815468750003 0.13327863281250002
0 0.69274357109375 0.29938727265625 0.0711534828125 0.12449469531249999
0 0.7564171375 0.3347740109375 0.06074385937500004 0.12272268125
0 0.8078994890625 0.37006277265625 0.06743559374999988 0.11665265156249997
0 0.86195491484375 0.40306460703124997 0.06204763593750009 0.11526611718749998
0 0.909519303125 0.43709181171875 0.049378712500000074 0.10366766093750002
0 0.95836616640625 0.46664282109375 0.04214529531249998 0.10287597968749998
0 0.6874322054687501 0.169042234375 0.06788197968750005 0.12394719062500001
0 0.73904994375 0.22322447890625 0.06912229062499993 0.12630965468750002
0 0.79227688359375 0.27526827890625 0.05694212968749994 0.1386309640625
0 0.83908927265625 0.310309484375 0.061749979687499845 0.13113370624999998
0 0.8999837390625001 0.33330990859375 0.0544312968749999 0.10567052968750001
0 0.9400371531249998 0.37062657265625 0.053268749999999976 0.11055599531250002
0 0.9825688687499999 0.39945670078125 0.03115207812499996 0.09684589843749998
0 0.9463749601562501 0.13172051093749998 0.03672033281249991 0.06783719375
0 0.9838858625 0.15329413515625 0.031319893750000105 0.09596617343749998
0 0.9841223671874999 0.48780460000000003 0.027012793749999986 0.09694135312499999
0 0.9806024960937499 0.582851853125 0.03284026406249989 0.097820328125