0 0.8397330625 0.77552120625 0.14558407187500003 0.159876965625
0 0.712724928125 0.7971593828125 0.15331544062500005 0.17491589375
0 0.59842330859375 0.8261421984374999 0.1313215546875 0.170303784375
0 0.48289982421875005 0.85352206328125 0.14279825156249998 0.17032205781249993
0 0.36460144609375 0.8836410054687501 0.1445774828125 0.16469010468749995
0 0.8737367210937499 0.62066042421875 0.1324647234375 0.16117093906250002
0 0.74610313046875 0.64458120625 0.12457428281250005 0.15504830312499998
0 0.6250789484375 0.6703984703125 0.12794378125000003 0.15525450625
0 0.5044776773437499 0.6967830703125 0.12847210156250002 0.16338303124999998
0 0.3917665265625 0.7263437335937499 0.132338109375 0.1603283453125001
0 0.2683935359375 0.75635051953125 0.135715878125 0.16492217968749995
0 0.9047745960937501 0.47919518750000006 0.1263276421875 0.15084568437499996
0 0.77434192890625 0.49894860546875003 0.12378212343750006 0.1503708546875
0 0.6460954976562501 0.52220679453125 0.1393780609375 0.15050929531249996
0 0.53461119453125 0.5582695015625 0.1299592921875 0.14437371875
0 0.41618704140625 0.5756711765625 0.12626401406249999 0.14888410312500006
0 0.29712767500000004 0.60180016796875 0.12701375625 0.15273448593750008
0 0.18038561953124999 0.6318082484375 0.1395129515625 0.16546994687499997
0 0.9154680203125001 0.34871246171875 0.12000858749999992 0.14323354843750002
0 0.7994112343750001 0.368740975 0.12405423750000004 0.145464078125
0 0.6769149242187501 0.3915478671875 0.12028600781250001 0.14403716875
0 0.55912301484375 0.41349518359375 0.12387692656250007 0.1374269296875
0 0.4497813625 0.44168101093749995 0.12020180937500005 0.14304853437499995
0 0.33047109140625 0.46792086640625 0.11875937031249997 0.14988583906249997
0 0.21026971875 0.48574909453125004 0.12094263749999998 0.14983893906249995
0 0.09857279140625 0.52387914921875 0.1152602828125 0.1524449953125
0 0.911785884375 0.19949689765625 0.09415464062499997 0.13953988281250002
0 0.8106311742187501 0.2341365734375 0.12826827968749993 0.14022075000000003
0 0.702061959375 0.26874107656249996 0.121421546875 0.13611985624999998
0 0.5918262343749999 0.2855088640625 0.12389050312499998 0.14013972499999997
0 0.47220175 0.30667091874999997 0.12093267187499998 0.14601459375
0 0.36590626328125 0.33496243359375 0.1165413203125 0.1415850734375
0 0.25656726328125 0.3601847875 0.1203383921875 0.1433094
0 0.13914110546875 0.37981561796875 0.11622678281250001 0.14583459531250004
0 0.04516735390625 0.40901231562499996 0.08627318281249999 0.14127989687499998
0 0.8296596875000001 0.103316003125 0.13680899687499998 0.13159394687499998
0 0.72156576953125 0.13002672421875 0.13122377968750004 0.13649296093750002
0 0.61130236796875 0.15044136015624998 0.12699849218750003 0.13832159843749997
0 0.5031439750000001 0.17212643671875 0.11970466249999996 0.13426000468750002
0 0.38949135078124997 0.20028096953125002 0.12203173281249997 0.1418276640625
0 0.2809062296875 0.22013085703125 0.1235341875 0.14352853906250002
0 0.16711076015624998 0.2405077296875 0.11867750156249998 0.14195817500000002
0 0.05802444062499999 0.26511843515625 0.11343508124999999 0.1419999015625
0 0.74712544140625 0.031981774218749995 0.1110366703124999 0.06396354843749999
0 0.6331079039062499 0.0474839703125 0.11765797656250002 0.094967940625
0 0.53310644375 0.06120450937500001 0.12031485000000001 0.12240901875000001
0 0.09135197890624999 0.14208061640625 0.11573855156250001 0.12221592343750003
0 0.203298965625 0.120373384375 0.119316534375 0.12784011875
0 0.30732602656249997 0.09487059609375001 0.115194325 0.1261549296875
0 0.4259419109375 0.08037756953125 0.113177121875 0.1309208421875