0 0.06953125 0.80078125 0.0484375 0.1109375
0 0.11875 0.7984375 0.0515625 0.1125
0 0.1734375 0.79609375 0.0578125 0.1203125
0 0.2296875 0.7921875 0.0609375 0.128125
0 0.309375 0.78828125 0.06875 0.1328125
0 0.04609375 0.7125 0.0453125 0.10625
0 0.0984375 0.7046875 0.0484375 0.109375
0 0.146875 0.69609375 0.053125 0.1125
0 0.20625 0.68828125 0.0609375 0.11875
0 0.27265625 0.68203125 0.065625 0.1234375
0 0.3359375 0.6734375 0.0703125 0.1328125
0 0.021875 0.6296875 0.0421875 0.1015625
0 0.06953125 0.6171875 0.05 0.1046875
0 0.11875 0.6046875 0.0515625 0.109375
0 0.190625 0.5921875 0.0484375 0.10625
0 0.22578125 0.5796875 0.0640625 0.1203125
0 0.3046875 0.56953125 0.0671875 0.121875
0 0.384375 0.559375 0.0765625 0.1359375
0 0.4421875 0.30859375 0.0765625 0.1359375
0 0.365625 0.125 0.0671875 0.125
0 0.425 0.209375 0.0765625 0.1265625
0 0.4296875 0.440625 0.0765625 0.134375
0 0.10859375 0.521875 0.0515625 0.1015625
0 0.04765625 0.5359375 0.0421875 0.1
0 0.015625 0.55078125 0.03125 0.0984375
0 0.05234375 0.3625 0.0421875 0.1
0 0.1046875 0.34609375 0.0484375 0.103125
0 0.1578125 0.32265625 0.0515625 0.109375
0 0.209375 0.3 0.0578125 0.1109375
0 0.27109375 0.2734375 0.0625 0.115625
0 0.3359375 0.246875 0.0671875 0.121875
0 0.12890625 0.246875 0.05 0.103125
0 0.19140625 0.2234375 0.0515625 0.109375
0 0.246875 0.19375 0.0578125 0.1125
0 0.3046875 0.16328125 0.0625 0.11875
0 0.21171875 0.4890625 0.0546875 0.109375
0 0.2796875 0.475 0.0671875 0.11875
0 0.34921875 0.4578125 0.0703125 0.1265625
0 0.16328125 0.5078125 0.0515625 0.109375
0 0.03515625 0.29453125 0.0453125 0.09375
0 0.0859375 0.271875 0.0484375 0.1
0 0.0109375 0.475 0.021875 0.090625
0 0.03984375 0.459375 0.0421875 0.0890625
0 0.015625 0.3828125 0.03125 0.0953125
0 0.0890625 0.44453125 0.0453125 0.1
0 0.140625 0.4265625 0.05 0.1046875
0 0.2453125 0.3875 0.0609375 0.1140625
0 0.18515625 0.4046875 0.05625 0.10625
0 0.37734375 0.33828125 0.0703125 0.1296875
0 0.31953125 0.3703125 0.0640625 0.11875
0 0.175171875 0.015625 0.044187500000000005 0.03125
0 0.12446874999999999 0.032234374999999996 0.051859375 0.064453125
0 0.07668749999999999 0.047203125 0.04584375 0.089171875
0 0.038421875 0.078984375 0.040359374999999996 0.088109375
0 0.022234375 0.030890624999999998 0.041484375000000004 0.061796874999999994