0 0.88079793828125 0.44242026328125006 0.1649856640624999 0.12882134218750002
0 0.85530485234375 0.54466153046875 0.15974428281250005 0.1419542390625
0 0.831533846875 0.66052439921875 0.15659164687499993 0.1234453421875
0 0.807586228125 0.7660657390625 0.15695782187499993 0.11433361875
0 0.78671649921875 0.85805386015625 0.1444890328125 0.12972379843749993
0 0.65796583359375 0.88648745078125 0.1397310421875 0.11074302656249983
0 0.6716268734374999 0.77479499765625 0.13794707187500005 0.11268033906250005
0 0.69404929609375 0.67381039453125 0.14554959218750002 0.12701048281249996
0 0.7162144703125 0.5773356726562501 0.15196762812500006 0.12175103906250007
0 0.7378988976562499 0.46329272265625 0.15081328593749993 0.11564912031250003
0 0.7653742546875 0.341943215625 0.15929327187499992 0.14518668125000006
0 0.5419780125 0.9071019906250001 0.13585945312500006 0.108839090625
0 0.5437064546875 0.7931694023437499 0.13890827187500002 0.1135100921875
0 0.5603395851562499 0.69724306953125 0.14005144218749993 0.12854692656250002
0 0.58741881953125 0.593257878125 0.1373040453125 0.11987228437499997
0 0.603126096875 0.4870459609375001 0.14359146250000004 0.12025392187500002
0 0.6213689640625001 0.3726496390625 0.14447786562500003 0.12300345312500002
0 0.64707255859375 0.25394344375 0.15755730156250003 0.1389506625
0 0.42186845703125 0.9114486554687499 0.12408840781249997 0.10111557031250004
0 0.43044378281249995 0.8153533320312499 0.130330053125 0.10467759531249995
0 0.4451122734375 0.7124897078125001 0.137585378125 0.10603269687500001
0 0.45729962578125 0.60665560859375 0.1295363015625 0.11716207656250006
0 0.47835192968749995 0.5096415171875 0.13560826874999998 0.11883573437499999
0 0.49615624062499997 0.40083411953125003 0.13666547499999995 0.12201442343750006
0 0.50524896484375 0.28879916328125 0.14534305468750003 0.12701190156249997
0 0.5347319703125 0.1599506375 0.14986548437499997 0.14889214062499997
0 0.29770105859375 0.9170343335937499 0.13199122031250005 0.09789896718750005
0 0.31833870859375 0.825800071875 0.1262642203125 0.10229555625
0 0.33278210390625 0.7261345382812501 0.12460304843749999 0.10466656093750001
0 0.33408249453125 0.6300765671875 0.12839648593750003 0.10900317187499997
0 0.349286925 0.5213403039062501 0.13463367187499994 0.12149699531250002
0 0.368957003125 0.42153935703125 0.13662863750000004 0.11324190156250005
0 0.3811695453125 0.31428366328125 0.13744247187499997 0.12108056406249998
0 0.39397365859375 0.20605996875 0.14078489218749998 0.12243085937499998
0 0.41349261484375005 0.09309328828125 0.1455004640625 0.12298930781249999
0 0.20346442421875 0.8315961054687501 0.1223904015625 0.09870354531250003
0 0.21241213359375002 0.7393133101562499 0.12425027343750002 0.11036138906249997
0 0.22725404531249999 0.65287963125 0.12846905625 0.10962782187499993
0 0.23575695312500003 0.55580403515625 0.131448659375 0.11200674843749994
0 0.24385479765625 0.43928077343750005 0.1295128640625 0.11229700625000003
0 0.25259787421875 0.338555859375 0.1299984828125 0.11869229687499998
0 0.26136766875 0.2254753296875 0.13979689999999997 0.11867164999999998
0 0.2710770390625 0.10853330390625 0.136726875 0.11743480156250001
0 0.095497796875 0.7603708656249999 0.11852104374999999 0.10097355312500005
0 0.11661008671874999 0.66522099375 0.11745043906250001 0.11079677499999993
0 0.130168346875 0.5687494117187499 0.122617025 0.10378786718750002
0 0.13710848359375 0.477989596875 0.12350007031249999 0.11617135624999993
0 0.13762365234375 0.36506977265625 0.12399908593749998 0.11228739218749997
0 0.14314828203125002 0.25883389453125 0.12469905781249999 0.1166256984375
0 0.15475999218749997 0.14813926484375 0.13272244375 0.1201970609375