0 0.7996523546875001 0.67513169296875 0.13233897812500003 0.06597818281249994
0 0.80249722109375 0.756814284375 0.13100125781250008 0.06263257500000004
0 0.8046918476562499 0.81093228125 0.1313190890625 0.056858753125000036
0 0.8113326351562499 0.9164353046875 0.10891122968749993 0.04833423437499995
0 0.81178313125 0.87233932109375 0.10255487812499994 0.05140930156250008
0 0.6827138007812501 0.64801534609375 0.12445265781249999 0.06830901406249996
0 0.6894201375 0.7159767453125 0.12073133437500001 0.06532128124999996
0 0.69746202734375 0.775324409375 0.12305863593749997 0.06687230624999999
0 0.70986162421875 0.83902448046875 0.12405832031250004 0.054194260937499905
0 0.71218413984375 0.8908679218749999 0.13464318593749997 0.04626352499999999
0 0.7221725765625 0.9383810726562499 0.10090221249999995 0.04594661718750004
0 0.57158628828125 0.6023843695312501 0.12934425781249992 0.0725079703125
0 0.57565181484375 0.67778689609375 0.12033266718749998 0.06457071093749996
0 0.59041421328125 0.75563807109375 0.11836361093749996 0.06619175468750002
0 0.6072047171875 0.79843282265625 0.11742600000000003 0.03672310156249994
0 0.6162766062499999 0.8660626484375001 0.10710988437499998 0.05358297187499996
0 0.6277414734375 0.91527178515625 0.09685295312499997 0.04625291718749995
0 0.64163265859375 0.96263096953125 0.09891439218749998 0.039873395312499935
0 0.45028556249999996 0.5561279296875 0.13493503437499998 0.07922692187500005
0 0.46835690156250004 0.6279467085937499 0.12631344687499996 0.07698286093749998
0 0.4850247078125 0.70707531640625 0.12795023749999998 0.07407668593749994
0 0.49633656640624996 0.76423424375 0.11505250156249999 0.06316342499999994
0 0.51493360234375 0.8202919570312499 0.11379850156250004 0.054581373437500066
0 0.53693570859375 0.87651002734375 0.12854259531250004 0.05170907968749994
0 0.5511685390625001 0.935526753125 0.114723125 0.04718707187500008
0 0.56168134375 0.9743713796875 0.09255948124999999 0.03321945937499997
0 0.31676259140625 0.5389298453125 0.1309117578125 0.07607198124999996
0 0.34848857265625 0.60355130078125 0.1255955078125 0.07013672968750004
0 0.38268635390625 0.66205325546875 0.1398656109375 0.06221157968749998
0 0.39411816093749996 0.7366270828125 0.11210253125 0.07649949999999998
0 0.4148236734375 0.796838034375 0.11245644999999996 0.06000252499999999
0 0.43568811015625003 0.8468275249999999 0.12307595468749999 0.04479833124999999
0 0.45523214453125005 0.8955941609375 0.10188168593749998 0.05495079062499997
0 0.46889498828125 0.9435347773437499 0.09718233281250006 0.04717013281249986
0 0.22497327109374998 0.5561228765624999 0.13019815156249998 0.07541414375000004
0 0.2598342671875 0.6408492085937499 0.12028214375000001 0.07138239531249999
0 0.28330414140625 0.71118466171875 0.12166606093750003 0.06070673281249998
0 0.30741977890625 0.7715941031249999 0.11439952031249997 0.06444930624999996
0 0.329785903125 0.8271694859375 0.11471734999999997 0.05507702812499993
0 0.35396217031249994 0.8781368914062501 0.10280486562499998 0.0517034953125
0 0.37350475625 0.93010785546875 0.10214754999999998 0.04572187968750008
0 0.133471609375 0.61417983125 0.12133956874999999 0.06901228125000003
0 0.17751308125 0.677641484375 0.125965303125 0.06965243125000002
0 0.2174944734375 0.73466441875 0.138537990625 0.06336043124999993
0 0.24129950078125 0.7908517039062499 0.1285440390625 0.06200415468749991
0 0.25319925546875 0.85089174765625 0.10479990468750003 0.054293139062500016
0 0.282399915625 0.901926675 0.1087437875 0.05820348437499998
0 0.3016059140625 0.9513990445312501 0.09494885625 0.04556621718749998
0 0.051697129687499996 0.8603186304687501 0.0544565 0.03875550781249988
0 0.06560422734375 0.90545570546875 0.0797851234375 0.04464360781250001
0 0.09026826953125 0.9438068656249999 0.09619130781249999 0.03773304687499994
0 0.05324117968750001 0.96232794765625 0.05146760625 0.03392145781249987
0 0.38768114140625 0.9674094921874999 0.09585471093750005 0.04482831562499996
0 0.48323211171875 0.973906340625 0.09456248593750001 0.035036934374999974