0 0.33696441953125 0.13755637968749998 0.1268205390625 0.16319938750000001
0 0.44886701562500003 0.1427355328125 0.13202194062499997 0.15997093749999997
0 0.5671231765625 0.14724800234375 0.11553645937499998 0.15766292968749998
0 0.6719090328125 0.15358646015625 0.10723770937500002 0.1592120421875
0 0.77293325078125 0.15545403828124998 0.1239377421875 0.14657387968750002
0 0.82176219140625 0.277304484375 0.10622395468750012 0.145324721875
0 0.70924508046875 0.28274730468750003 0.10421384218750003 0.137574709375
0 0.60486148984375 0.28061438125000004 0.11562181406250005 0.15027061874999997
0 0.50414914453125 0.27624602499999995 0.11272669531249999 0.155512965625
0 0.3872375265625 0.27432879765625 0.11064310312500006 0.1514124671875
0 0.26352104140625 0.26796906328125003 0.12952156718750002 0.16019701406250003
0 0.8645374476562498 0.38689094453125 0.1014874984375 0.1397143859375
0 0.7533043242187499 0.40465484921875 0.10490984218750006 0.14022077968750005
0 0.6525625484375001 0.40691752734375 0.11867779374999995 0.14254258281249998
0 0.5456796382812501 0.39851571484375 0.10635531093749995 0.1396440140625
0 0.437880578125 0.40228319375000005 0.11158994687500004 0.14542501875
0 0.32051905234375 0.40400325937500003 0.11785857343749999 0.14397854062499998
0 0.20031169374999996 0.40044006328125 0.12728175 0.15661904218750006
0 0.8932340249999999 0.50322504921875 0.09318874687500003 0.12936809843749994
0 0.79558703828125 0.510964909375 0.0957214546874999 0.13274991875
0 0.6850116710937499 0.51692221171875 0.10715914843750003 0.14395328906250002
0 0.58556143125 0.5226326289062501 0.11035111249999999 0.13035540781250007
0 0.48453733593750004 0.5195687953125 0.10988086562500002 0.13723103437499998
0 0.3740429234375 0.52194639296875 0.11354636249999998 0.1360291015625
0 0.260397590625 0.53381606171875 0.121730034375 0.14603054531249998
0 0.13159748046875 0.5254251734375 0.1359010921875 0.14890947499999996
0 0.9231965984375 0.62578669375 0.09068045937499995 0.13566812500000003
0 0.82717667578125 0.61985185859375 0.09587857656249996 0.1304603796875
0 0.7277261453125 0.6235495921875 0.09687052499999993 0.1273172625
0 0.6310081562500001 0.6397360734374999 0.10078313437499994 0.128424509375
0 0.52166023359375 0.64315576171875 0.11264835781250007 0.13490104843750003
0 0.41963840625 0.64287177265625 0.10453114999999999 0.13941910468750002
0 0.31454724609375 0.64958970078125 0.12294975156249999 0.1369645109375
0 0.20163058515625001 0.6572135664062501 0.11614112656249997 0.14083893281249998
0 0.08547547890625 0.6584301375000001 0.1172778765625 0.145509184375
0 0.857885028125 0.73116925859375 0.09088224062499997 0.1281708421875
0 0.7640472546874999 0.7393785546875 0.09918076874999997 0.12756181250000004
0 0.67498983359375 0.74096416796875 0.10126084843750008 0.13145236406250005
0 0.5774698671875 0.7493377999999999 0.10336535312499998 0.135130634375
0 0.46256340625 0.761997784375 0.10468760000000002 0.13285722812500006
0 0.3610005125 0.77131893671875 0.10961329374999998 0.1315860953125
0 0.24874861171875 0.7825196898437501 0.1136372453125 0.14031874218750007
0 0.12865614218750002 0.79413620390625 0.11388435625 0.1363762859374999
0 0.8066884218749999 0.8498144812499999 0.09432549687499998 0.12171043437500009
0 0.7082563421875 0.8458302882812501 0.10018989062500001 0.1231396109374999
0 0.61235980859375 0.85004700078125 0.09667711093749994 0.12725156718750003
0 0.5190728859375 0.8593652304687499 0.10769384062500001 0.12417064218749996
0 0.40838665703125 0.8792894382812498 0.10699806718749993 0.1261534421875
0 0.30215161406249996 0.893484190625 0.10932503437499999 0.1261857062499999
0 0.19191913828125 0.9005153484375 0.11446923281250002 0.13467614062499997