0 0.1109375 0.16875 0.1171875 0.159375
0 0.2765625 0.18359375 0.1125 0.146875
0 0.415625 0.19375 0.109375 0.153125
0 0.5453125 0.215625 0.090625 0.134375
0 0.68203125 0.2171875 0.096875 0.1328125
0 0.7890625 0.22734375 0.0859375 0.13125
0 0.8859375 0.23828125 0.08125 0.1171875
0 0.10078125 0.375 0.11875 0.1546875
0 0.26953125 0.3703125 0.1109375 0.14375
0 0.4234375 0.37734375 0.1109375 0.15
0 0.55078125 0.38515625 0.1015625 0.134375
0 0.64609375 0.38203125 0.0890625 0.128125
0 0.76015625 0.38984375 0.09375 0.13125
0 0.89375 0.39765625 0.075 0.115625
0 0.12109375 0.5578125 0.109375 0.1390625
0 0.2765625 0.55234375 0.0984375 0.14375
0 0.41640625 0.55078125 0.1015625 0.1265625
0 0.52421875 0.53515625 0.0859375 0.1171875
0 0.62734375 0.53203125 0.0765625 0.115625
0 0.73984375 0.53359375 0.084375 0.109375
0 0.8265625 0.52890625 0.075 0.1046875
0 0.9671875 0.54609375 0.065625 0.103125
0 0.98515625 0.403125 0.0296875 0.1078125
0 0.98046875 0.24765625 0.0390625 0.1140625
0 0.11875 0.7671875 0.1265625 0.1296875
0 0.275 0.7453125 0.103125 0.128125
0 0.41953125 0.740625 0.115625 0.14375
0 0.5125 0.67890625 0.075 0.109375
0 0.6375 0.68828125 0.0796875 0.121875
0 0.71953125 0.66875 0.0796875 0.1015625
0 0.8390625 0.67578125 0.078125 0.0984375
0 0.94375 0.67734375 0.06875 0.1015625
0 0.1390625 0.92265625 0.1015625 0.1171875
0 0.27734375 0.88828125 0.1015625 0.1140625
0 0.4125 0.89296875 0.1 0.1234375
0 0.51640625 0.83828125 0.0796875 0.1140625
0 0.61796875 0.825 0.0859375 0.1015625
0 0.725 0.81640625 0.0796875 0.0984375
0 0.8109375 0.80234375 0.0765625 0.10625
0 0.93828125 0.83125 0.0796875 0.1015625