0 0.78791899375 0.76098847578125 0.16060468125 0.14140399218749994
0 0.814290125 0.6361759875 0.17568776250000004 0.14975686875000002
0 0.8389909328125 0.5182396609375 0.1710478375000001 0.12753595000000004
0 0.8588171921875001 0.39588029531249996 0.17091915625 0.13890144687499997
0 0.8790027406250001 0.2756780671875 0.16470325312499998 0.14097016875
0 0.6448390546875 0.807276546875 0.161124571875 0.12891366249999994
0 0.66835552578125 0.6803572078125001 0.15608013281249997 0.12186483125
0 0.6849119359375 0.55509607421875 0.15547148437500002 0.12486581718750003
0 0.70569597578125 0.43019616875000005 0.1638712609375 0.12628015312500004
0 0.72949075859375 0.3210351375 0.16024524843750002 0.12852550625
0 0.74895162109375 0.18931704843750002 0.16501385781249994 0.1330761
0 0.513286690625 0.8490682609375 0.15255028125 0.12491320624999994
0 0.5247910570312501 0.7188530492187499 0.15260501718750002 0.12147495156249999
0 0.5389804625 0.5925618710937499 0.15092547187500002 0.1355644296875
0 0.5676652179687499 0.47817085703125006 0.1447975796875 0.1247404515625
0 0.5799776203125 0.35235824140625 0.14921415937500004 0.12437814843749995
0 0.5985089929687499 0.22888214843750002 0.15311009843749995 0.125947571875
0 0.6229152578124999 0.11275904375000001 0.16608990937499996 0.137113175
0 0.37531521640625 0.8706011179687501 0.1455438140625 0.11686878281249999
0 0.3914639578125 0.75462681171875 0.146659040625 0.1220100140625
0 0.4129376234375 0.6286240453125 0.14481829062500004 0.11817283125000007
0 0.42362029453125 0.50837989921875 0.13737103906249998 0.12170974218749997
0 0.45129033124999995 0.39634611640625 0.14332291874999997 0.11807159218750005
0 0.46900145390625003 0.286609628125 0.1501474703125 0.11711779062500001
0 0.48110350390625 0.16100285546875 0.14958615156250002 0.12076585156250001
0 0.505306615625 0.04720561796875 0.15219009999999997 0.0944112359375
0 0.25969033515624995 0.7718485890625001 0.14160644843749998 0.12639129999999996
0 0.29246726796875 0.6593158031249999 0.13714178906250002 0.11908355312500003
0 0.3008819046875 0.5589773273437499 0.14195847812499998 0.12023811093749996
0 0.3187816 0.433104615625 0.14644160000000003 0.11839340312499998
0 0.34035761875 0.32783284453125 0.14188227812499998 0.11429171093749999
0 0.35742291640625 0.21487261796874998 0.1436002484375 0.11831628906249998
0 0.3704758359375 0.095922825 0.14602152812500005 0.11454631562499999
0 0.13489872734375 0.8042691804687501 0.1320211515625 0.1333190734374999
0 0.14969680624999998 0.6890906906250001 0.13686370625 0.127101265625
0 0.164276225 0.57855400546875 0.139021715625 0.12396500468749991
0 0.18429032734375 0.4721860492187499 0.1340290140625 0.1175597953125
0 0.204524446875 0.3603992171875 0.14228829375 0.11834946250000003
0 0.22103826718750003 0.25413745546875 0.143701565625 0.11918048281250002
0 0.233116909375 0.13297159062500002 0.14160419999999999 0.11753998125000001
0 0.247583675 0.036343030468749996 0.14178021562499998 0.07268606093749999
0 0.0494904328125 0.7297207109375 0.0754577625 0.11180372187500005
0 0.061782420312499996 0.61429722578125 0.10379569375 0.11617045156249999
0 0.0729762546875 0.50961629296875 0.12903745625000002 0.11740298281250006
0 0.136115653125 0.06784835859375 0.12087909062499999 0.11400220781249999
0 0.11982873828125 0.18196981875 0.1273190890625 0.11750594687500002
0 0.09986873671874999 0.28793200390624996 0.1258318671875 0.11335600156249996
0 0.08488373593750001 0.40576859609374993 0.131466490625 0.11181070468749996
0 0.38851345937500004 0.018648540625 0.13889138750000002 0.03729708125
0 0.2326682921875 0.8895558781249999 0.14118046874999998 0.1126318187499999