0 0.38623914765625 0.16642365546875001 0.0723118703125 0.13084270781250001
0 0.30933454609375 0.14979726171875 0.0725103296875 0.1302342359375
0 0.25852359218750004 0.1434877046875 0.06910673437499999 0.13045726875
0 0.1518743515625 0.121000596875 0.05818714687500002 0.106858803125
0 0.20151094375 0.1270175046875 0.048751865625 0.101778696875
0 0.3859606046875 0.27701579296875 0.07607714687499997 0.12208008906250001
0 0.3251108875 0.26043638828125 0.06767724687499999 0.11979237968749996
0 0.262946771875 0.24181479453125002 0.06544937812500003 0.12239066406249999
0 0.20393212578125 0.220644590625 0.06265463281250001 0.12413130624999998
0 0.16144950234375 0.20930321484375 0.054951307812499996 0.1330527734375
0 0.11694671171875 0.19068891484375 0.051781414062499996 0.10069446718750001
0 0.40743458046875 0.39302599921875 0.07655348281249999 0.1309033328125
0 0.3345107734375 0.37493888125 0.07307219375000003 0.12129019062500004
0 0.26168616953125 0.35228393671875 0.06998562968750002 0.12084335156250003
0 0.230007096875 0.3333282640625 0.0486998625 0.116446578125
0 0.15972770859375 0.3089406421875 0.0574609671875 0.10794581249999999
0 0.1157892859375 0.2896324984375 0.04694441562500001 0.09785335312500001
0 0.07100445078124999 0.26593992109375 0.045125214062499995 0.09933214218749997
0 0.41877229765625 0.51865357734375 0.08249854218750005 0.13455058281250007
0 0.35769381640625003 0.49370765546875006 0.08485219218750002 0.1269399421875
0 0.29152395703125 0.46401935078124995 0.06955737656250002 0.12857402031249995
0 0.2256057625 0.43732797734375 0.05963463750000002 0.11571174531250002
0 0.18105937890625 0.41478569140625005 0.05787073593749999 0.11254102968750002
0 0.13433709921874998 0.38303597265625 0.053033739062499995 0.13109110156249998
0 0.0766457796875 0.3630729015625 0.048184990625000014 0.11581196875000002
0 0.048178057812499994 0.341775325 0.0421202625 0.09362733125
0 0.4101731359375 0.6545577874999999 0.07773814062500004 0.13243718749999997
0 0.3540658578125 0.61605684453125 0.07254557187500002 0.1274347265625
0 0.30666823125000003 0.57007935703125 0.06731275 0.14130002968750005
0 0.23917095000000002 0.5475106585937499 0.06887756875000002 0.11280922656249999
0 0.180278421875 0.51806167109375 0.06157899375000002 0.11173845468749999
0 0.1392284421875 0.48885709765624996 0.05259765625000001 0.12130365156250003
0 0.09840122109375 0.4604158421875001 0.05466340468749999 0.102606640625
0 0.051100911718749996 0.43866974609375 0.044893232812499996 0.09821898906250004
0 0.367326396875 0.74065501796875 0.0799542625 0.13311339531249997
0 0.29226109375 0.6935607820312499 0.07244438437499996 0.1239752421875
0 0.23791761640624998 0.6596915703125 0.06201507656250001 0.12270401875
0 0.18518213593750002 0.62249178671875 0.06860250937499998 0.11651710468750007
0 0.1339043375 0.5898798671875 0.063900221875 0.11550139687500005
0 0.087522009375 0.56423456484375 0.05071642812499999 0.10381367656249996
0 0.041366055468749996 0.536570040625 0.0430729328125 0.10304358125000004
0 0.296058896875 0.8192833039062499 0.06868302187500004 0.12376845156250002
0 0.25118674296875 0.7708269765625 0.06969772343749998 0.126613125
0 0.1963721203125 0.72364485703125 0.05813686249999998 0.13899329843750002
0 0.15436049453125 0.6908971078125 0.06245115781249999 0.13105227812500003
0 0.09497129374999999 0.6614062710937499 0.055273353124999994 0.10575832968749994
0 0.052502360937500006 0.6297762359375 0.052857671875 0.11055043749999997
0 0.015391110937499999 0.6015778125000001 0.030782221874999998 0.09652629062499996
0 0.03409635859375 0.88083268203125 0.0370876203125 0.06784137968749988
0 0.00690215390625 0.8540742640625 0.0138043078125 0.09356932812499999
0 0.0117710453125 0.5063566578125 0.023542090625 0.10340235624999998
0 0.01968115859375 0.41788526015625005 0.027386214062499997 0.07857478906250001