0 0.389594990625 0.865929446875 0.12772282812500002 0.16351059687499997
0 0.5035447359375 0.86085621484375 0.13456526875000002 0.16011205468750003
0 0.62324280859375 0.84868539609375 0.11678492031249998 0.1576983453125
0 0.73331281796875 0.84468261796875 0.1088363421875 0.1590219734375001
0 0.82250994453125 0.84108476640625 0.12393366093750009 0.14641066093750005
0 0.8694625820312499 0.712656603125 0.10720764218750016 0.14478680937500005
0 0.7579073515625 0.7162759515625 0.10749558124999999 0.13773765625000003
0 0.6518820062499999 0.71459401796875 0.11992199999999995 0.1499435078125
0 0.54445767109375 0.716994871875 0.11591191406250001 0.15527461249999996
0 0.42920895156250005 0.72301141640625 0.11199475937500006 0.15146510781250005
0 0.30925281328125004 0.7350952265625 0.1347998671875 0.1603030062500001
0 0.903031684375 0.5972665492187501 0.10435545937500006 0.13940659531249996
0 0.7952869765624999 0.5915325296875 0.10782772812499992 0.14003909375
0 0.69122980703125 0.5854003515624999 0.1226309515625 0.14240318125
0 0.5805429984375 0.60177597109375 0.111242078125 0.13942313593750005
0 0.47381299375 0.5986894625 0.11506174374999993 0.14525141562499994
0 0.356762025 0.599541353125 0.12029682187499997 0.14431671249999994
0 0.2357611484375 0.60106032578125 0.131329134375 0.15685886406250002
0 0.9216135124999999 0.478659615625 0.0958081 0.12892881875000003
0 0.8251010195312499 0.4812660335937499 0.09886899531249993 0.13266315468750003
0 0.71579566171875 0.47137516484375 0.10630417031250002 0.14340053281250004
0 0.61424742578125 0.46619595546875 0.11179059531249998 0.13013417343750006
0 0.5110744031250001 0.46705934453125 0.11325780624999995 0.13697985468749999
0 0.40028568203125003 0.47219820078124997 0.1166889421875 0.13636792031249997
0 0.2882309 0.46612382734375 0.12321906874999997 0.14605832656249995
0 0.15460749453124997 0.47435831640625 0.14125839218749997 0.14923283593750006
0 0.9456278390624998 0.36377365 0.0935867 0.13544873749999997
0 0.8479437187500001 0.3668032046875 0.09685785000000005 0.13016374062500002
0 0.7520162976562499 0.37022480468749996 0.09994008281250003 0.12707844687499997
0 0.6528399453124999 0.358033403125 0.103592140625 0.12855394374999998
0 0.5474860742187501 0.35325275 0.11636746093749997 0.13497813125000002
0 0.43977699687499994 0.3517454265625 0.10734321562499996 0.13912342500000002
0 0.32994024375 0.34595547031249996 0.12026638749999999 0.13728659062499998
0 0.215358246875 0.34297304609375 0.118607153125 0.1409051421875
0 0.10106361953125001 0.34586155859375 0.11892254843750001 0.14558420468749994
0 0.87620325 0.257644803125 0.09394931249999985 0.127664328125
0 0.7832853765625 0.25655350781249997 0.10369420312499997 0.12718369375
0 0.6918841101562501 0.24902658203125 0.10425185468749998 0.1309340578125
0 0.58935098203125 0.24323809921875 0.10664237031249994 0.1348428046875
0 0.47853470859375 0.23614938125 0.10745444531249992 0.13247520625
0 0.37405780546875 0.229309025 0.11190791093750004 0.13155353125
0 0.26171703828125 0.2206662171875 0.11456660156249998 0.1403222625
0 0.13460317421875 0.19904486484375 0.11481189843749999 0.1365027359375
0 0.8108067210937498 0.13902807187500002 0.09616158281249998 0.12140503437500001
0 0.7141153640625 0.14204953046875 0.10427469374999995 0.12232670781249996
0 0.62027238046875 0.1415083171875 0.09964298281249998 0.126659953125
0 0.5215026890625 0.1280409828125 0.11124057187499999 0.12431943125
0 0.41205980546875 0.10541686640625 0.10899633281250001 0.1259688234375
0 0.305787128125 0.09872126953125 0.111551384375 0.12623245156250001
0 0.19094761796874998 0.09949544296875 0.11615721093749998 0.13467842031250002