0 0.8166524078125 0.61609185546875 0.12870796875000004 0.07371251718750002
0 0.833223890625 0.69645321875 0.12868741562499997 0.07362072812500005
0 0.8506205109374999 0.7440663695312499 0.12933007499999993 0.07081734531250002
0 0.8859093546875 0.84787063125 0.10557606562500013 0.05948360937500006
0 0.87253006484375 0.7978301671875 0.10079804531250006 0.04971483749999992
0 0.69559443984375 0.618687765625 0.12174312343749998 0.077215840625
0 0.7209097476562499 0.6796390234375 0.11804740781249992 0.06853791250000008
0 0.7535468507812499 0.74176346796875 0.1213554171874999 0.06645559531250003
0 0.77368019765625 0.8015738875 0.12304899531250006 0.06349471874999998
0 0.7860035078125 0.8431044695312501 0.13084008124999996 0.0559898578124999
0 0.8118297710937501 0.8900115124999999 0.09988293281249998 0.05301742812499999
0 0.5790393265625 0.6050957109375 0.13150800937499998 0.07732775937500005
0 0.6042879171875 0.67440997734375 0.12048029687500002 0.07407733906249998
0 0.63448581328125 0.7488840234375 0.12083772968749998 0.07054297187500005
0 0.6552146125 0.7800841898437499 0.11471690312499998 0.049905010937500015
0 0.6893654640625 0.8488794250000001 0.10721687812499994 0.05792920937500003
0 0.7129503328125 0.8934049523437502 0.09781914374999996 0.04798578906250004
0 0.7341280109375 0.9337592671875001 0.09868648437500002 0.04641224687500003
0 0.45384725703125 0.58756054609375 0.13369094843750004 0.08347732031249996
0 0.48755916328124993 0.6534311484374999 0.1259126421875 0.0858657
0 0.51405517109375 0.7218834640624999 0.1275192953125 0.07029006875000006
0 0.54854651875 0.7895280187499999 0.11514265624999993 0.05973353437499993
0 0.57830374375 0.82705309296875 0.11071346562500003 0.05888602031249999
0 0.6095257601562499 0.876699275 0.13097477656250006 0.05371240937499984
0 0.63702512265625 0.9331214945312499 0.11513488281250002 0.04883429843750005
0 0.6577044414062501 0.9616266781250001 0.09334301406250001 0.043273746875000005
0 0.3139550125 0.60136363359375 0.132318696875 0.07841959531249998
0 0.3577761921875 0.659966753125 0.12744208750000005 0.07316014687500001
0 0.4138994453125 0.7063457976562499 0.14105321875 0.06793932968750002
0 0.447570515625 0.7783585085937499 0.11197823437499999 0.06942703281249996
0 0.47689629687499996 0.8323673398437499 0.11054932812499993 0.0624405171874999
0 0.5079376546875001 0.87196278828125 0.119213584375 0.053590917187499976
0 0.5394732273437499 0.9119227375000001 0.10225333593750001 0.05534009999999991
0 0.563640140625 0.9591930882812498 0.09769416562500002 0.04585130156249999
0 0.23405955312499999 0.64439002890625 0.13364206562499997 0.08065544218750001
0 0.28898315390625 0.716514353125 0.12487727031249998 0.07322585625000003
0 0.32692956953125 0.77746144296875 0.12244243906249999 0.06259106718750003
0 0.3647144203125 0.8263487476562499 0.11654323437500005 0.06911998281249998
0 0.40007228437500003 0.8785216078125 0.11466607812500004 0.06476517500000015
0 0.43621528046874997 0.92415241640625 0.10321538593750001 0.05159245156250005
0 0.46794769453124996 0.9706072328124999 0.10239692031249996 0.04349758749999992
0 0.15242550078125 0.72309487109375 0.1238771765625 0.0690427234375
0 0.21032003046874997 0.77048829453125 0.1255913109375 0.07004772968750003
0 0.262252796875 0.8192803132812501 0.138662265625 0.058678345312500116
0 0.30368100546875 0.863129115625 0.1309161734375 0.06313847500000005
0 0.33262732734375 0.9227124468749999 0.10529083906249999 0.05564119999999999
0 0.36807588046875 0.9589034398437499 0.11046822968750006 0.05260108281249991
0 0.40301088359375 0.98959556796875 0.0959352359375 0.020808864062500022
0 0.1336265921875 0.9825155375 0.06799207187499999 0.03496892500000008
0 0.5864758703125 0.98348511796875 0.09799494375000002 0.0330297640625
0 0.49609375 0.984375 0.1125 0.03125