0 0.6520231929687499 0.11386966093750002 0.12689569218749996 0.164581621875
0 0.5425600546875 0.12396825078125 0.13222718124999994 0.1602101640625
0 0.42269723125 0.1354789265625 0.11530948750000003 0.157561828125
0 0.31572201796875 0.1526525828125 0.1070061484375 0.15876008125
0 0.22257490468750002 0.16149564218749998 0.12393740000000002 0.14628402187499998
0 0.16930808046874998 0.287665275 0.10630588593750001 0.14337740625
0 0.2787692953125 0.27879546718750003 0.10444378749999998 0.138258746875
0 0.38199871015625 0.2699205890625 0.11597998593749996 0.14900155
0 0.4866034703125 0.26088348828124996 0.11299200000000002 0.1545251453125
0 0.60473807890625 0.25044335234375004 0.1107204078125 0.1513759140625
0 0.72740832578125 0.2368850953125 0.1299581640625 0.16032177812499998
0 0.12839600703125 0.40010520625 0.10166888906249998 0.13852257812500005
0 0.23388551249999998 0.4008468484375 0.10515287812499999 0.13988225625
0 0.33990980625 0.399374215625 0.11900705937500003 0.14189410937499997
0 0.4468734382812499 0.38432047109375 0.1066612015625 0.13886018593749996
0 0.5536292203125 0.38189956328124997 0.11187911874999994 0.1446614453125
0 0.66940594609375 0.37216441640625 0.1180275671875 0.14488005468750004
0 0.7909553820312499 0.36065596484375 0.12738752343750007 0.15718362031250002
0 0.10160326718749998 0.5185101734374999 0.09336554999999999 0.1277631875
0 0.19836212656250002 0.5095445562500001 0.09598361874999999 0.13228592500000005
0 0.30565673046875 0.513964409375 0.10708793593750002 0.1419596125
0 0.40886399296875 0.50840182734375 0.11022648906249999 0.1294577140625
0 0.5090544796875 0.50392041875 0.110122796875 0.13622661249999996
0 0.615676409375 0.49719349140624997 0.11376674375000002 0.13694887656249993
0 0.7328996734375 0.4982832804687501 0.12183147187499994 0.14608568906250002
0 0.8606765187500001 0.482734934375 0.13634731249999996 0.14975609687499994
0 0.07051753593750001 0.6359674640625 0.090922525 0.13476914999999998
0 0.1696630421875 0.62999546328125 0.09582004687499998 0.12931750468749997
0 0.26423970390624996 0.614943053125 0.0971261953125 0.12638781562499996
0 0.36422214765625 0.61876177578125 0.10101710156249996 0.12866901718749996
0 0.46804510859375004 0.6218028992187501 0.1129581296875 0.13505971093749994
0 0.5716225093749999 0.61602793828125 0.10472357187499996 0.1384644578125
0 0.6707014046875 0.61592029765625 0.12271825624999995 0.1378233546875
0 0.7859592109375001 0.61456463828125 0.11630198437500008 0.14086096718750002
0 0.9071524546875 0.60816061953125 0.11741486249999991 0.1458984328125
0 0.13028404765624998 0.7380560882812499 0.0911377015625 0.12634907968749998
0 0.22148723906249995 0.7378959968750001 0.09955669999999998 0.12615813437500006
0 0.315001846875 0.7401292335937499 0.101509975 0.12991062656249994
0 0.4077465703125 0.74387325390625 0.10363829999999993 0.1340099796875
0 0.52542582265625 0.7356126617187501 0.10484965781249996 0.1314335921875
0 0.6272920484375 0.74088295859375 0.10978779062499999 0.13129983281250004
0 0.7382736039062501 0.7419238546875 0.1137146546875 0.1401377749999999
0 0.8553375750000001 0.7403628640625 0.11396161250000007 0.13698485312499997
0 0.179047384375 0.8466202320312501 0.09447842812499999 0.12086790781249998
0 0.28079123046875 0.844654171875 0.10051692656249997 0.12100167187500004
0 0.38078204531250004 0.84416549609375 0.09685371249999997 0.12564340781250002
0 0.47877987343750006 0.84445015546875 0.10798925625000004 0.12448388593750011
0 0.58312436015625 0.85357111328125 0.1071645078125 0.12538051093750005
0 0.6906767875 0.85924748984375 0.109480396875 0.12616458281250004
0 0.8034200734375 0.85809331796875 0.11451909375000006 0.13449887031250007