0 0.31981889531249996 0.22222222265624997 0.06572420625 0.13227513281249997
0 0.2419422140625 0.22056878281249997 0.06274801562499999 0.13095238125
0 0.18737811484375 0.2164351859375 0.057291667187499985 0.13128306875
0 0.08321175234375 0.20585317500000003 0.04836309531250001 0.10879629687499999
0 0.12463009921875001 0.2123015875 0.050843254687500006 0.102513228125
0 0.34635659296875004 0.337632275 0.06770833281250002 0.124338625
0 0.28212048203125 0.33052248671875 0.0642361109375 0.12070105781249998
0 0.22247266484374997 0.31878306875 0.06646825468749999 0.12301587187500003
0 0.15637673749999997 0.3060515875 0.054315475 0.12400793750000001
0 0.10999746562500001 0.3017526453125 0.046378968750000006 0.13458994687499998
0 0.05655095546875 0.29315476171875005 0.0456349203125 0.1008597890625
0 0.390999753125 0.45221560859375 0.07217261875000003 0.12929894218750002
0 0.31671839296875 0.44279100546874994 0.06448412656249998 0.1203703703125
0 0.234502646875 0.42427248671874995 0.06572420625 0.11838624218749998
0 0.19729905312499998 0.4188161375 0.03745039687499998 0.11739418125000003
0 0.130458775 0.39947089921875 0.053571428125 0.10714285781249999
0 0.07564817734375 0.3893849203125 0.04513888906250001 0.096891534375
0 0.03199677734375 0.371858465625 0.03918650781250001 0.09887566250000002
0 0.43155095546875 0.5671296296875 0.07886904843749995 0.13492063437499996
0 0.3604941046875 0.5535714289062501 0.07713293750000001 0.1263227515625
0 0.28509636953125 0.5381944437499999 0.07316468281249996 0.127976190625
0 0.2249528234375 0.521494709375 0.06299603125 0.11507936562500003
0 0.17224914687499998 0.5026455023437499 0.05381944374999999 0.11375661406250001
0 0.1174382453125 0.48032407421874995 0.050843253125 0.12863756718750005
0 0.05865818046875 0.4690806875 0.0463789671875 0.11474867812500004
0 0.022571871093749998 0.45833333359374995 0.0337301578125 0.09259259218749998
0 0.44903516406250005 0.697420634375 0.07564484062500006 0.13095238125000003
0 0.38021076015625 0.6703042328125 0.06994047656250002 0.12566137499999996
0 0.3270113546875 0.62748015859375 0.06225198437499997 0.13988095156249997
0 0.256327134375 0.622189153125 0.07514880937499999 0.11210317500000003
0 0.19469458359375 0.6044973546875 0.060019842187499985 0.11243386250000001
0 0.14781958359375 0.5866402117187499 0.04513888906250001 0.12301587343750002
0 0.09710155078125 0.56183862421875 0.053819445312500006 0.10185185156249998
0 0.04452218515625 0.546296296875 0.0458829359375 0.09722222187499999
0 0.428449240625 0.7890211640624999 0.07564484062500001 0.13029100624999995
0 0.34325669843749995 0.75694444453125 0.07142857187499999 0.1203703703124999
0 0.27976372421875 0.734788359375 0.060019842187500005 0.121693121875
0 0.21763665859375 0.7086640210937499 0.06473214218749998 0.11441798906249998
0 0.16443664687499998 0.6827050265625 0.05555555625000001 0.11474867812500004
0 0.11409003124999999 0.6582341265625 0.0505952375 0.10284391562500002
0 0.06101493828125 0.64004629609375 0.04513888906250001 0.10218253906249997
0 0.370290125 0.8784722218750002 0.06845238125000001 0.12136243437500002
0 0.30940162109375 0.840773809375 0.06919642968750002 0.12599206249999995
0 0.251242809375 0.79877645546875 0.062003968749999985 0.13855820156250004
0 0.20101898828125 0.7729828046875 0.06175595156250002 0.12863756562499998
0 0.13839558671875 0.7574404757812501 0.05357142968749999 0.1048280421875
0 0.08928723046875 0.7313161375 0.057539682812500006 0.10879629687500003
0 0.040057292968750005 0.71511243359375 0.0448908734375 0.09490740781250002
0 0.12016763359375 0.96660052890625 0.03844246093749999 0.06679894218749993
0 0.0778800171875 0.953207671875 0.04365079374999999 0.09358465625000001
0 0.040429317187499994 0.928075396875 0.0376984125 0.09623015937499986
0 0.022077052343749997 0.96626984140625 0.0332341265625 0.06746031718750008
0 0.01202876953125 0.5221560843749999 0.0240575390625 0.09722222187499999
0 0.01760912734375 0.62450396875 0.0352182546875 0.10350529062499998