0 0.68515625 0.8609375 0.1265625 0.1671875
0 0.56640625 0.85859375 0.11875 0.1671875
0 0.4546875 0.85859375 0.1125 0.1625
0 0.34453125 0.86015625 0.1109375 0.1609375
0 0.2453125 0.859375 0.1046875 0.1546875
0 0.746875 0.7234375 0.128125 0.1640625
0 0.6234375 0.721875 0.1203125 0.1609375
0 0.51015625 0.72578125 0.1171875 0.1546875
0 0.40390625 0.728125 0.1109375 0.1515625
0 0.30078125 0.73125 0.109375 0.1484375
0 0.80703125 0.5890625 0.128125 0.1625
0 0.6828125 0.59140625 0.125 0.159375
0 0.565625 0.59375 0.115625 0.153125
0 0.46328125 0.603125 0.109375 0.14375
0 0.3515625 0.6046875 0.1109375 0.15
0 0.1890625 0.73671875 0.10625 0.15
0 0.2484375 0.61328125 0.10625 0.146875
0 0.1421875 0.62421875 0.103125 0.1453125
0 0.11015625 0.515625 0.096875 0.1375
0 0.20390625 0.50546875 0.1015625 0.1359375
0 0.30859375 0.49453125 0.1015625 0.1375
0 0.4109375 0.48515625 0.1078125 0.140625
0 0.515625 0.48046875 0.109375 0.1421875
0 0.625 0.4734375 0.115625 0.1453125
0 0.8625 0.45703125 0.125 0.1578125
0 0.7390625 0.4609375 0.1234375 0.1546875
0 0.91015625 0.3234375 0.125 0.1484375
0 0.79140625 0.334375 0.1203125 0.1515625
0 0.67890625 0.35 0.115625 0.14375
0 0.56953125 0.359375 0.109375 0.140625
0 0.465625 0.36328125 0.1078125 0.140625
0 0.8546875 0.19296875 0.121875 0.1484375
0 0.73359375 0.21171875 0.11875 0.1453125
0 0.621875 0.22890625 0.1171875 0.146875
0 0.51796875 0.24296875 0.10625 0.1390625
0 0.409375 0.25234375 0.10625 0.1390625
0 0.7875 0.08671875 0.121875 0.1390625
0 0.6765625 0.10546875 0.1140625 0.140625
0 0.56953125 0.11875 0.1078125 0.1375
0 0.4640625 0.140625 0.1046875 0.13125
0 0.359375 0.37734375 0.1046875 0.140625
0 0.265625 0.3921875 0.0984375 0.1375
0 0.16796875 0.39296875 0.1 0.13125
0 0.06875 0.396875 0.09375 0.13125
0 0.3125 0.265625 0.1015625 0.13125
0 0.36640625 0.15546875 0.096875 0.128125
0 0.27109375 0.16640625 0.0953125 0.128125
0 0.2171875 0.27734375 0.096875 0.13125
0 0.12421875 0.2875 0.09375 0.128125
0 0.1703125 0.171875 0.09375 0.128125