0 0.6012473929687501 0.9046204273437499 0.13344829531249996 0.1598763703125
0 0.48211347265625 0.8648729718750001 0.13123323281249996 0.162512171875
0 0.36638300546874997 0.83214471484375 0.1233198453125 0.1622019984375
0 0.2511170671875 0.796303675 0.12759225000000002 0.16638608437499994
0 0.13423230390625002 0.7601386984375 0.13427253593750002 0.16316341874999996
0 0.7157139257812499 0.78741560390625 0.14689720781249999 0.1573821171875
0 0.5813671687499999 0.7527627015625 0.12609072187499998 0.14906538437500005
0 0.46579229531250005 0.7173016000000001 0.12535029062499997 0.15628685312499996
0 0.3593651828125 0.6768121812500001 0.12398297500000002 0.15568710000000002
0 0.24160532968749998 0.6450415250000001 0.1279158875 0.158419440625
0 0.11571967109374999 0.6134714390625 0.1273569546875 0.1586433875
0 0.10425545 0.46000626171875 0.132415659375 0.1496226546875
0 0.22010827109375 0.49619861328125003 0.12962581093749997 0.1433136796875
0 0.34262377656250004 0.5321458140624999 0.12850794687500003 0.14986074374999997
0 0.451342509375 0.57732833046875 0.12352824062499997 0.14064440468749995
0 0.5660784375000001 0.5966152859375 0.12186248750000006 0.15327393437500003
0 0.68245865859375 0.6402911023437501 0.12489386093750002 0.1565468390625
0 0.8055876375000001 0.6892666507812499 0.12847170312500006 0.15311049531250004
0 0.8833018570312501 0.57848618203125 0.1428221578125001 0.14557885468750004
0 0.7713343953124999 0.5464974375 0.11519324687500002 0.1450859125
0 0.6547061796875 0.50252772109375 0.11653055000000005 0.14364831093749997
0 0.54602357734375 0.46421486874999995 0.12005940781250005 0.13403683437500002
0 0.43413812265625007 0.43537246171875 0.12167617656250003 0.1385915984375
0 0.3218632640625 0.4024561796875 0.12091989062500001 0.13872287500000002
0 0.21065460468750002 0.3598904828125 0.12569120312499998 0.14624419375000003
0 0.10154322578125 0.32949434921875 0.1379559953125 0.14516181718750004
0 0.9425032625 0.45791886484375005 0.07426044374999989 0.14286322031250004
0 0.8473791703125 0.43714359453125 0.11693318437500011 0.13758387031250002
0 0.73809622421875 0.41041945 0.10895834843749999 0.138860596875
0 0.6338554226562501 0.364980390625 0.12117415468749995 0.139668840625
0 0.52841454140625 0.33255157265625 0.11935522343750007 0.1338128921875
0 0.42246232578125004 0.30208582578125 0.12151364843750004 0.13760702343750003
0 0.31014964453125 0.27325551640625 0.12369869531249997 0.1312234015625
0 0.20462124375 0.22691238046875 0.12521919374999999 0.13721576093750001
0 0.096259353125 0.20186043125 0.12400675625000002 0.13357349062499999
0 0.18185664140625 0.08001469609375 0.1152864015625 0.1252336046875
0 0.29401470546874997 0.12465169843749999 0.12035303281249998 0.12828513125000002
0 0.405103459375 0.16063529062499998 0.12198565624999999 0.13882067499999998
0 0.5076656242187501 0.19771635390625 0.12268984218750001 0.13249756093750004
0 0.6161497054687499 0.22817883437499997 0.11207183281250002 0.1369274875
0 0.7258938054687499 0.264280165625 0.11129346093750003 0.13142932499999999
0 0.82828498671875 0.29667059531250006 0.1104550640624999 0.130559315625
0 0.93160252734375 0.33796624296875005 0.1064406703125 0.1340574234375
0 0.91495696875 0.200066796875 0.10795884062500001 0.129452475
0 0.8001910992187501 0.17691172109375 0.10687891718750012 0.12723491718749996
0 0.696770884375 0.1444309125 0.10728466874999994 0.12658241250000002
0 0.5935084125000001 0.1095466640625 0.11047715 0.12188992812500002
0 0.4877892265625 0.07235738515625 0.10947141250000003 0.10720286406249999
0 0.38704081484374997 0.054400138281249996 0.11833886406250005 0.0811729484375
0 0.27959138828125 0.03401950234375 0.11016090156249998 0.0496610640625