0 0.3669222546875 0.8235230109374999 0.12768785 0.16448969687499995
0 0.47891185625000005 0.8176204078125 0.13478580624999995 0.160120684375
0 0.5977546765625 0.80302304453125 0.11704684687500003 0.15747382656250003
0 0.70596060625 0.7824063984375 0.10900476249999995 0.15867141250000003
0 0.7977539296874999 0.7764816640625 0.12382631249999995 0.14620231875000006
0 0.8444582515625001 0.64710964921875 0.10731060625000008 0.14329732968749997
0 0.73298114921875 0.6563339671875 0.1076893734375 0.13818152812500006
0 0.6303090546875 0.66520388828125 0.12017733749999993 0.1489183296875
0 0.5257890671875 0.6744156734375 0.11607765624999997 0.15443884062500005
0 0.41216366328125 0.6875836304687499 0.1121019703125 0.15129136718750003
0 0.28473333359374997 0.7051260921875 0.1352515265625 0.16023223749999999
0 0.8788123132812501 0.5312799359375 0.10451880781249993 0.13844521249999991
0 0.77106327421875 0.53071843828125 0.10797814218750004 0.13980412968750003
0 0.6658013828125 0.53727925625 0.12285498750000005 0.14181485937500007
0 0.5566467890625001 0.55268405546875 0.111617475 0.13878262968750005
0 0.45367766328125 0.55456441640625 0.11525214218750005 0.1445806484375
0 0.33376662265625 0.5582876226562499 0.12039954531250001 0.1447991359375
0 0.20792932890625 0.56705599296875 0.1316553203125 0.1570958328125
0 0.8940262140625 0.41838956953125006 0.09597629999999988 0.12769182968750004
0 0.79875464140625 0.41717216796875 0.09904631406249997 0.13221204531250003
0 0.694318475 0.42602591171875004 0.10619094687499997 0.14188032656250002
0 0.58835814453125 0.42322353125 0.11192734843750003 0.12938540937499998
0 0.48834083046874993 0.43279144453124996 0.11349375781250001 0.1361505296875
0 0.37631276171875 0.43532426484375 0.11688277968750001 0.13687238906250002
0 0.26098392812500004 0.43732820390624993 0.12337205312499999 0.1460041015625
0 0.1280821140625 0.4484977859375 0.141583528125 0.14967245624999997
0 0.9168395632812502 0.29936145546875004 0.09374843906250004 0.1346938796875
0 0.81908034453125 0.30515038906249997 0.0970732328125 0.12924527812500003
0 0.723715615625 0.31710127187500003 0.10010996875 0.12631722499999998
0 0.6319601515625 0.30875371171875 0.10373712499999996 0.1285971546875
0 0.5217447617187501 0.30988579375 0.11657737031249997 0.134984278125
0 0.4195776578125 0.31711422499999997 0.107568428125 0.138387125
0 0.3093786953125 0.315207078125 0.11999876250000004 0.13774637812499999
0 0.18933183515625 0.3141877875 0.11873187031250002 0.14078229687499996
0 0.07301828359375 0.3249583078125 0.11902368281250002 0.145816946875
0 0.84981992109375 0.198966271875 0.09412416406250017 0.12627851562499998
0 0.7552618351562501 0.19966546953125 0.10398134843750002 0.12608767343750002
0 0.6606532328125001 0.19252420703125 0.10441145937499999 0.1298380734375
0 0.5584709867187501 0.19349298203125 0.10682377968750005 0.1339351328125
0 0.4482053203125 0.19558156328125 0.10761905937500002 0.1313601859375
0 0.34177963437500003 0.18921698046875002 0.11219501250000001 0.13122650156250001
0 0.22597983593749998 0.18871586171875002 0.11454524062500002 0.14005950156250002
0 0.10798629296875 0.18227358984375 0.1148468953125 0.1369083421875
0 0.78600263515625 0.0815428765625 0.0962317890625 0.120800403125
0 0.692192921875 0.09079130078125 0.10455513125000007 0.1209340890625
0 0.5944312914062501 0.094193090625 0.09981135781249995 0.12557323437499998
0 0.4962830828125 0.08899931484375001 0.111440521875 0.1244143609375
0 0.38458641718750003 0.07405668125 0.10907203437500002 0.12531048125000002
0 0.27817924921875 0.07596595390625001 0.1095180734375 0.12097924843749999
0 0.16317863984374997 0.07967164921875 0.10949534531249998 0.10322195468749999