0 0.26328125 0.55625 0.1203125 0.1515625
0 0.378125 0.5375 0.1109375 0.1453125
0 0.8421875 0.825 0.1 0.1328125
0 0.315625 0.421875 0.1171875 0.15625
0 0.55078125 0.86015625 0.1015625 0.1328125
0 0.4375 0.65 0.10625 0.1375
0 0.37265625 0.29140625 0.1140625 0.1546875
0 0.53515625 0.14453125 0.1109375 0.16875
0 0.49296875 0.7609375 0.10625 0.1390625
0 0.48515625 0.28515625 0.1078125 0.1546875
0 0.4328125 0.41328125 0.1109375 0.1546875
0 0.4859375 0.5265625 0.1046875 0.14375
0 0.159375 0.82421875 0.121875 0.1546875
0 0.88515625 0.7046875 0.090625 0.1296875
0 0.5890625 0.27578125 0.1015625 0.15
0 0.3296875 0.66328125 0.1125 0.14375
0 0.93671875 0.59609375 0.1 0.1375
0 0.5359375 0.4015625 0.1015625 0.140625
0 0.54375 0.63984375 0.103125 0.1421875
0 0.30546875 0.153125 0.1203125 0.16875
0 0.215625 0.68046875 0.11875 0.146875
0 0.69921875 0.73125 0.0984375 0.1390625
0 0.64375 0.14296875 0.10625 0.1625
0 0.34140625 0.9046875 0.109375 0.1421875
0 0.44375 0.88828125 0.1015625 0.134375
0 0.23203125 0.928125 0.115625 0.140625
0 0.1953125 0.43046875 0.125 0.1578125
0 0.39140625 0.778125 0.109375 0.14375
0 0.7890625 0.7203125 0.090625 0.1359375
0 0.64609375 0.84765625 0.0953125 0.128125
0 0.425 0.153125 0.1125 0.1703125
0 0.74453125 0.83203125 0.09375 0.1296875
0 0.5921875 0.51796875 0.10625 0.1453125
0 0.246875 0.290625 0.1265625 0.1640625
0 0.746875 0.13828125 0.1078125 0.1484375
0 0.64453125 0.62421875 0.103125 0.1375
0 0.85390625 0.37109375 0.1 0.1453125
0 0.14453125 0.5625 0.1171875 0.1546875
0 0.83671875 0.6015625 0.0921875 0.13125
0 0.75078125 0.384375 0.1015625 0.1453125
0 0.28046875 0.8 0.1171875 0.1453125
0 0.69375 0.50546875 0.1015625 0.134375
0 0.73984375 0.60703125 0.0921875 0.1328125
0 0.89140625 0.478125 0.09375 0.1359375
0 0.8046875 0.2546875 0.10625 0.153125
0 0.7984375 0.49453125 0.0984375 0.134375
0 0.59921875 0.7453125 0.103125 0.1390625
0 0.6921875 0.26796875 0.1015625 0.1484375
0 0.6453125 0.4015625 0.10625 0.1453125
0 0.1 0.690625 0.1171875 0.1515625