0 0.11875 0.65703125 0.1828125 0.146875
0 0.12734375 0.53828125 0.1765625 0.1359375
0 0.13515625 0.42734375 0.1703125 0.134375
0 0.146875 0.3203125 0.171875 0.1296875
0 0.14453125 0.21953125 0.1640625 0.1203125
0 0.24921875 0.715625 0.1734375 0.1421875
0 0.25703125 0.59296875 0.1625 0.1359375
0 0.2640625 0.4796875 0.1625 0.1328125
0 0.27109375 0.37578125 0.1640625 0.1234375
0 0.27265625 0.27265625 0.1578125 0.128125
0 0.27421875 0.159375 0.1578125 0.1234375
0 0.3765625 0.7734375 0.1703125 0.1453125
0 0.38671875 0.64765625 0.1703125 0.1421875
0 0.39140625 0.53203125 0.1609375 0.1265625
0 0.38984375 0.4328125 0.153125 0.11875
0 0.39140625 0.31953125 0.1546875 0.128125
0 0.39765625 0.21875 0.1546875 0.11875
0 0.3875 0.11328125 0.1484375 0.1203125
0 0.49765625 0.8234375 0.1578125 0.1375
0 0.50703125 0.70390625 0.159375 0.1390625
0 0.50546875 0.5875 0.159375 0.128125
0 0.5046875 0.47734375 0.1453125 0.125
0 0.5125 0.37421875 0.1484375 0.1234375
0 0.51015625 0.2703125 0.15 0.1234375
0 0.503125 0.1734375 0.14375 0.1171875
0 0.5046875 0.07890625 0.14375 0.1109375
0 0.62578125 0.86796875 0.15625 0.1328125
0 0.87265625 0.73984375 0.15 0.1328125
0 0.6265625 0.75390625 0.15625 0.1375
0 0.62265625 0.6390625 0.153125 0.13125
0 0.61953125 0.53046875 0.153125 0.125
0 0.62578125 0.42734375 0.153125 0.125
0 0.61640625 0.321875 0.146875 0.1203125
0 0.61328125 0.22578125 0.1375 0.1125
0 0.615625 0.12890625 0.134375 0.1171875
0 0.8375 0.13515625 0.1359375 0.1109375
0 0.83125 0.23046875 0.1390625 0.1109375
0 0.83671875 0.32265625 0.134375 0.1125
0 0.84765625 0.421875 0.1390625 0.1203125
0 0.85625 0.52578125 0.1421875 0.11875
0 0.859375 0.63046875 0.15625 0.125
0 0.76171875 0.8140625 0.159375 0.1359375
0 0.75 0.69140625 0.1546875 0.13125
0 0.746875 0.58046875 0.1453125 0.1328125
0 0.7390625 0.475 0.15 0.1234375
0 0.73359375 0.3671875 0.1421875 0.121875
0 0.7375 0.27265625 0.1421875 0.1140625
0 0.72734375 0.1796875 0.1421875 0.1140625
0 0.7203125 0.08984375 0.1390625 0.1109375
0 0.61953125 0.04609375 0.146875 0.0921875