0 0.29921875 0.16171875 0.1453125 0.1828125
0 0.41875 0.18046875 0.1453125 0.1859375
0 0.5375 0.19609375 0.14375 0.18125
0 0.65390625 0.21171875 0.1453125 0.184375
0 0.8203125 0.36953125 0.14375 0.175
0 0.7734375 0.22890625 0.1421875 0.178125
0 0.69453125 0.35546875 0.140625 0.1734375
0 0.5796875 0.33984375 0.134375 0.171875
0 0.465625 0.3234375 0.1375 0.171875
0 0.35 0.309375 0.140625 0.175
0 0.22578125 0.2875 0.140625 0.175
0 0.1578125 0.409375 0.1359375 0.1640625
0 0.1015625 0.52109375 0.13125 0.1578125
0 0.0640625 0.63515625 0.1015625 0.1453125
0 0.1421875 0.8890625 0.1234375 0.146875
0 0.25234375 0.90078125 0.1234375 0.1484375
0 0.35703125 0.91328125 0.128125 0.1484375
0 0.46796875 0.9203125 0.125 0.1453125
0 0.78515625 0.95 0.1296875 0.1
0 0.6765625 0.93984375 0.121875 0.1203125
0 0.5703125 0.93125 0.1203125 0.1375
0 0.93046875 0.76640625 0.13125 0.1578125
0 0.85859375 0.86328125 0.125 0.1453125
0 0.7453125 0.8484375 0.1265625 0.1515625
0 0.784375 0.61328125 0.134375 0.159375
0 0.90078125 0.62421875 0.134375 0.1640625
0 0.6390625 0.83671875 0.128125 0.1484375
0 0.53046875 0.82265625 0.1265625 0.15
0 0.41953125 0.80703125 0.1265625 0.1484375
0 0.0875 0.7734375 0.1296875 0.1546875
0 0.20078125 0.78671875 0.1296875 0.15
0 0.3125 0.79375 0.1296875 0.1515625
0 0.1578125 0.65234375 0.13125 0.15625
0 0.2703125 0.6640625 0.1296875 0.1515625
0 0.38046875 0.67890625 0.1265625 0.1484375
0 0.70859375 0.71640625 0.1265625 0.15
0 0.81875 0.74296875 0.1328125 0.1484375
0 0.48671875 0.69609375 0.1296875 0.1515625
0 0.60078125 0.71015625 0.13125 0.1546875
0 0.665625 0.5984375 0.13125 0.1546875
0 0.5546875 0.5875 0.13125 0.1546875
0 0.44453125 0.56796875 0.128125 0.1578125
0 0.2109375 0.54453125 0.1375 0.1609375
0 0.3328125 0.55546875 0.134375 0.1578125
0 0.2765625 0.42578125 0.1390625 0.16875
0 0.396875 0.4453125 0.1375 0.165625
0 0.62265625 0.4765625 0.140625 0.171875
0 0.51171875 0.4546875 0.1296875 0.1578125
0 0.86875 0.4984375 0.1359375 0.1640625
0 0.740625 0.4859375 0.140625 0.1703125