0 0.14453125 0.07734375 0.1 0.11875
0 0.296875 0.04765625 0.1140625 0.0953125
0 0.44609375 0.1265625 0.0890625 0.1171875
0 0.5953125 0.13359375 0.0859375 0.1140625
0 0.01015625 0.26484375 0.0203125 0.1
0 0.14453125 0.29453125 0.1 0.121875
0 0.29140625 0.2875 0.1078125 0.1265625
0 0.4515625 0.29765625 0.0953125 0.128125
0 0.57890625 0.3328125 0.08125 0.1109375
0 0.11484375 0.48359375 0.1109375 0.1359375
0 0.2796875 0.4921875 0.115625 0.1453125
0 0.4390625 0.50703125 0.09375 0.125
0 0.59296875 0.5125 0.0859375 0.125
0 0.71484375 0.52265625 0.08125 0.1203125
0 0.075 0.72265625 0.1296875 0.1625
0 0.28046875 0.7015625 0.0984375 0.1296875
0 0.44296875 0.71875 0.1078125 0.14375
0 0.57421875 0.70234375 0.0828125 0.1203125
0 0.09921875 0.93046875 0.1140625 0.1390625
0 0.2671875 0.93515625 0.1078125 0.1296875
0 0.43203125 0.92421875 0.0953125 0.1296875
0 0.59453125 0.9265625 0.090625 0.1359375
0 0.75234375 0.72265625 0.0875 0.1296875
0 0.8703125 0.72265625 0.0765625 0.1203125
0 0.975 0.90078125 0.05 0.1203125
0 0.89609375 0.92578125 0.0828125 0.1328125
0 0.71796875 0.9015625 0.078125 0.121875
0 0.71171875 0.16640625 0.075 0.1078125
0 0.81640625 0.2 0.06875 0.103125
0 0.9640625 0.190625 0.0671875 0.10625
0 0.86484375 0.34296875 0.078125 0.1171875
0 0.75 0.31640625 0.08125 0.1171875
0 0.89609375 0.52265625 0.0796875 0.1234375
0 0.97109375 0.5390625 0.0578125 0.1125