0 0.37991484453124996 0.8163457093750001 0.06932509531249997 0.13202492812500005
0 0.3081432390625 0.8260878093749999 0.06828203749999999 0.13101665625
0 0.257810453125 0.8289399812499999 0.063454840625 0.13119085937500002
0 0.14643135390625 0.8506095039062501 0.053056095312499996 0.10769994218749997
0 0.19424944453124998 0.8457766523437499 0.048115845312499995 0.10248672968749997
0 0.3930547140625 0.70564365625 0.07242910624999999 0.12329329062499994
0 0.3318326 0.7174350437499999 0.06477477500000002 0.120650321875
0 0.26980618984375 0.73034721484375 0.06319025468749997 0.12309827656249998
0 0.20552608984375 0.74557925546875 0.05921299218750002 0.1242426359375
0 0.16206981015625002 0.75861488984375 0.050950448437500004 0.13429984843749992
0 0.1126186484375 0.76565405390625 0.048638812499999996 0.10071360468749999
0 0.4230984765625 0.59227041796875 0.07362806562499995 0.12965647656249998
0 0.34966422890625 0.60319946640625 0.06914633281250002 0.1211336453125
0 0.2744072421875 0.61836748125 0.06756928124999999 0.11982888125000005
0 0.23821971953125 0.6319788203125001 0.043955451562499984 0.11731639062500002
0 0.16954738203125 0.65399061171875 0.056063254687499994 0.10781522031250006
0 0.12191492343750002 0.6675747859375 0.04451793750000001 0.09760461562499997
0 0.07632846796875 0.68368597109375 0.041106489062499994 0.09918506406250005
0 0.45463555234374997 0.4692069054687501 0.07907967343750003 0.1350969703125
0 0.39080865625000005 0.48617174687500003 0.08171287812500005 0.12696861249999997
0 0.31183181015625 0.5113420578125 0.07031162656249998 0.12861827187500002
0 0.25045748125 0.5298002039062499 0.06139514687499999 0.11569899531249997
0 0.20184460781249997 0.5534570984375 0.054326971875 0.11354870625000002
0 0.15559021796875 0.574109534375 0.0502420578125 0.1301087
0 0.0898285375 0.5913545242187499 0.046501571875 0.11555939843749999
0 0.05556633203125 0.6099075609375 0.037607957812499995 0.09322897499999998
0 0.45193025000000003 0.334452025 0.07614465937499997 0.131778003125
0 0.39393513515625 0.36760318124999997 0.06990274531250003 0.12677593750000002
0 0.34454052890625003 0.41272013515624995 0.06464943281250002 0.1404266359375
0 0.268859753125 0.42867532578125 0.067476796875 0.1127469046875
0 0.21040580859375 0.44664389687500006 0.05972974843749999 0.11245391875000003
0 0.164552084375 0.47657578125000005 0.04873795937500001 0.122613784375
0 0.120180871875 0.49811467578124996 0.05192595312499999 0.10211868281249999
0 0.07327344921875 0.5135394539062499 0.0422432953125 0.09795185156250001
0 0.4231052984375 0.24471330781249997 0.07698172499999996 0.131931396875
0 0.3421443 0.28312008828125 0.07126197187500001 0.12196187031250001
0 0.281341365625 0.31082791953125 0.05962830625 0.12233225156250001
0 0.23003098125000002 0.3425485625 0.066342059375 0.11550515312499998
0 0.16827086328125002 0.37444035859375 0.0605383265625 0.11542097343750002
0 0.11991555000000001 0.39582118515625 0.048154909375 0.10357800781250001
0 0.07266236171875 0.41582178203125003 0.042840704687499995 0.10286623593750002
0 0.3481454765625 0.16152896640625 0.06775137500000002 0.12260676718750001
0 0.29981631875000003 0.20414733046875 0.068544784375 0.12663867968750003
0 0.24356469375 0.24902768281249998 0.05741811249999999 0.139158815625
0 0.19257323203125 0.2757715453125 0.061070248437499974 0.13009139687500001
0 0.13270525859375 0.29692513125 0.053636042187499997 0.10543648125000002
0 0.08750178125 0.3261649875 0.05427814062499999 0.10989746874999998
0 0.04379678359375 0.3487288921875 0.04191862343749999 0.09541621250000003
0 0.09323905546875 0.077439203125 0.0371666765625 0.06745963125000001
0 0.051080879687500004 0.09560901640625 0.040234728125 0.09468596406249999
0 0.02094488984375 0.13107781796875 0.0342055546875 0.09694474843749999
0 0.0312498265625 0.43847109765625003 0.034415146875000004 0.09668402968749996
0 0.034465863281249995 0.53776231953125 0.03320744531249999 0.09616025468749996