0 0.8629504257812499 0.3007011984375 0.16258134218749998 0.12683411875
0 0.8665101914062501 0.41976892265625 0.15951809531249994 0.12938304843749998
0 0.8622208929687499 0.536405009375 0.15742396718750004 0.11769805624999999
0 0.86542144765625 0.6444177007812499 0.15970614218749998 0.10947379531249997
0 0.8683914671874999 0.7428798289062499 0.1473244906249999 0.12358289218749992
0 0.743989353125 0.8019110921875001 0.14624567187500004 0.1050156406250001
0 0.7402926859375001 0.68911424140625 0.13726048125000007 0.10351535781249996
0 0.7304468453125 0.58389759453125 0.15076466562500004 0.11134867656249998
0 0.73042291015625 0.475683696875 0.1558238859375 0.11138207500000004
0 0.72879728671875 0.36101215859374997 0.15114571406249996 0.11039157656250001
0 0.7278843078125 0.24025184687499998 0.15981419062499996 0.12481800937500001
0 0.6349121249999999 0.8477175609375 0.140181040625 0.09919919999999989
0 0.62317590234375 0.74579697265625 0.1412326390625 0.10193377031250002
0 0.608420534375 0.6392758984375 0.1426694125 0.11556647812499996
0 0.613434784375 0.52608879609375 0.13993690625 0.10373688281249996
0 0.60310314375 0.4213639921875 0.1456171875 0.11012640937500003
0 0.596240565625 0.30403541875 0.143148615625 0.11781779062499997
0 0.5890484890625001 0.18329268671875001 0.15597234999999995 0.1268033265625
0 0.5234640804687499 0.8851064078125 0.13010878281249996 0.09117082187500003
0 0.5180893875 0.789789228125 0.13278190937499995 0.09499513437500004
0 0.5018440500000001 0.67816934453125 0.14490539999999993 0.10763219531250004
0 0.49323619374999994 0.58186316171875 0.13065891562499993 0.11157967656249994
0 0.47799259921875 0.48106901015625 0.1375870984375 0.10731568593750004
0 0.4772737703125 0.36644652890625 0.13637548749999998 0.11226053593749996
0 0.45867660312499997 0.25259790937500004 0.14581926250000002 0.12121355937499997
0 0.45820813515625003 0.12178371875 0.1481995859375 0.13201582812499998
0 0.40188642109375 0.9237100968749999 0.13596227343749998 0.08868430625000005
0 0.399045078125 0.827144596875 0.13091459687499998 0.096898321875
0 0.39543294375000004 0.72961190546875 0.127659175 0.09428431406249996
0 0.38503569765625 0.6303530546875 0.1280286796875 0.09898282500000004
0 0.3666962765625 0.52973684375 0.13468715625 0.11095525000000003
0 0.3600806921875 0.42312325234375 0.13986184999999995 0.10285415781250004
0 0.35033547265625 0.32010187109375 0.13617424531249997 0.1257273203125
0 0.33750723593750004 0.20233021796874998 0.14055631875000002 0.11473592031249998
0 0.3262691671875 0.08349041874999999 0.14520397499999999 0.11753894375
0 0.29238404765625 0.8693875140625 0.12904728593749998 0.08816936875000003
0 0.28478656406249997 0.7762574875 0.12818208749999999 0.09530388750000007
0 0.270611865625 0.6858204999999999 0.13234889375 0.09868769375
0 0.2581139109375 0.5832375437499999 0.13556225312499998 0.10064648437499998
0 0.2431799796875 0.47555190625000004 0.133479675 0.10260266874999999
0 0.22942549453125 0.37175825937500007 0.1315109171875 0.10737727187500004
0 0.21286098671875 0.2621364625 0.1401620703125 0.11291830000000003
0 0.18960580703125 0.13518590390625002 0.13597794531250001 0.1127053046875
0 0.175037159375 0.82450894140625 0.12225766874999996 0.09237088281250001
0 0.16589689140625002 0.72033617421875 0.12472047031250003 0.09630379843749992
0 0.15874646328125 0.6303251546874999 0.12829920781249998 0.0950704
0 0.14397747187499998 0.5305705578125 0.12374063124999998 0.10413374374999992
0 0.11548123828125001 0.4266062296875 0.12638818593749998 0.10485824687500003
0 0.10781479609375 0.318457059375 0.1259576515625 0.10914532500000003
0 0.08845998125000001 0.20602901796875 0.134527975 0.11358974531249999