0 0.72729822578125 0.24352848515624997 0.0680128609375 0.13147574218749997
0 0.7996965398437499 0.25053991406250004 0.06444344218750002 0.129358834375
0 0.8546351382812499 0.26002155546875 0.06341555156250003 0.1289280015625
0 0.9626687914062501 0.2651330421875 0.0540185015625001 0.10929957812499999
0 0.92266788671875 0.25878033125 0.05768270156249997 0.101086040625
0 0.6862799789062499 0.34567172343749997 0.0744137765625 0.12463660937499994
0 0.7528196296875 0.34961953359375003 0.07228733749999998 0.11972487031250001
0 0.8097323124999999 0.35292976796875 0.07085309062499992 0.1210691765625
0 0.87730432265625 0.3523578609375 0.05589529218750009 0.12225546562500003
0 0.927354934375 0.3517466484375 0.05143975312500011 0.13264628125
0 0.9764458031250001 0.35616703593750004 0.047108393749999956 0.10012234375000002
0 0.630096190625 0.4496768875 0.07848019375000001 0.127263453125
0 0.7053188820312499 0.45453314687499996 0.07064813593750001 0.117926803125
0 0.78224833203125 0.45823680156249996 0.0690831453125 0.11467243437499999
0 0.8250977390625 0.45467287343749996 0.04004264062500003 0.11527703750000003
0 0.8941770625000001 0.44797344921875004 0.05714330624999988 0.10391534843749999
0 0.9469613914062499 0.44685233984375 0.0526125171875 0.09446092656249996
0 0.9847022109375001 0.44233831484374997 0.030595578125000068 0.0989504078125
0 0.56809503515625 0.55996485625 0.08494326718750003 0.13427775312499995
0 0.640388575 0.5596783203125 0.075556209375 0.12429484999999998
0 0.7234317242187499 0.55187650390625 0.0809171734375 0.12391861093749998
0 0.7792531140625 0.5509385359375 0.06807271562500006 0.11132899062499994
0 0.8393505890625 0.5377189125 0.06002926249999998 0.11344729375
0 0.8880876851562501 0.52985652265625 0.058632010937500034 0.12361989843750001
0 0.9554917890624999 0.5274044460937499 0.05170686562499984 0.11104462343749999
0 0.98783403515625 0.5202849765625001 0.024331929687500066 0.08588118125
0 0.53962556953125 0.68862433046875 0.0796801859375 0.12791548281250006
0 0.60873914296875 0.6696350437499999 0.07307098281250006 0.12165085937500004
0 0.6635623804687499 0.63934066796875 0.06560081406250004 0.13582173281249998
0 0.7416942679687499 0.64277688828125 0.0840702421875 0.11064528281250005
0 0.7991356015625 0.6375427890625 0.06349080312499993 0.11017857500000003
0 0.85488648125 0.62109590234375 0.05093839062500009 0.12156896093749996
0 0.9038188140625 0.61176548984375 0.06135459687499996 0.10007929843749999
0 0.9569620054687501 0.6070123359374999 0.05479881406249998 0.09355760937499999
0 0.5414756132812499 0.78243274375 0.07848019531250001 0.12527149375000005
0 0.63303457734375 0.7659958265625001 0.07579253281250002 0.11513056874999998
0 0.70078322265625 0.75158504375 0.06693591406249996 0.11855153124999998
0 0.7625178070312499 0.7338974734375 0.06760191093749998 0.112974809375
0 0.8261300726562499 0.7173786476562499 0.06020366093750003 0.11110919531250003
0 0.87870426015625 0.7082112445312501 0.057991173437500085 0.10014247031250001
0 0.9294450671875 0.70057353203125 0.05125995312500002 0.09853112656249996
0 0.59831089140625 0.8801158125 0.07357671093750007 0.11756491562499996
0 0.662086925 0.849549575 0.07232766250000004 0.1238438875
0 0.720630428125 0.819975971875 0.07105574999999993 0.134392728125
0 0.78287275546875 0.8081772843749999 0.06674738281250008 0.12261315624999991
0 0.84305885078125 0.8007757632812499 0.06128807968750003 0.10144513281250003
0 0.8986183414062499 0.7829030156250001 0.06445424218750002 0.10526683437500006
0 0.94459131953125 0.77145286015625 0.05134933593749995 0.09364947968750004
0 0.83489294140625 0.99415114921875 0.026160585937499904 0.011697701562500029
0 0.8798277125 0.9833811414062499 0.040760615625000086 0.03323771718750006
0 0.9198877859374999 0.9694723203125001 0.03920671249999987 0.06105535937499997
0 0.97719853984375 0.68951201796875 0.04560292031250004 0.09222625156250004
0 0.9876472640625 0.5997535328125 0.02470547187500003 0.07964731562500002