0 0.11171875 0.63359375 0.196875 0.159375
0 0.13203125 0.5203125 0.1953125 0.146875
0 0.146875 0.40625 0.190625 0.1421875
0 0.16171875 0.296875 0.1828125 0.1375
0 0.17734375 0.196875 0.1734375 0.125
0 0.30546875 0.159375 0.1828125 0.1359375
0 0.296875 0.27109375 0.1765625 0.1375
0 0.2828125 0.37109375 0.1859375 0.1390625
0 0.27109375 0.478125 0.1859375 0.146875
0 0.2546875 0.59453125 0.184375 0.1453125
0 0.2375 0.71640625 0.1875 0.1484375
0 0.36015625 0.78984375 0.1890625 0.1609375
0 0.375 0.66953125 0.18125 0.1453125
0 0.38984375 0.55 0.18125 0.146875
0 0.39453125 0.4484375 0.1734375 0.13125
0 0.41640625 0.3359375 0.175 0.134375
0 0.42109375 0.23203125 0.1671875 0.1296875
0 0.428125 0.1265625 0.1703125 0.128125
0 0.48359375 0.8671875 0.1796875 0.140625
0 0.49375 0.74296875 0.18125 0.1484375
0 0.503125 0.6265625 0.171875 0.14375
0 0.51484375 0.51640625 0.165625 0.1359375
0 0.525 0.40859375 0.159375 0.134375
0 0.53046875 0.3109375 0.1578125 0.1296875
0 0.5328125 0.20078125 0.16875 0.13125
0 0.54140625 0.10859375 0.15625 0.11875
0 0.6015625 0.9265625 0.178125 0.1421875
0 0.61796875 0.8078125 0.178125 0.146875
0 0.62109375 0.6953125 0.1671875 0.1390625
0 0.62578125 0.5859375 0.1640625 0.1296875
0 0.634375 0.48046875 0.1640625 0.1296875
0 0.63828125 0.37578125 0.1546875 0.134375
0 0.63984375 0.27890625 0.1515625 0.11875
0 0.65625 0.18203125 0.1578125 0.1265625
0 0.66015625 0.0828125 0.1640625 0.1203125
0 0.7609375 0.15078125 0.146875 0.1203125
0 0.75546875 0.24453125 0.15625 0.1203125
0 0.7546875 0.3421875 0.153125 0.125
0 0.86796875 0.21171875 0.1578125 0.125
0 0.75859375 0.33984375 0.1578125 0.125
0 0.86484375 0.31328125 0.1578125 0.11875
0 0.74921875 0.4421875 0.1703125 0.1296875
0 0.8625 0.409375 0.1484375 0.1234375
0 0.7421875 0.54765625 0.1703125 0.1265625
0 0.8578125 0.50859375 0.1546875 0.128125
0 0.74765625 0.65546875 0.1765625 0.140625
0 0.8640625 0.6171875 0.165625 0.140625
0 0.859375 0.725 0.165625 0.1359375
0 0.74453125 0.76484375 0.175 0.1421875
0 0.7421875 0.8890625 0.1953125 0.1609375
0 0.85546875 0.83671875 0.1703125 0.153125