0 0.17578125 0.2109375 0.0859375 0.134375
0 0.23984375 0.21640625 0.078125 0.109375
0 0.34296875 0.228125 0.075 0.1109375
0 0.41953125 0.23359375 0.0828125 0.128125
0 0.52421875 0.2265625 0.0890625 0.121875
0 0.6171875 0.23046875 0.090625 0.1203125
0 0.71328125 0.2296875 0.09375 0.115625
0 0.82109375 0.23515625 0.096875 0.125
0 0.9203125 0.23828125 0.0984375 0.125
0 0.09609375 0.33046875 0.06875 0.10625
0 0.1734375 0.340625 0.078125 0.1015625
0 0.26328125 0.34140625 0.0796875 0.1125
0 0.34140625 0.34921875 0.0828125 0.11875
0 0.43359375 0.3546875 0.090625 0.1171875
0 0.5234375 0.35859375 0.090625 0.1203125
0 0.615625 0.3578125 0.0890625 0.1078125
0 0.70859375 0.36171875 0.090625 0.11875
0 0.8 0.36953125 0.0859375 0.1265625
0 0.91171875 0.3671875 0.0953125 0.11875
0 0.13046875 0.42421875 0.04375 0.0890625
0 0.1734375 0.459375 0.071875 0.103125
0 0.2703125 0.45390625 0.0796875 0.1046875
0 0.3375 0.4828125 0.0859375 0.1140625
0 0.43046875 0.4828125 0.09375 0.10625
0 0.51328125 0.50078125 0.0828125 0.109375
0 0.61015625 0.47890625 0.0828125 0.1140625
0 0.7046875 0.49140625 0.1015625 0.1140625
0 0.7875 0.47578125 0.0890625 0.1171875
0 0.89609375 0.50546875 0.1015625 0.1078125
0 0.12578125 0.5375 0.0703125 0.103125
0 0.1953125 0.55390625 0.0734375 0.0984375
0 0.27734375 0.54453125 0.071875 0.090625
0 0.35078125 0.56796875 0.0765625 0.09375
0 0.44140625 0.571875 0.0828125 0.1140625
0 0.515625 0.58984375 0.084375 0.1140625
0 0.6046875 0.575 0.0859375 0.1
0 0.690625 0.584375 0.075 0.103125
0 0.77890625 0.57421875 0.0703125 0.103125
0 0.86328125 0.590625 0.0875 0.1015625
0 0.1265625 0.6421875 0.065625 0.0984375
0 0.18984375 0.6625 0.08125 0.1109375
0 0.2828125 0.66875 0.071875 0.1015625
0 0.3515625 0.67734375 0.0671875 0.1046875
0 0.4328125 0.684375 0.0765625 0.1046875
0 0.509375 0.7109375 0.0859375 0.103125
0 0.5984375 0.70625 0.075 0.10625
0 0.6828125 0.728125 0.078125 0.1109375
0 0.76640625 0.7328125 0.0859375 0.1140625
0 0.86640625 0.74140625 0.0875 0.1140625
0 0.06171875 0.21171875 0.0953125 0.1203125