0 0.609923740625 0.175753321875 0.07781168124999996 0.12854557500000002
0 0.68616167734375 0.1577583578125 0.07660543281250005 0.12859781874999998
0 0.73530245859375 0.14261773203125 0.07537797343749997 0.1292396484375
0 0.83724842734375 0.1032439828125 0.06336066093750006 0.105476334375
0 0.78897184453125 0.114950884375 0.05308322343750005 0.10081143749999999
0 0.6173678804687499 0.3060337890625 0.08020912031249994 0.12173084687499998
0 0.67357545625 0.27776181640625 0.07097921562500006 0.11794765468749997
0 0.7367502140625 0.25083616328125 0.06908819999999993 0.12127681093750002
0 0.79702476796875 0.22662130937500002 0.06602112968750004 0.12296225624999998
0 0.83794973359375 0.21047218281250002 0.05925362968750001 0.130671953125
0 0.8844494296875001 0.18922132656250001 0.056309006249999884 0.0998173125
0 0.6104942703125 0.41786618437499995 0.0796634375 0.13155139375
0 0.675870359375 0.39089721015625 0.07669161562499997 0.12041322343750002
0 0.7494886734375 0.36191159453125 0.07193308750000008 0.12082811718749994
0 0.7815593898437501 0.34194546796875 0.053796689062500035 0.11458452656249998
0 0.84798517890625 0.31446800937499997 0.06020292343750011 0.10715660312500001
0 0.89090896875 0.29057658359375005 0.050752334375 0.09784233593749998
0 0.9323136156249999 0.261572778125 0.04985744062500004 0.0986328125
0 0.5997464031249999 0.55050005390625 0.08600012812499998 0.1336646703125
0 0.66433653828125 0.512518553125 0.0884791703125 0.125829615625
0 0.73226998984375 0.48187354140625 0.07216283906250007 0.12743418593749994
0 0.7961258546875001 0.44920518671875004 0.061456090625000036 0.11515081718750002
0 0.8345183374999999 0.41830071796875 0.06210150937499996 0.11057439843750001
0 0.88216667421875 0.38870069765625 0.055470101562499964 0.1309564734375
0 0.93757884609375 0.3589938265625 0.050521082812499965 0.11507770937499999
0 0.9630705453124999 0.33842665781250003 0.04639433124999996 0.09331557500000001
0 0.624734671875 0.6878029875 0.08013509062499997 0.13230013750000005
0 0.67758574453125 0.6391268625000001 0.07499408281250002 0.12744469999999994
0 0.7290668617187499 0.5860835132812501 0.07015087343749996 0.14102482343749995
0 0.793699415625 0.5566334265625 0.0716186531249999 0.11191029999999999
0 0.8454240875 0.52861011953125 0.06522148437499986 0.11050403906249998
0 0.8835804507812501 0.49542673437500007 0.05765583593750012 0.11905904375000001
0 0.9259344367187501 0.45926533124999996 0.05781006093749994 0.10222028437500005
0 0.96815440625 0.43571036328124996 0.04853781250000004 0.09764920468749998
0 0.67317502890625 0.7709911132812499 0.08242064843750008 0.1336960515625
0 0.74157427265625 0.7156018296875001 0.07568034843750002 0.12493222187499997
0 0.79966504609375 0.67733331875 0.06463046406250009 0.12241440624999997
0 0.8456957124999999 0.63923433125 0.07040333749999998 0.11653621562500005
0 0.8959440429687501 0.6035799734375 0.0670127671874999 0.11459763125000003
0 0.93988987109375 0.5671704656250001 0.053950914062500036 0.103164753125
0 0.9807110617187501 0.5351635921875 0.0385778765625 0.10234289375000002
0 0.7537923359375001 0.8390248937500001 0.06992869062500003 0.12387550624999992
0 0.802868609375 0.78477983828125 0.07151134687500012 0.12550870156249996
0 0.852087921875 0.72658222109375 0.06039341562500002 0.1386740953125
0 0.8916458484374999 0.68859799453125 0.065086975 0.13089646406249997
0 0.9473284515625 0.659642390625 0.05693787812499984 0.10524939687499994
0 0.9781988671875 0.61667875859375 0.043602265624999956 0.1104779953125
0 0.9855901249999999 0.4149371984375 0.028819750000000078 0.09802236562500002
0 0.98984375 0.49921875 0.0203125 0.1109375