0 0.04609375 0.6984375 0.0921875 0.121875
0 0.14921875 0.7 0.1109375 0.121875
0 0.26171875 0.6984375 0.1046875 0.109375
0 0.36796875 0.7015625 0.10625 0.1140625
0 0.47421875 0.7125 0.10625 0.1296875
0 0.58125 0.71796875 0.1 0.1125
0 0.78984375 0.7078125 0.1078125 0.103125
0 0.88515625 0.70703125 0.1 0.1140625
0 0.6890625 0.71328125 0.0984375 0.1234375
0 0.9671875 0.6984375 0.0625 0.1140625
0 0.02421875 0.79609375 0.0484375 0.096875
0 0.10078125 0.7890625 0.109375 0.1265625
0 0.21328125 0.79609375 0.125 0.1203125
0 0.3234375 0.79296875 0.1125 0.1140625
0 0.42734375 0.7953125 0.103125 0.0984375
0 0.51875 0.7796875 0.090625 0.1046875
0 0.62421875 0.8109375 0.096875 0.0953125
0 0.72109375 0.80390625 0.0890625 0.1046875
0 0.81328125 0.80078125 0.0859375 0.096875
0 0.9015625 0.790625 0.0890625 0.0859375
0 0.96875 0.77890625 0.0625 0.09375
0 0.05859375 0.8671875 0.090625 0.10625
0 0.16640625 0.88203125 0.103125 0.0890625
0 0.2703125 0.8859375 0.103125 0.1
0 0.36640625 0.85390625 0.0875 0.0703125
0 0.465625 0.88125 0.090625 0.0828125
0 0.56484375 0.8734375 0.0859375 0.0890625
0 0.65390625 0.87265625 0.090625 0.06875
0 0.7421875 0.87265625 0.1015625 0.0828125
0 0.83828125 0.86328125 0.078125 0.0875
0 0.91328125 0.85078125 0.0875 0.0859375
0 0.978125 0.8453125 0.04375 0.0671875
0 0.034375 0.946875 0.06875 0.0875
0 0.128125 0.9359375 0.090625 0.0828125
0 0.2234375 0.9453125 0.1046875 0.0828125
0 0.3234375 0.9328125 0.0859375 0.084375
0 0.4140625 0.93515625 0.0875 0.0703125
0 0.51015625 0.925 0.0828125 0.0828125
0 0.59609375 0.92421875 0.0828125 0.0796875
0 0.678125 0.9234375 0.0859375 0.078125
0 0.7703125 0.92578125 0.0859375 0.0765625
0 0.84765625 0.91328125 0.0796875 0.0703125
0 0.93359375 0.91796875 0.0703125 0.0796875
0 0.98515625 0.9109375 0.0296875 0.0671875
0 0.95625 0.9734375 0.078125 0.0515625
0 0.8796875 0.975 0.075 0.05
0 0.79765625 0.97734375 0.0765625 0.0453125
0 0.7125 0.978125 0.075 0.04375
0 0.63515625 0.9765625 0.0953125 0.046875
0 0.54140625 0.98046875 0.0828125 0.0390625
0 0.45546875 0.98203125 0.090625 0.0359375
0 0.36796875 0.97734375 0.0859375 0.0453125
0 0.2828125 0.978125 0.084375 0.04375