0 0.6605805015625 0.20063116406249998 0.066662953125 0.13216874687500002
0 0.739752946875 0.1904819484375 0.06507960312499997 0.131055109375
0 0.79007062421875 0.19227439296874999 0.059458829687499916 0.1312815953125
0 0.8978269578125 0.17336347109375 0.04860762812499999 0.10811490156249999
0 0.8545272851562501 0.1786191015625 0.04975247031250003 0.10254242187499998
0 0.640459440625 0.3106904203125 0.0696231375 0.12369835624999999
0 0.7063022265625 0.3019916421875 0.06327197500000006 0.120722403125
0 0.7654808953125001 0.29062556562499997 0.06516568124999997 0.12312706250000001
0 0.8316507078125 0.27341374218750003 0.05607673437499994 0.124110834375
0 0.8769897468749999 0.269945409375 0.04771843124999986 0.134458015625
0 0.9267440210937501 0.25904886328125 0.04607427968750013 0.10074073281250003
0 0.6045408203125 0.42818226484374994 0.07271406249999997 0.1294495921875
0 0.67781387734375 0.41739031406250005 0.06601838593749995 0.12093440937500004
0 0.7544806320312499 0.402146115625 0.06574568906250003 0.11940242812499999
0 0.7947402609375 0.3845238375 0.039875121875000016 0.11739597187499999
0 0.8631964046875 0.36895575703125 0.054582962499999964 0.10764022031249998
0 0.9148300476562501 0.3564169359375 0.04317443906249992 0.09741136875
0 0.953989690625 0.335107490625 0.038697087499999935 0.09901688750000001
0 0.5660508796875 0.55025395625 0.07768793437500002 0.13509990937499997
0 0.6379467765625 0.5297258609375 0.07879369687499996 0.12681120937499993
0 0.71322334453125 0.511457359375 0.07162911093749998 0.1284628875
0 0.7714745734374999 0.49137709921874995 0.0624077999999999 0.11554519218749996
0 0.8245627046875 0.46876158359375 0.05255922812499998 0.11366996718750003
0 0.8752894578125001 0.4440695484375 0.04886139375000002 0.12967744062500003
0 0.93336708671875 0.42867090859375 0.045084742187500026 0.1153417890625
0 0.9725295164062502 0.41589821328125004 0.035305398437500024 0.09305931093750001
0 0.5607691398437501 0.68627848515625 0.0753865765625 0.13156283593749993
0 0.62541299921875 0.65115497578125 0.06929197343749997 0.1264620984375
0 0.67610782890625 0.61228883671875 0.06247819218749999 0.14030880468749993
0 0.7487559687500001 0.5967504171875 0.07099601562500002 0.11258371249999995
0 0.8085461351562501 0.5766080289062501 0.05998950781249999 0.11249863593749998
0 0.84982544296875 0.5549430617187501 0.04609813281249995 0.1228039671875
0 0.8998852328125 0.525912746875 0.05055934687499999 0.10185573750000003
0 0.948415840625 0.5084094515625001 0.042661781249999996 0.09775324062499999
0 0.583280034375 0.77331825390625 0.07633728749999999 0.1314445078124999
0 0.6698028546874999 0.7335125546875 0.07146913750000002 0.12133828437500008
0 0.73567157109375 0.7087029921875001 0.05906148281250001 0.12217497812499997
0 0.7924476617187499 0.68312529921875 0.06549146406250009 0.11508498906249995
0 0.8414797820312501 0.65333608828125 0.05778122968750008 0.11524947343749999
0 0.8961531976562501 0.6311808328125 0.048426389062499985 0.10338048124999996
0 0.94452136875 0.605720640625 0.04387209374999994 0.10268519375
0 0.64522367265625 0.85512478671875 0.06726519218749996 0.12213742343749993
0 0.7020433546875 0.8134010093749999 0.06795934374999994 0.12648087500000002
0 0.7603939921875 0.770013403125 0.058793000000000005 0.1390220781250001
0 0.8119328046875001 0.741489403125 0.06092712187500009 0.12966589999999992
0 0.87075551484375 0.7250074312500001 0.053359557812500034 0.10528171874999996
0 0.9215411437500001 0.6967358 0.05608820312499994 0.10958037812499999
0 0.9669088125 0.67506726953125 0.043479415624999976 0.09517979218750003
0 0.8954573601562501 0.9499651023437501 0.037813270312499904 0.06727007968750005
0 0.9375145906250001 0.92627990078125 0.04195874687500005 0.09436187656250006
0 0.9756314187499999 0.8897181296875001 0.037542906249999855 0.09675069687499996
0 0.98901432421875 0.9438779726562501 0.021971351562499918 0.06665575468749996
0 0.9832233945312499 0.5796977218749999 0.033553210937500036 0.10396037812500003
0 0.9863627609375 0.49098180234375005 0.027011653125000024 0.07908861093749993