0 0.32539955859375 0.85039170078125 0.1266528734375 0.1626204515624999
0 0.44177154921875 0.85495199453125 0.12985413906250004 0.15953726718749994
0 0.5551232625 0.8501143984375 0.117296696875 0.1574168843749999
0 0.66176671171875 0.84447991875 0.10905945468749997 0.15960685937500002
0 0.7581585562500001 0.8485980296874999 0.12363889062500003 0.14719603750000002
0 0.8176775289062499 0.7321099640625001 0.10522817968749995 0.146096171875
0 0.70748699375 0.7256431734375 0.10347502500000001 0.13726754687499998
0 0.60106897265625 0.7247832453124999 0.11211830156250002 0.15066748750000009
0 0.5013393359375 0.7218154945312499 0.111424271875 0.1557484203125
0 0.38926009296875 0.7207457820312501 0.11031137031250005 0.15114358281249993
0 0.2632458125 0.71900603046875 0.12527874374999998 0.15982453593749996
0 0.8620559750000002 0.6178625570312499 0.099608603125 0.14008977343749995
0 0.7587988296875 0.6084430609375 0.10246809687500011 0.14107294687499997
0 0.6548761226562501 0.6008042687499999 0.11574236718749997 0.14262005625000002
0 0.54703072421875 0.601387915625 0.10393115156250002 0.139867425
0 0.44687599921875 0.59482375703125 0.11016186718749998 0.14555897031249998
0 0.32833228671875 0.59029467109375 0.1177242359375 0.14321878281250006
0 0.20882234375 0.58544714140625 0.12660670937500001 0.1560165921875
0 0.8945369109375001 0.511297865625 0.09141699687500005 0.1299856125
0 0.80167605625 0.50637075859375 0.09504211562499991 0.13274672968749995
0 0.69039132578125 0.49078614531250003 0.10753869531250002 0.14475231875
0 0.59827746640625 0.48261545703125003 0.11134846718749998 0.13059028593750002
0 0.49297524374999996 0.47640114140625 0.107684271875 0.1375102671875
0 0.3866802875 0.47116044375 0.11212117812499996 0.13624448749999996
0 0.27198137578125003 0.458169171875 0.12107893281250001 0.14581144374999994
0 0.14698273203125 0.458290128125 0.1326850484375 0.14816987187499997
0 0.9369090140625002 0.3927761921875 0.08895592499999996 0.13589356562500005
0 0.8377617031250001 0.39214988906250003 0.0966552000000001 0.13082705937500005
0 0.7430544945312499 0.39401121328125 0.09472055156249999 0.1275864484375
0 0.645908665625 0.37913202578125 0.09878815000000003 0.1280481171875
0 0.54002231484375 0.36319396406250004 0.1110324109375 0.13460869374999995
0 0.43986996015625 0.35870456953124996 0.10306113281249996 0.13977364531250003
0 0.339143134375 0.3478215578125 0.12486955000000002 0.136241090625
0 0.22260783203125004 0.3339907375 0.11496415156249999 0.14055865625
0 0.10606902578124999 0.32665556328125 0.11743020468750001 0.14520804531250003
0 0.8801896265625 0.28691759609375 0.08852943750000009 0.12890738906249996
0 0.7868361375 0.27655861562500006 0.09600105937500007 0.12807443125
0 0.6937936859375 0.26301313359375 0.09908979062499998 0.1322057109375
0 0.60117152578125 0.24913586171875002 0.10098038281249995 0.13547645156250002
0 0.48965504531250004 0.24323105078124999 0.10297484062500004 0.13337049843749998
0 0.390896459375 0.23321709531249998 0.10777659999999996 0.131489440625
0 0.27846835703124995 0.21243019765625 0.11285926718749999 0.14014875468750002
0 0.15557573359375002 0.20132610781250002 0.11291198906250002 0.13599583125
0 0.83528333828125 0.17312870390625 0.09272005781250003 0.12216053281250001
0 0.7323134757812501 0.16295491640624998 0.09700405781250003 0.12449350468749998
0 0.6422593531249999 0.15798878046875 0.09527896562500002 0.12813807656250004
0 0.5437966140625 0.14536938359375 0.10477415937500005 0.12376534843749998
0 0.43952077890624996 0.11914874765625001 0.10524024843749995 0.1263291546875
0 0.33500565546875 0.10376114765625 0.10893906406250001 0.12595659218750002
0 0.22346342031250002 0.0892967234375 0.11374187499999996 0.134514915625