0 0.1717149203125 0.23921836718750003 0.15838906875 0.1279528125
0 0.16294511015625 0.36158763046875 0.16314477656249998 0.11826141093749998
0 0.15452118906249998 0.48669574140625 0.163428003125 0.11457381718749993
0 0.149975221875 0.60628258828125 0.172955959375 0.13024087343750007
0 0.14151019765625 0.731919153125 0.17092425156249996 0.13393813437499996
0 0.32103973906250005 0.1706380359375 0.15380129375 0.12842340624999998
0 0.31292536328125 0.30752380234375 0.15007973906250002 0.11654704218749998
0 0.3077750953125 0.43046676171875004 0.15859660312500004 0.11137618593750002
0 0.2978824078125 0.55000477734375 0.16036865312499998 0.11529904531249997
0 0.2877029796875 0.6720490984375 0.16399145312500002 0.11804800312499993
0 0.27782332187500003 0.8048185898437499 0.16511784375 0.11680337968749992
0 0.41027503671875004 0.8639913578125 0.1582346796875 0.12092870312499997
0 0.42523824609374994 0.73823778359375 0.14994489843749997 0.12130331093749999
0 0.4350437109375 0.6108672867187501 0.15272753750000004 0.11962430468749999
0 0.4338028203125 0.49461867500000006 0.14125659375000002 0.10933309062500003
0 0.44881840781250004 0.3711645171875 0.15317518125000001 0.117325296875
0 0.45090907187500007 0.2500716640625 0.15241773749999998 0.12015464375
0 0.4517187 0.11734657734375001 0.14961153125 0.11675202656249999
0 0.5785833609375 0.07766393828125 0.1407718375 0.11892771718750002
0 0.57594955625 0.19780427578124998 0.1452383125 0.1133456109375
0 0.57101359296875 0.32115846484375005 0.1426561828125 0.10887766718749999
0 0.56887355234375 0.43670395234375 0.1381245546875 0.11126800781249999
0 0.55928890625 0.5527267531250001 0.14220502812499997 0.11194440937500003
0 0.552612221875 0.6709580625 0.14474454999999997 0.11189600624999993
0 0.5546120570312499 0.7977719046875 0.15683809218749997 0.117964665625
0 0.53486883828125 0.9112738867187501 0.15601498593750004 0.12042824843749997
0 0.72217069921875 0.0448463203125 0.14124956718749998 0.089692640625
0 0.70813011640625 0.15998857187499999 0.1333553078125 0.11358553125000001
0 0.68843751875 0.266248825 0.13401700000000005 0.10994424374999996
0 0.69270693828125 0.37861350937500005 0.13996527656250005 0.10747141562500002
0 0.6874055374999999 0.5010522171874999 0.13660615624999997 0.11151592187500006
0 0.67509715 0.61110653828125 0.138183703125 0.10902287656249995
0 0.67115248046875 0.72783836171875 0.13788093281250005 0.11164009531249999
0 0.6682156484374999 0.8438998828125002 0.14723444374999994 0.11439409687499999
0 0.6569612171875 0.93796925078125 0.14171126562499997 0.08824831093749985
0 0.7997071453125001 0.9109672171875001 0.12938061250000005 0.1071776218750001
0 0.80515041484375 0.78750296328125 0.13208104218749997 0.11138165781250012
0 0.8061277171875 0.6729242976562501 0.1429755 0.11104450781250001
0 0.8062997031249999 0.55862743203125 0.13721572499999998 0.1095570171875
0 0.8148156054687501 0.44077368125000005 0.13950760156249994 0.10847316875000002
0 0.82392753671875 0.3329291296875 0.13244647656250005 0.10945683437500002
0 0.82681649375 0.21913230546875 0.12891240312500002 0.10917903593749997
0 0.8285810695312501 0.10546469765625 0.13154716406249997 0.1074196390625
0 0.9413619976562501 0.17075621874999997 0.10978621718749988 0.10526921562499998
0 0.9319211187499998 0.28494680625 0.12231619375000005 0.111830759375
0 0.92711864453125 0.3951476 0.12592223281249987 0.10265285000000005
0 0.92157336640625 0.50213265703125 0.12446649531249995 0.10395387343749993
0 0.9218199617187501 0.61757586484375 0.11362166718749993 0.10924932656250004
0 0.91097408125 0.7281998828125 0.11612810312499988 0.11015512812499999
0 0.90392870390625 0.84200891640625 0.11034175468749989 0.11103903593749997