0 0.1957379703125 0.23160245234375001 0.16081960625 0.14263243281250002
0 0.17980543984375 0.3599903203125 0.17637338906249997 0.15099353124999998
0 0.16027585156250002 0.47231366093750005 0.17126295625000001 0.12855560625000004
0 0.1488179453125 0.5925761203125 0.17106899375 0.14013131249999997
0 0.13025892265625 0.7095888203125 0.1648308515625 0.14220802812500005
0 0.34813576328125 0.19627969140624998 0.16099483281250002 0.13011789843750002
0 0.32469126249999997 0.319829796875 0.1564333875 0.122569815625
0 0.30922649687500003 0.44576068203124997 0.15585727500000002 0.12592868281250005
0 0.29881784843750003 0.5655219203125 0.16397745000000002 0.126986059375
0 0.28337540156249996 0.6699452742187499 0.16009976875 0.12961185468750003
0 0.257643953125 0.7969209781250001 0.16494288750000002 0.13395596875000004
0 0.4788163703125001 0.15877652265625 0.153205171875 0.1253974921875
0 0.46688062890625004 0.2884689421875 0.15349541718750004 0.12224550937499998
0 0.45503144687499997 0.40814612187500005 0.15117224062499995 0.13685352499999998
0 0.43361789218749996 0.52415981015625 0.14488805312500003 0.1264056359375
0 0.42515247343749996 0.6433165687500001 0.149259915625 0.12509889687499998
0 0.40651321796874995 0.7646618335937501 0.15317348281249998 0.12643585156249992
0 0.3849285171875 0.8799103945312499 0.1662531875 0.13785722343750012
0 0.605742478125 0.1335238328125 0.14647284687499998 0.11793774687499999
0 0.59280911875 0.25453384218749997 0.14729315937500004 0.12254410624999998
0 0.57813575625 0.37685544140625 0.14506766249999997 0.11869765156249996
0 0.57147456328125 0.48967393984375 0.1374632015625 0.12249824843749994
0 0.5494849484375 0.60294270078125 0.143347903125 0.11882345781249999
0 0.5327480476562501 0.71216894453125 0.15016215781250003 0.11762294843749999
0 0.5286209992187499 0.8383844429687499 0.1496277109375 0.12099188593750006
0 0.491071659375 0.94490503515625 0.15220226874999998 0.11018992968750005
0 0.726291625 0.22918246562500003 0.14220006250000009 0.127112428125
0 0.7053745953125 0.34554249453125 0.13750346875000002 0.11987076093749996
0 0.6921247625 0.44936355546874995 0.142671315625 0.1214587671875
0 0.68441646171875 0.57005883359375 0.14669831718749995 0.11929259218750002
0 0.661330590625 0.6789494046875 0.14211813437499998 0.114769559375
0 0.64223573359375 0.788268040625 0.14363237031249998 0.11906725312500006
0 0.63478946484375 0.9011768265625001 0.14600578906249995 0.11519396249999989
0 0.85500522890625 0.20207690859375002 0.1321890984375001 0.13433507968750003
0 0.8333876960937501 0.31375682109375 0.1370653015625 0.12840183593750001
0 0.8231838265625001 0.42309364687500006 0.13923897812500002 0.12500775000000003
0 0.80972373984375 0.5333519359375 0.1342565171875001 0.11834481874999998
0 0.79538428203125 0.645713265625 0.14239682343750007 0.11913938437500002
0 0.7795535671875 0.7522702414062501 0.14368121250000013 0.12060045156250006
0 0.7690999710937501 0.8706885468749999 0.14155059843749998 0.11784046562500006
0 0.7517492906250001 0.96211080234375 0.141737384375 0.07577839531249993
0 0.9474143828125001 0.28589243359375 0.09443324374999999 0.11238642968749998
0 0.9338785312500001 0.39584912890624996 0.11443323749999994 0.1167651984375
0 0.9207236398437499 0.49594081249999994 0.1325455328124999 0.11840744062500005
0 0.8690058234375 0.9381460203125 0.12020261562499997 0.11447209062500008
0 0.88315390234375 0.82166883203125 0.12700111718749998 0.11793943281249994
0 0.899622028125 0.7226721632812501 0.12581300937500012 0.1140471265625
0 0.9088050421875 0.604275609375 0.13162016249999997 0.11235902812500002
0 0.7472250304687501 0.121323921875 0.14182509218750008 0.113567921875
0 0.6162415375 0.9772728624999999 0.14260722499999998 0.04545427499999999