0 0.0828125 0.2 0.05 0.1109375
0 0.13203125 0.20234375 0.053125 0.115625
0 0.18828125 0.20625 0.05625 0.1234375
0 0.24296875 0.21015625 0.065625 0.1296875
0 0.3234375 0.21484375 0.071875 0.134375
0 0.05859375 0.28828125 0.0484375 0.10625
0 0.11015625 0.296875 0.0515625 0.1109375
0 0.1578125 0.303125 0.05625 0.1140625
0 0.21875 0.31328125 0.0609375 0.1203125
0 0.284375 0.32265625 0.06875 0.125
0 0.3484375 0.328125 0.071875 0.1328125
0 0.03203125 0.36953125 0.046875 0.1046875
0 0.0796875 0.38203125 0.05 0.1078125
0 0.13046875 0.3953125 0.0546875 0.1109375
0 0.2 0.40390625 0.0453125 0.115625
0 0.2375 0.4203125 0.0625 0.121875
0 0.31484375 0.43203125 0.0671875 0.128125
0 0.39375 0.44296875 0.0765625 0.13125
0 0.021875 0.45 0.040625 0.096875
0 0.0578125 0.4640625 0.046875 0.103125
0 0.11875 0.47734375 0.0515625 0.1046875
0 0.17265625 0.4921875 0.0515625 0.1125
0 0.221875 0.5109375 0.059375 0.1171875
0 0.28828125 0.52421875 0.065625 0.1234375
0 0.359375 0.5421875 0.0703125 0.128125
0 0.43828125 0.559375 0.08125 0.1328125
0 0.0171875 0.5234375 0.034375 0.0953125
0 0.0484375 0.54140625 0.04375 0.1
0 0.09765625 0.55546875 0.0484375 0.1015625
0 0.1484375 0.57421875 0.0515625 0.1109375
0 0.1921875 0.59609375 0.0578125 0.1109375
0 0.2546875 0.6140625 0.0609375 0.1171875
0 0.32578125 0.63046875 0.0625 0.121875
0 0.38515625 0.6609375 0.0703125 0.1296875
0 0.45 0.6953125 0.08125 0.1375
0 0.01875 0.61875 0.0375 0.096875
0 0.05859375 0.6359375 0.0453125 0.103125
0 0.1125 0.6546875 0.0515625 0.10625
0 0.16484375 0.678125 0.053125 0.1109375
0 0.215625 0.7 0.059375 0.1140625
0 0.278125 0.72578125 0.0640625 0.1171875
0 0.3421875 0.75078125 0.0703125 0.1234375
0 0.43125 0.7890625 0.078125 0.13125
0 0.040625 0.7046875 0.04375 0.0984375
0 0.08984375 0.728125 0.046875 0.1046875
0 0.1359375 0.75234375 0.05 0.1078125
0 0.19609375 0.775 0.0546875 0.1109375
0 0.25234375 0.803125 0.0609375 0.1140625
0 0.3109375 0.83671875 0.0640625 0.1171875
0 0.36953125 0.8734375 0.071875 0.13125