0 0.06953125 0.75234375 0.1390625 0.1484375
0 0.1828125 0.7171875 0.1203125 0.11875
0 0.29921875 0.68984375 0.1109375 0.1125
0 0.40859375 0.68046875 0.0953125 0.1171875
0 0.4984375 0.6484375 0.096875 0.115625
0 0.58203125 0.62734375 0.0859375 0.10625
0 0.6515625 0.5984375 0.078125 0.10625
0 0.71640625 0.58671875 0.0625 0.0984375
0 0.7734375 0.57421875 0.0609375 0.0875
0 0.0359375 0.87265625 0.071875 0.1390625
0 0.12421875 0.8421875 0.125 0.1296875
0 0.24140625 0.79921875 0.109375 0.1046875
0 0.35625 0.78046875 0.0953125 0.115625
0 0.43359375 0.728125 0.0875 0.1015625
0 0.53046875 0.73125 0.0765625 0.090625
0 0.60078125 0.7 0.0671875 0.0828125
0 0.66640625 0.6859375 0.065625 0.0796875
0 0.721875 0.64921875 0.0625 0.0875
0 0.7796875 0.628125 0.05625 0.0859375
0 0.8265625 0.60859375 0.0453125 0.0703125
0 0.87109375 0.5859375 0.053125 0.0765625
0 0.90625 0.55859375 0.0421875 0.0796875
0 0.0734375 0.94296875 0.121875 0.109375
0 0.190625 0.9171875 0.1140625 0.103125
0 0.2859375 0.846875 0.0890625 0.0796875
0 0.390625 0.84609375 0.0921875 0.0859375
0 0.47734375 0.8140625 0.0734375 0.075
0 0.55078125 0.78125 0.078125 0.065625
0 0.61953125 0.759375 0.0734375 0.0921875
0 0.68828125 0.73359375 0.065625 0.078125
0 0.7359375 0.709375 0.0515625 0.065625
0 0.790625 0.68515625 0.0625 0.0734375
0 0.82890625 0.6515625 0.0515625 0.078125
0 0.878125 0.63828125 0.05625 0.078125
0 0.90703125 0.61484375 0.05 0.06875
0 0.95859375 0.56484375 0.046875 0.075
0 0.95390625 0.61640625 0.040625 0.065625
0 0.15625 0.975 0.1015625 0.05
0 0.23515625 0.95390625 0.0984375 0.0921875
0 0.2875 0.98125 0.08125 0.0375
0 0.3390625 0.9265625 0.0890625 0.084375
0 0.36640625 0.96484375 0.08125 0.0703125
0 0.42109375 0.884375 0.0796875 0.084375
0 0.453125 0.93828125 0.071875 0.0859375
0 0.49921875 0.85625 0.06875 0.0671875
0 0.5671875 0.82578125 0.065625 0.0703125
0 0.52734375 0.91015625 0.06875 0.0859375
0 0.59140625 0.88125 0.0671875 0.090625
0 0.6375 0.80546875 0.059375 0.065625
0 0.65078125 0.85703125 0.05625 0.078125
0 0.7078125 0.828125 0.0546875 0.078125
0 0.68984375 0.7734375 0.0578125 0.0734375
0 0.74375 0.75234375 0.0625 0.0890625
0 0.75859375 0.803125 0.05 0.075
0 0.80390625 0.78359375 0.0453125 0.0703125
0 0.7921875 0.728125 0.0546875 0.075
0 0.83515625 0.70703125 0.0453125 0.0734375
0 0.8453125 0.7578125 0.0515625 0.0640625
0 0.8859375 0.7453125 0.04375 0.059375
0 0.9203125 0.6921875 0.0296875 0.0546875
0 0.96328125 0.6515625 0.040625 0.05625
0 0.91484375 0.66875 0.040625 0.0578125
0 0.875 0.690625 0.046875 0.08125
0 0.98515625 0.57265625 0.0296875 0.0671875