0 0.6484375 0.37578125 0.0984375 0.1375
0 0.5703125 0.3984375 0.109375 0.153125
0 0.7671875 0.6203125 0.084375 0.1265625
0 0.60859375 0.27890625 0.1 0.14375
0 0.62109375 0.16171875 0.103125 0.1515625
0 0.7328125 0.23828125 0.0890625 0.1265625
0 0.73125 0.3484375 0.1109375 0.134375
0 0.74921875 0.43359375 0.084375 0.1234375
0 0.79375 0.6921875 0.084375 0.1265625
0 0.95 0.50703125 0.0453125 0.125
0 0.92421875 0.2625 0.0703125 0.1171875
0 0.53515625 0.6515625 0.1125 0.159375
0 0.6828125 0.46328125 0.0953125 0.128125
0 0.628125 0.81875 0.096875 0.1421875
0 0.69765625 0.14296875 0.09375 0.146875
0 0.784375 0.5125 0.0859375 0.1265625
0 0.7125 0.6546875 0.0921875 0.13125
0 0.79921875 0.21875 0.084375 0.1234375
0 0.615625 0.490625 0.0984375 0.134375
0 0.83359375 0.11171875 0.1171875 0.134375
0 0.8296875 0.30390625 0.0875 0.1265625
0 0.89296875 0.18828125 0.0703125 0.1171875
0 0.846875 0.2 0.0796875 0.11875
0 0.73828125 0.73515625 0.09375 0.128125
0 0.6734375 0.25625 0.090625 0.1265625
0 0.64609375 0.696875 0.1046875 0.1359375
0 0.82734375 0.89453125 0.0703125 0.0625
0 0.8203125 0.5890625 0.0828125 0.13125
0 0.68828125 0.76796875 0.1015625 0.125
0 0.72421875 0.54453125 0.09375 0.134375
0 0.75078125 0.13046875 0.103125 0.140625
0 0.8921875 0.86484375 0.0765625 0.1
0 0.84765625 0.38359375 0.0765625 0.1171875
0 0.9078125 0.35625 0.0765625 0.125
0 0.9421875 0.340625 0.0625 0.1125
0 0.79609375 0.40625 0.075 0.125
0 0.953125 0.4125 0.0484375 0.1078125
0 0.921875 0.43203125 0.059375 0.103125
0 0.87734375 0.45234375 0.0703125 0.121875
0 0.8265625 0.48359375 0.075 0.121875
0 0.91953125 0.51796875 0.075 0.1375
0 0.86796875 0.5546875 0.06875 0.115625
0 0.93671875 0.59375 0.059375 0.1140625
0 0.896875 0.6203125 0.0703125 0.1109375
0 0.8546875 0.6578125 0.0734375 0.11875
0 0.5640625 0.740625 0.10625 0.153125
0 0.9421875 0.8015625 0.025 0.109375
0 0.921875 0.846875 0.059375 0.1078125