0 0.43494706718750004 0.8231645578125001 0.07673553437499998 0.128344025
0 0.35970116406249997 0.8463627242187499 0.07577464374999998 0.12846905468749997
0 0.31033447265624997 0.8583592640625 0.07417447656250001 0.12910985312499995
0 0.20539575703125 0.8902897039062501 0.062282076562499976 0.1053444703124999
0 0.25443899296875 0.8799611687500001 0.05219291093749998 0.10079411875000002
0 0.42748769218750005 0.7123698015625 0.07942307187499997 0.12168149062500007
0 0.36772008906250003 0.7348500687499999 0.07019691562500001 0.11783446875
0 0.30725012031250004 0.75967821640625 0.0684076625 0.1211612671874999
0 0.2494074984375 0.785156178125 0.06526430625000001 0.12283805937499999
0 0.2082251125 0.8016199710937499 0.058395303125000006 0.13046402031249996
0 0.16530950859375 0.8237901171875001 0.05544145468749999 0.09972128749999998
0 0.43982769218750006 0.59444052734375 0.07891090000000008 0.13155470781250003
0 0.369363584375 0.61952473359375 0.07602029374999994 0.12030947031250001
0 0.297751646875 0.64828203828125 0.07159338437499999 0.12078169531250005
0 0.2684433390625 0.6710903421875 0.05274703124999998 0.11441724999999998
0 0.199505784375 0.70111436015625 0.059349515624999995 0.1070636859375
0 0.15744630234375 0.7249981375 0.05002506093749999 0.09783572812500001
0 0.114948303125 0.75261890703125 0.04894436875 0.09854909531249997
0 0.44207328828125 0.46798393046875 0.08535894218749998 0.13359767656249993
0 0.38362639296875 0.49946980390625006 0.08781460156249996 0.12570826093749998
0 0.32000854296875 0.53434053046875 0.0716914765625 0.1273102578125
0 0.25563750625 0.56736845390625 0.061019809375000025 0.11512390781250001
0 0.21391178828125001 0.59403289609375 0.06125794531250002 0.11040164843750003
0 0.16893341718750002 0.63000254921875 0.05502090937500002 0.1308982828125
0 0.11281384531250001 0.6548953765625001 0.05008850625000001 0.11498547812500001
0 0.08654738203125001 0.6791479828125 0.0455415890625 0.09325970937500001
0 0.4249230921875 0.332802975 0.079711090625 0.13224128125
0 0.37218088046875 0.37637234296875005 0.07443473593750002 0.1274084921875
0 0.32676036093749994 0.426231371875 0.0695724625 0.14095346875000003
0 0.26150897109375004 0.45612945859375 0.0710599265625 0.1118082765625
0 0.20559504140625 0.49048211328124997 0.06443636093749998 0.1104250859375
0 0.16683026562499997 0.5238978328125 0.056577871875000005 0.1188682375
0 0.12785492578125002 0.5558573203125 0.05716767968750001 0.10215610000000001
0 0.08207027265625 0.58219585390625 0.04777289218749999 0.09757672656250005
0 0.3756703796875 0.25046761171875 0.08198433750000005 0.1337093078125
0 0.30456760390625004 0.30501063515625 0.07505209531249997 0.12494911718750004
0 0.25329444765625003 0.34335001640625 0.06407174843749996 0.1223490859375
0 0.20377406171875 0.38587631484375 0.0700919359375 0.11649369843750002
0 0.1546209 0.4231113765625 0.06643620312500001 0.11449427499999998
0 0.10955900234375 0.4530613835937499 0.05333684218750001 0.10308269218749996
0 0.066106496875 0.4850260421875 0.0444684125 0.10225769375000002
0 0.299878809375 0.17847697421875 0.06969915000000002 0.1238360921875
0 0.2582947453125 0.23084870390625004 0.07115134062499999 0.1253878609375
0 0.2062836359375 0.28289377421874995 0.05985500937499999 0.13864368906249996
0 0.167227025 0.32091468437500004 0.06459101249999999 0.13083688124999998
0 0.110899996875 0.3552766046875 0.056508371875000005 0.10517589375000003
0 0.07159074531250001 0.39073376640625 0.052039721875 0.11045411093749995
0 0.032590109374999995 0.42308007421875005 0.038618615625 0.09705872968749998
0 0.0345219609375 0.14122394453125 0.037950665625 0.06806536093750001
0 0.0109160234375 0.17245537109375003 0.012949912499999999 0.09055967343750002
0 0.03405493828125 0.51896345390625 0.0354689828125 0.10340532031250005
0 0.052869347656249996 0.60550467578125 0.029916439062500005 0.07777112656250003