0 0.36921930625 0.8450721218749999 0.13117722812499996 0.159110421875
0 0.48186380390625005 0.8181457789062498 0.1290186421875 0.1634951828124999
0 0.59036916328125 0.79294909765625 0.12044562968750006 0.16305912656250002
0 0.702317934375 0.77187432109375 0.12503953750000002 0.1694088015625
0 0.8138166117187499 0.7396924609375001 0.13193965468749996 0.16491608125000007
0 0.270326815625 0.726562234375 0.144124165625 0.15691364062499993
0 0.3957693 0.69937001484375 0.123737153125 0.14918266718749998
0 0.5078564437499999 0.67726273984375 0.12232456562500005 0.1567360296875
0 0.61256671015625 0.64748409140625 0.12115130156250001 0.15669002656249997
0 0.72155561484375 0.62479695234375 0.12570861718750007 0.1594143234375
0 0.8394103015625 0.6043343109375 0.12526200937499993 0.16001149999999997
0 0.85839032578125 0.47186070625000004 0.13043288906250003 0.151508121875
0 0.74947576875 0.49243634765625 0.1277347625 0.1445955515625
0 0.634376109375 0.519130528125 0.126506809375 0.151588953125
0 0.532259275 0.54452241015625 0.120817384375 0.1404125953125
0 0.41815423906250004 0.5625290093749999 0.11968071249999998 0.15382880312500005
0 0.3101126578125 0.5900984164062499 0.12393946250000001 0.15671715156249996
0 0.18816837421875002 0.62176739140625 0.1256909390625 0.1530292765625
0 0.12174375312499999 0.5146211484375 0.1393637125 0.14481916562499997
0 0.23019442265625 0.48811986249999995 0.11445266406250001 0.14485160937500002
0 0.34607671015624997 0.46525690859375 0.11512339531249997 0.1430613765625
0 0.4471142890625 0.43504928671875 0.11817394375000005 0.1351551734375
0 0.5492316625 0.4203346625 0.11944014999999997 0.13951867187500003
0 0.65782212265625 0.3971466515625 0.11873323593749996 0.13933812812500004
0 0.7691365171875 0.363807640625 0.12406982499999994 0.1501457
0 0.8690206421875001 0.35218553671874997 0.1352702625000001 0.14815659218750002
0 0.15921422812500002 0.37967909375 0.11529118437500001 0.13736551562500005
0 0.26513442578125 0.36216827734374996 0.10693981406249997 0.1380924578125
0 0.36778155859375 0.33492385156250004 0.11826937031250004 0.13982843749999999
0 0.47689091484375 0.30783445859374997 0.1172626453125 0.13415383593750002
0 0.5730007468749999 0.293956403125 0.1188640125 0.13819986874999998
0 0.6808381578125 0.27181220234375003 0.12167192500000006 0.13250346093749998
0 0.78445155859375 0.240901809375 0.12317786093749997 0.139456171875
0 0.8082790945312499 0.11170138046875 0.11382142656250008 0.12564752656249997
0 0.7003772171875 0.13627110546875 0.11888003124999998 0.1294215515625
0 0.59533035859375 0.16002185625 0.1197189671875 0.14118206562500002
0 0.4975385320312499 0.18689108125 0.12014747968749999 0.133628703125
0 0.39259390078124995 0.20727627499999998 0.11084448281249996 0.13784171250000002
0 0.28660865078125 0.22623808984375 0.10984024843750002 0.1322668265625
0 0.18775615937499998 0.255258028125 0.10885368749999999 0.1306842625
0 0.08212338359375 0.27848754375 0.10863080156250002 0.13424291875
0 0.1100416671875 0.15317752109375 0.10652980625000001 0.12881612968749998
0 0.22114418359375004 0.13757035 0.1052631828125 0.12802191874999996
0 0.31790438828125 0.11618234999999999 0.10578587968750001 0.1267757
0 0.4177990953125 0.09613821796875001 0.10900379999999994 0.12323299531250001
0 0.8819522140625 0.22016993984375 0.11971896562499999 0.12867866093750002
0 0.06000747890625 0.399228475 0.0957809734375 0.14602762812500006
0 0.5208604031249999 0.0663936734375 0.10840915625000003 0.115856471875
0 0.6228734859375 0.058077997656250005 0.11382266874999995 0.09634646718749999
0 0.7210429664062501 0.04585353828125 0.11357187031249998 0.06851777656250001