0 0.8616020320312501 0.68459618359375 0.16495957343749995 0.1382672828125
0 0.84516359609375 0.56656426640625 0.18063438593750006 0.13866041093749998
0 0.8268138117187501 0.44148754375 0.1712274296875 0.12586064374999997
0 0.80251420078125 0.31683825234374996 0.16963314531250004 0.12568228593749997
0 0.77896601953125 0.19189742187499997 0.16206593593750007 0.12920241562499998
0 0.7398303273437501 0.78085883125 0.1656904046875 0.14245084062500002
0 0.7205331078125 0.645540684375 0.15909670625000008 0.121144090625
0 0.69212006015625 0.5223866226562499 0.1566037265625 0.12360006718749998
0 0.66967638046875 0.401896625 0.16294562343749996 0.13057903749999994
0 0.65346876484375 0.28752651015625 0.15456998906250002 0.12761102656249998
0 0.6287077921875 0.15174680234375 0.16224091874999996 0.1268671859375
0 0.6295065265625001 0.8598100468750001 0.16234664062500004 0.13782830937500012
0 0.5965626710937499 0.7265337875 0.15827560781250005 0.11974258437500004
0 0.5672016109375 0.6060442515625001 0.154372440625 0.12460869375000003
0 0.55411965703125 0.48757353593749997 0.1454247265625 0.11934945624999997
0 0.5254911468750001 0.36525793828125 0.14593621562499992 0.1258127140625
0 0.5000225953124999 0.24384285703125 0.148554709375 0.12968748281250003
0 0.48273289375 0.12452381718750001 0.15996805312499998 0.139563490625
0 0.5057691265625001 0.9127350953125 0.152451540625 0.12202019999999987
0 0.48455239531249994 0.8049596234374998 0.14985761875000003 0.12595834374999998
0 0.46120646171875 0.67553139140625 0.1489363546875 0.11673240156249998
0 0.429670675 0.5590766367187501 0.13593027812499997 0.12267210468750003
0 0.4166839859375 0.4470781234375 0.14216489687500006 0.12069726875
0 0.3981619625 0.33800429296875 0.14488510625 0.12085074531250002
0 0.36475549921874995 0.21515251640625 0.1448688765625 0.12745387343750003
0 0.3454653375 0.09097006953125 0.14484630937500004 0.12180359218749999
0 0.36452757734374996 0.8624281664062501 0.14623593281249997 0.12186121093749999
0 0.35691743515624996 0.7435143617187501 0.1412717609375 0.1109325703125
0 0.32818775546875 0.6446174796875 0.1470154515625 0.11643905937500003
0 0.30458161484375 0.52432464765625 0.1458839671875 0.11684738593750002
0 0.2881567578125 0.41686600859375 0.1412725375 0.11789609218750004
0 0.26603964687500004 0.30464316640625 0.14066165937500003 0.12099061406250003
0 0.23779398359375 0.18780313125 0.1380198234375 0.12137405625000001
0 0.2571516859375 0.93230221875 0.13577430937499999 0.11796339687500002
0 0.23109409531249997 0.81617051640625 0.14074203749999997 0.11878005156249997
0 0.2067854015625 0.7075755078125001 0.14244282187500001 0.11792306562499996
0 0.191384140625 0.5968574757812499 0.134109540625 0.1157316265625
0 0.17078669609375002 0.4879780851562501 0.1415441265625 0.1181263109375
0 0.15147098359375 0.38347973671875 0.14101996093749997 0.1234696359375
0 0.1199498859375 0.26312107031250004 0.139975965625 0.12197043124999998
0 0.09347362968749999 0.14819627109375 0.14140160625 0.13017831093749996
0 0.123918 0.89264758828125 0.13185846875 0.11135634531249998
0 0.11007275624999999 0.77780438984375 0.135910490625 0.1054763484375
0 0.0942968109375 0.66859595390625 0.13407074375 0.11067195781250003
0 0.0329012421875 0.23243440781250002 0.065802484375 0.11572965625000002
0 0.04590751796875 0.34074902265625007 0.0918150359375 0.11977715468750003
0 0.05524663203125 0.4513187390624999 0.1104932640625 0.10893101562499999
0 0.07271269765625 0.56655782421875 0.1323664015625 0.11140427656250003
0 0.22170008203125002 0.08510372031249999 0.14605616718749997 0.10523018749999999
0 0.37763744765625 0.9613108374999999 0.14659500781249996 0.07737832499999993