0 0.26640625 0.165625 0.1234375 0.175
0 0.390625 0.1625 0.1234375 0.1765625
0 0.51640625 0.159375 0.1234375 0.1765625
0 0.64296875 0.1546875 0.125 0.1765625
0 0.7671875 0.1515625 0.121875 0.1703125
0 0.2046875 0.3078125 0.1296875 0.16875
0 0.3375 0.3078125 0.121875 0.165625
0 0.459375 0.309375 0.1171875 0.165625
0 0.5796875 0.303125 0.1203125 0.1703125
0 0.703125 0.296875 0.1203125 0.1640625
0 0.834375 0.2921875 0.125 0.1640625
0 0.15 0.44609375 0.1234375 0.1625
0 0.271875 0.44453125 0.121875 0.159375
0 0.40078125 0.44296875 0.121875 0.1625
0 0.51953125 0.434375 0.1140625 0.146875
0 0.63984375 0.43828125 0.1203125 0.159375
0 0.76640625 0.43125 0.11875 0.159375
0 0.89921875 0.421875 0.1234375 0.15625
0 0.10625 0.5734375 0.115625 0.1484375
0 0.22421875 0.58046875 0.115625 0.1453125
0 0.34609375 0.5671875 0.115625 0.1484375
0 0.4640625 0.56328125 0.1140625 0.14375
0 0.5796875 0.56640625 0.1140625 0.146875
0 0.7 0.56171875 0.1140625 0.146875
0 0.82578125 0.5515625 0.1125 0.1515625
0 0.94296875 0.54453125 0.1140625 0.1515625
0 0.06953125 0.6984375 0.109375 0.140625
0 0.1796875 0.7 0.115625 0.14375
0 0.2953125 0.69296875 0.1109375 0.1359375
0 0.40859375 0.68828125 0.1125 0.140625
0 0.521875 0.6921875 0.1125 0.146875
0 0.6390625 0.68359375 0.11875 0.140625
0 0.75390625 0.67578125 0.1109375 0.140625
0 0.87265625 0.68125 0.1125 0.1390625
0 0.9671875 0.68671875 0.065625 0.1453125
0 0.1203125 0.834375 0.1140625 0.140625
0 0.23984375 0.82890625 0.109375 0.1375
0 0.35390625 0.81796875 0.1171875 0.140625
0 0.46875 0.81484375 0.10625 0.1328125
0 0.584375 0.8125 0.1125 0.1375
0 0.69609375 0.8078125 0.109375 0.1375
0 0.8078125 0.8046875 0.1140625 0.140625
0 0.92734375 0.80078125 0.115625 0.13125
0 0.19140625 0.93828125 0.1140625 0.1234375
0 0.30703125 0.934375 0.1078125 0.13125
0 0.41171875 0.93515625 0.1078125 0.1296875
0 0.5265625 0.9234375 0.109375 0.134375
0 0.6375 0.921875 0.10625 0.128125
0 0.7484375 0.91796875 0.1140625 0.1328125
0 0.865625 0.92734375 0.115625 0.1296875