0 0.1374489421875 0.7158447328124999 0.16409815 0.13645319374999998
0 0.1535436453125 0.5947736015625 0.18058856250000002 0.13682631562500003
0 0.16461499765625 0.47365588203125003 0.1716597546875 0.1246316765625
0 0.184577409375 0.35013862265625006 0.170033975 0.12432943593750001
0 0.197752734375 0.22796649296875 0.1622778 0.12963182031250003
0 0.27698779140625 0.7987390671875001 0.16444492031250002 0.13984252500000008
0 0.28397650390624996 0.66562557421875 0.15803261093749996 0.1200667046875
0 0.30176741093750004 0.5396758328125 0.156137021875 0.12160294687500003
0 0.321723878125 0.42457834921875 0.16335790625000005 0.1287333765625
0 0.3339377328125 0.31494869140625 0.154856290625 0.1257385234375
0 0.34087919296874997 0.18066784921875 0.16326018906249998 0.12702831093750003
0 0.3926964890625 0.870276396875 0.16110688125 0.1358023156249999
0 0.41343681875 0.736325025 0.15780603749999997 0.11873629374999997
0 0.43210792812500004 0.62068798125 0.15400880624999996 0.12405272812500004
0 0.44186685 0.50031436484375 0.1456308625 0.11758827031249997
0 0.46199838515625 0.38296626640625 0.14739068906250002 0.1246009328125
0 0.47521424765625 0.2612208125 0.14898446718749997 0.12780891875
0 0.48455991484374994 0.14073733515625 0.1621411765625 0.13781122031249998
0 0.5088217867187501 0.9216608039062499 0.15205354843750002 0.1198389671874999
0 0.52456490859375 0.8070698265624999 0.14986567031250003 0.12397766875
0 0.5417267945312499 0.68196675 0.14847251093749997 0.11546159687499999
0 0.5644026312499999 0.57114385546875 0.13621085937500005 0.12108027031250002
0 0.57282977421875 0.45736135625 0.14204463281250002 0.11866958437500004
0 0.5824069328125001 0.34734842031249996 0.14654753437499995 0.11953672499999998
0 0.6123647999999999 0.22380936562500003 0.14605029062500002 0.125832846875
0 0.60307065234375 0.10779524843749999 0.1464610578125 0.120058359375
0 0.64719115546875 0.86927832265625 0.14591710156249996 0.12155397656250014
0 0.6567338046875 0.74927066484375 0.14012137500000002 0.10950159218750014
0 0.67189082109375 0.6438757671875 0.14651725156250003 0.11584097812500005
0 0.6930112242187499 0.52900739296875 0.14618172343750002 0.1150874359375
0 0.69937763203125 0.41525794375 0.14198410781250007 0.11588995000000005
0 0.70824459765625 0.30449206875 0.14210777343750003 0.11919852187500002
0 0.72971318046875 0.19269890078125002 0.14017846718749993 0.11941165468750001
0 0.764078184375 0.9330047796875001 0.13459631875000005 0.12018920000000008
0 0.772118775 0.816985146875 0.14066185625000002 0.11731259999999999
0 0.790743034375 0.7087140671875 0.14190453750000004 0.116852459375
0 0.80422268671875 0.59393120546875 0.13416393281250008 0.11503741718750007
0 0.8196585375 0.48401882421875 0.14169872500000008 0.11716200156249998
0 0.8300622335937501 0.37704480234375 0.14052176093749988 0.12126370156250003
0 0.85173598828125 0.258111378125 0.14067742656249999 0.12052371874999998
0 0.8627856429687502 0.14567010546875 0.14102938593750008 0.12820757031250002
0 0.8922054015625001 0.8793349359375 0.13113980624999985 0.11040052187500002
0 0.8974970265625 0.76809810078125 0.13531494687500006 0.10761413593750006
0 0.90356643828125 0.66269425390625 0.13431440781250004 0.11119002968749996
0 0.9509755648437501 0.22143066406249998 0.09280778281249998 0.11518801875000002
0 0.9406511140625 0.33409064375 0.10895484999999994 0.119295978125
0 0.9346786203124999 0.43861922500000006 0.11704003437499999 0.10839683437500006
0 0.91811281953125 0.5545623539062501 0.13276991718750003 0.11043126718749993
0 0.6415274734375 0.960445703125 0.14598800937499998 0.07910859375000001
0 0.7385026554687499 0.08662174921875 0.1409247609375 0.11319525156249999