0 0.7912337187499999 0.2680516671875 0.13940284062499994 0.1573254875
0 0.6767815234375 0.243047690625 0.12322209062499993 0.16201409374999998
0 0.558289175 0.21854027734375 0.12315611562500006 0.1617669953125
0 0.45557286484375004 0.18632912265625 0.14088743593750003 0.1722523578125
0 0.34211489687499996 0.1627201703125 0.14479918437499997 0.171933175
0 0.8219384320312499 0.41228749843749996 0.11996247656249999 0.15251330624999998
0 0.699818409375 0.3844785796875 0.12193309375000005 0.149885209375
0 0.5841659140625 0.35360628046875 0.11600596874999995 0.15698184218750005
0 0.47326355703124995 0.32796744218749996 0.12130981093749993 0.15970517812499999
0 0.36187708828125 0.30591741015625 0.12377112031250004 0.1643384640625
0 0.24418589453125 0.27213621875 0.1205887328125 0.16456754375
0 0.1605206859375 0.38268949765625 0.12478793437500002 0.16000120468750004
0 0.26941963125 0.41466634999999996 0.123189628125 0.15196504687500006
0 0.38828537656249995 0.4482315609375 0.12372635937500003 0.15166901875
0 0.50222106328125 0.465549721875 0.11811914843749997 0.14121068750000004
0 0.608964159375 0.49644616640625 0.12392195624999998 0.1508157203125
0 0.7277616859375 0.52502249765625 0.12733176874999996 0.14813356093750008
0 0.8495021218750001 0.5369810906250001 0.12083969999999997 0.14589415937500005
0 0.8665351304687501 0.6712258984374999 0.11553818593749998 0.13958906250000008
0 0.75320438515625 0.6475172179687501 0.12031124531249997 0.1432235765625
0 0.6350726703125 0.61933943125 0.11738745625 0.14020164687500003
0 0.5244397484375 0.5984143359375 0.11320288749999996 0.139666275
0 0.42010866093750004 0.5713565257812501 0.115958234375 0.14060192031250002
0 0.30937703359375 0.54478360703125 0.11587634531249998 0.14490958593750003
0 0.19514731484375 0.5264274484375 0.11627751093749998 0.15645673749999994
0 0.08814370859375001 0.49277894218749996 0.11865990156250002 0.15782356562500005
0 0.7627833500000001 0.781416046875 0.11954242812500002 0.13116163749999998
0 0.657008259375 0.73987832890625 0.11902755312499994 0.1314537890625001
0 0.5541054453125 0.72502799765625 0.11138607499999997 0.13737150156250005
0 0.44028373828125 0.7011820359375001 0.11897982031250005 0.136339309375
0 0.34249970546875 0.66846149609375 0.11524478593750001 0.13784642343750003
0 0.23441125624999998 0.65059804453125 0.11615616249999998 0.13801630781250002
0 0.126163253125 0.63148758125 0.113382575 0.14766895937499996
0 0.0470751140625 0.73539828828125 0.094150228125 0.1311436171875
0 0.14269276953125 0.756463509375 0.10956798593749999 0.13307672499999992
0 0.257127971875 0.78277903125 0.11373664687499999 0.14078982812500004
0 0.36399650234375003 0.8015954320312499 0.11500972968749998 0.13847577656249993
0 0.47284990625 0.8281423671875 0.11446833437499997 0.13867525625
0 0.57492418984375 0.8541763515625 0.11494375156249995 0.13065067500000005
0 0.67949093359375 0.8761988078125 0.11608785468749998 0.12688870624999993
0 0.7855574484375 0.90177895546875 0.11452137187499992 0.12841897343750014
0 0.7049254335937499 0.96952495234375 0.10772872656250003 0.060950095312499994
0 0.5943338820312499 0.95287885859375 0.11764308906250003 0.09424228281250002
0 0.4990078171875 0.9409929023437499 0.10739477187500004 0.11801419531250001
0 0.3996082125 0.91826695390625 0.11133834062499996 0.12413965156249987
0 0.04042234765625 0.596214928125 0.0808446953125 0.1347949
0 0.8750415273437501 0.81059906328125 0.11248244531249992 0.14148738281249998
0 0.28495392578125 0.9049928828125001 0.1126880109375 0.126134521875
0 0.18548781640624998 0.8722644523437498 0.1064492421875 0.12761717031249997
0 0.07641637109375 0.85545682265625 0.10560319843749999 0.12361454531250002