0 0.21752025156250002 0.21203636171875 0.160716890625 0.14041187031250002
0 0.20218209609375 0.33345860781250003 0.1760844953125 0.14875434687500003
0 0.18265739453125002 0.44383268359374994 0.1711570140625 0.12678771093749996
0 0.1633815453125 0.55746465390625 0.17097942812499997 0.1379095203125001
0 0.14640823671875 0.671802965625 0.1647487453125 0.139971209375
0 0.35976537265625 0.16315694609375 0.16097822656250002 0.1293250703125
0 0.33964053359374996 0.29353946640624995 0.1562974296875 0.12131459218749999
0 0.327008525 0.40912386328125 0.15571335937499997 0.12400613593749998
0 0.30723480390625 0.5214339406249999 0.1639009578125 0.12568719062499997
0 0.28845835390625 0.6329116046875001 0.1600873703125 0.127726803125
0 0.27433911328125 0.7477436000000001 0.16491038593750001 0.13250435625000004
0 0.48438828437500003 0.127542065625 0.15299479375000002 0.12448698124999999
0 0.47955740546875003 0.25075220390625 0.15322607656250006 0.12083599218750003
0 0.4651731375 0.37173042734375 0.15097354999999996 0.13452982656249998
0 0.44071118203125004 0.48304213515624994 0.14482130156249995 0.12342957343750002
0 0.43167634609374994 0.59302573828125 0.14920301093750005 0.12377502968749994
0 0.41253256796875004 0.7136988328125 0.15311097968750004 0.12551782500000003
0 0.39556462734375 0.82871395625 0.16616172968750004 0.13648613750000002
0 0.6203416484375 0.10324886953125001 0.14619598750000007 0.1160085953125
0 0.5985147320312499 0.21435641640625 0.1470897734375 0.12154794218750001
0 0.586054940625 0.33050155000000003 0.1449611375 0.11771965624999998
0 0.5754887078124999 0.44281783984375 0.13739829062500003 0.12125284843749995
0 0.5573865843749999 0.5502208468750001 0.14329799375 0.11744836250000006
0 0.540772621875 0.66483981015625 0.15011274375 0.11690232656250003
0 0.5278229765625 0.7800291265625001 0.14957174375000007 0.12086255312500009
0 0.504990646875 0.888607159375 0.1521528625 0.11318562812500002
0 0.7288050523437499 0.18348482734375 0.14200835468749995 0.1257868734375
0 0.6995350984375001 0.2965885375 0.13737116875000002 0.11843333124999997
0 0.6972517609375 0.40139778515625 0.14244965937499998 0.11926256093750003
0 0.68283434921875 0.518885509375 0.1465894546875 0.11765963750000008
0 0.66441203515625 0.6272456796875 0.14199240781249997 0.1139293125
0 0.6496984203125 0.727858803125 0.14358059062499998 0.11769361249999992
0 0.63971077421875 0.8420418984374999 0.14596524843750008 0.11400295624999997
0 0.8570114164062499 0.154373209375 0.13210684843749992 0.13249021249999998
0 0.8379095218749999 0.2586500046875 0.13688386562500005 0.12621735625
0 0.82334803828125 0.37040742187500003 0.13914225156249999 0.12312085312500001
0 0.814612384375 0.47989333671875 0.13415228125 0.11707962343750004
0 0.79580356015625 0.5853712421875 0.1423263171875 0.11769757812499995
0 0.7846574859375 0.69126963359375 0.143642534375 0.11813030468750005
0 0.77383431328125 0.79842290234375 0.14149740468750008 0.11725519843750005
0 0.7539922890625 0.91452118203125 0.14165611250000013 0.12062696093749992
0 0.9499678218749998 0.22485595156250002 0.10006435625000006 0.11157649375
0 0.93630788984375 0.33511021015625 0.12738422031249996 0.11570384218750003
0 0.9198848343750001 0.43442276093750004 0.13283074999999994 0.11675848749999998
0 0.874360159375 0.8661772414062501 0.12033510937500011 0.11359231093749997
0 0.8848238281249999 0.7551620460937499 0.12704191874999998 0.11726140781250001
0 0.9004510875000001 0.6533247328125 0.12577939999999987 0.11278067500000004
0 0.9043087203125001 0.5403777664062501 0.13154165312499994 0.1113431484375
0 0.7552601382812499 0.0758321671875 0.14162074531249996 0.111873315625
0 0.6156209875 0.94004626640625 0.14611864375000003 0.09359158906250009