0 0.22536514453125003 0.78694020859375 0.15733489843749998 0.13867455156250008
0 0.20254865625000001 0.6740823468749999 0.16266286562499999 0.12248649062500006
0 0.17614315546875 0.552470453125 0.1619879234375 0.12230882812499999
0 0.15809003593749998 0.4373888953125 0.1726252 0.14002254062500002
0 0.14062386171875 0.322668809375 0.1719215015625 0.14399879999999995
0 0.3704159359375 0.82316627734375 0.15292408125000004 0.11932324843749997
0 0.35342699140625 0.69189967890625 0.15035612656249997 0.12114147968750003
0 0.333253584375 0.5790530078125 0.15774195000000005 0.11534599062500002
0 0.31186014375 0.4603862671875 0.160418771875 0.12045592812499999
0 0.28458398515625005 0.34746546875 0.1641989796875 0.12327342187500001
0 0.25774207968749996 0.2206593703125 0.16525375312499999 0.11973174062500003
0 0.37546232109375 0.14021998515625 0.15976522656249997 0.12437802968750003
0 0.40627004375000003 0.25841354140625 0.15154544374999998 0.1230290484375
0 0.4300051265625 0.37837523046875 0.15219898749999997 0.12310929843749996
0 0.44183105859374994 0.49204198046875 0.14148862031249995 0.11720385156250002
0 0.47162934609375 0.6051474570312501 0.1518307921875 0.12318657343749999
0 0.49146308671874994 0.72759246796875 0.14979741406249997 0.12673023906249997
0 0.5076111265625001 0.85085359140625 0.14712333125 0.12000879843750001
0 0.6310669062500001 0.86779045078125 0.138330115625 0.11493948281250006
0 0.610684409375 0.7532621867187499 0.14438625625000007 0.1195781828124999
0 0.5960741367187501 0.63331101953125 0.14151737656250002 0.11657906093749996
0 0.5779931062499999 0.5185505554687501 0.13886897187500002 0.11290396093749999
0 0.5588164382812499 0.40824533046875 0.14132104218750002 0.11529579843750004
0 0.5338159164062499 0.2944726203125 0.1452746515625 0.115370096875
0 0.52397680625 0.17257116875 0.15705690937499997 0.11626797812499998
0 0.49132114999999993 0.0643510265625 0.157621440625 0.1183546875
0 0.7761745515625 0.8830788234375 0.13883747500000004 0.10892209375000003
0 0.7468906546875 0.7675843148437501 0.13149205000000003 0.11896693281250004
0 0.7211640515625 0.6633061367187499 0.13199786875 0.1182949234375
0 0.7097856554687499 0.553736390625 0.13801943593749993 0.11072182499999998
0 0.6888220484375 0.43747950859375007 0.13672672812500003 0.11840785468750004
0 0.66146347421875 0.3291705953125 0.13765243906249996 0.114823571875
0 0.6456614359375 0.22102431796874997 0.13819557187499995 0.11563758281249999
0 0.63025158515625 0.10517736250000001 0.1479429140625 0.113018878125
0 0.6011333890625 0.025755320312500003 0.14251437500000003 0.051510640625000007
0 0.7515988390625 0.03442756640625 0.13051738437499996 0.0688551328125
0 0.76638977734375 0.13038166328125 0.13231437031249998 0.1096228203125
0 0.783105971875 0.24556879375000001 0.14140696874999997 0.11326126562500001
0 0.799455534375 0.35561453359375 0.138039290625 0.11456962656250003
0 0.81850395 0.46297293046874993 0.138761646875 0.11396035781250005
0 0.8357988609374999 0.57412411953125 0.13147766874999994 0.11445569843750007
0 0.8559077437500001 0.6838514132812501 0.12774607500000004 0.11525914843750007
0 0.87739254765625 0.7935337257812499 0.1295216640625 0.11383487343749996
0 0.96126461484375 0.710589871875 0.0695645703124999 0.10877003749999999
0 0.9447907179687499 0.59874131328125 0.10373832343749996 0.11725007968750001
0 0.9355402492187499 0.49908335546875 0.12301076093750005 0.10693378906250003
0 0.918952796875 0.3918969023437501 0.12393282812499998 0.11088495156250003
0 0.9058347242187501 0.27812038828125 0.1166084578125 0.1130710578125
0 0.8860555867187501 0.17010111640625 0.11962351718749993 0.11263647343750001
0 0.8695280664062501 0.05729681875 0.11561821406250009 0.10827880000000001