0 0.31374007890625 0.14368386171875 0.1046626984375 0.1484788359375
0 0.43464483828125006 0.14269179843750002 0.1068888828125 0.153108465625
0 0.54166666640625 0.13723544999999998 0.10714285781250003 0.147486771875
0 0.6512896828125 0.1326058203125 0.10714285624999995 0.14417989375
0 0.75396825390625 0.13045634921875 0.09474206406249994 0.1339285703125
0 0.25992934921875 0.27695105859374997 0.10815234843749999 0.1352513234375
0 0.37847222187499996 0.2766203703125 0.103174603125 0.13723545
0 0.49541170625 0.26984127031250005 0.09895833437500005 0.13161375625000002
0 0.5984623015625 0.2671957671875 0.09920635000000004 0.1369047625
0 0.70411706328125 0.26157407421875 0.09871031718749998 0.1316137578125
0 0.8148561507812501 0.25 0.0954861109375 0.12433862500000001
0 0.8652033734375 0.36144179921875 0.087549603125 0.12896825468750003
0 0.7589285718750001 0.37880291015625 0.09722222187499989 0.1326058203125
0 0.65972222265625 0.39443662890625003 0.0982142859375 0.13874098281250005
0 0.54290674609375 0.39484126953125004 0.09424603281250006 0.13227513281249997
0 0.44295634921874993 0.4118716929687499 0.1086309515625 0.1451719578125
0 0.325148809375 0.41914682578124995 0.10912698437500001 0.14252645468750003
0 0.200148809375 0.42146163984374996 0.11309523750000001 0.1392195765625
0 0.15104166718749998 0.556382275 0.11557539687499999 0.13525132187499994
0 0.27294146796875 0.5522486773437499 0.1118551578125 0.14021163906249995
0 0.38665674531249994 0.5342261898437499 0.10317460312499996 0.12665343906249998
0 0.495163690625 0.5234788359375 0.09499007812499993 0.12764550312500003
0 0.6027098757812499 0.51504629609375 0.09926895781249997 0.12268518593750004
0 0.69940476171875 0.4996693125 0.09126984218750005 0.128306878125
0 0.807415675 0.48495370390625003 0.09102182499999997 0.12599206406250002
0 0.89781648203125 0.47271825390625005 0.0868075109374999 0.12533068906250006
0 0.9468005953125 0.59325396796875 0.08556547500000011 0.12698412656249997
0 0.84759424609375 0.59507275078125 0.08953372968750006 0.11739417968749999
0 0.75 0.59738756640625 0.08730158750000001 0.11673280468750002
0 0.65438988125 0.6198743390625 0.09102182499999997 0.11937830624999997
0 0.55009920625 0.6347552914062501 0.09275793750000005 0.11673280468750002
0 0.44593253984375003 0.64500661328125 0.09722222343750002 0.12003968281250002
0 0.33643353203125 0.66021825390625 0.10391865156249999 0.12996031718749998
0 0.22371031718749998 0.678075396875 0.10664682500000003 0.13062169375000005
0 0.10701884921875 0.690476190625 0.11235118906250001 0.13359788437500003
0 0.1661767421875 0.8192790999999999 0.10864316562500002 0.13128306875
0 0.28732638828125 0.8012566140624999 0.1078869046875 0.13161375624999988
0 0.3971974203125 0.77777777734375 0.09945436562499999 0.12698412656249997
0 0.49950396796874996 0.7577711640624999 0.09573412656249998 0.12400793749999997
0 0.6087549601562501 0.75016534375 0.09598214218749997 0.1279761906250001
0 0.7025049609375 0.73346560859375 0.08457341249999999 0.12301587343750002
0 0.80009920625 0.71279761875 0.08779761874999999 0.11011904687499996
0 0.892237103125 0.70205026484375 0.08705357187499985 0.12698412656249997
0 0.848090278125 0.82423941796875 0.09102182499999997 0.12136243281249995
0 0.7493799601562501 0.83234126953125 0.09002976093749995 0.12433862343749995
0 0.6545138890625 0.8495370375 0.08630952500000007 0.11507936562499994
0 0.5601438492187499 0.8611111109374999 0.09995039531249991 0.12235449687499997
0 0.453373015625 0.8888888890625001 0.09970238125000001 0.12433862499999986
0 0.34784226171875 0.90376984140625 0.1049107140625 0.13161375781249998
0 0.237847221875 0.9265873015625001 0.108630953125 0.12962962812499992