0 0.32911493828125 0.20452037656249997 0.06994047656249998 0.135251321875
0 0.25421497265625004 0.19857032578125003 0.08333333281250002 0.1299603171875
0 0.19295467500000002 0.19625623671875 0.05654761875000001 0.1233465609375
0 0.13777061015625 0.18699625156250002 0.04737103281249999 0.1114418
0 0.09002747890625 0.1893117921875 0.050595239062500005 0.10681216874999999
0 0.3535450375 0.31728725703125005 0.07068452499999997 0.1273148140625
0 0.29017691171875004 0.30934999765625 0.06646825468749999 0.12070105781250003
0 0.22953610390625 0.30224096093749997 0.06721230156250002 0.12235449687499997
0 0.16406075312500001 0.29083453515624996 0.050347221875 0.11342592656249999
0 0.11445795546875 0.28240124375 0.05084325468749999 0.11243386250000001
0 0.06857387578125 0.27479467265624996 0.05084325468749999 0.10119047656249998
0 0.39942790078125 0.43402161484375 0.08209325468750003 0.13326719531249998
0 0.32589073203124996 0.41732418359374995 0.0704365078125 0.12433862343749999
0 0.24553388125 0.40111972890625003 0.06845238125000001 0.11838624218750002
0 0.20510715 0.38673245234375 0.03670635000000002 0.10085978906250004
0 0.13863881249999999 0.37912583046875004 0.05654761875000001 0.10879629531250004
0 0.08444742499999999 0.36904065390625 0.04637896874999999 0.10119047656250002
0 0.03757212421875 0.3573012859375 0.0364583328125 0.09424603124999997
0 0.44679732890625007 0.547612884375 0.07316468281250002 0.11243386250000001
0 0.3652012359375 0.5297572445312501 0.07167658750000001 0.12698412656249997
0 0.29377275156250005 0.516362834375 0.063244046875 0.12202380937499999
0 0.22953678671875002 0.49767902187500007 0.05580357031249998 0.11177248749999995
0 0.18005724375 0.47816843984375 0.04712301562500001 0.10582010468750003
0 0.12921384375 0.457171265625 0.05704365 0.12070105937500002
0 0.0674579640625 0.43683326328125 0.049603175 0.13558201093750002
0 0.03013157265625 0.4369955 0.034474207812500005 0.096891534375
0 0.3883908046875 0.6497938710937501 0.06646825312499996 0.12301587343750002
0 0.33531541015625 0.61705642578125 0.06299603281250002 0.11838624218750002
0 0.26202634375 0.6016803453125 0.061755953125 0.109457671875
0 0.20151091953125003 0.58348940703125 0.06026785781249999 0.10879629531250004
0 0.15525581328125 0.56100418828125 0.0461309515625 0.10350529218749997
0 0.1030489953125 0.54050309609375 0.04737103124999999 0.09424603281249996
0 0.05332190703124999 0.5277700617187501 0.04166666718749999 0.0892857140625
0 0.021699265625000002 0.511404871875 0.026041665624999998 0.07771164062499994
0 0.43662928515625 0.77562134140625 0.0756448421875 0.12863756718750005
0 0.35341987578125 0.738583553125 0.07688492031250002 0.11673280312500003
0 0.283231990625 0.71213088203125 0.0625 0.11474867656249996
0 0.2232116890625 0.6868309078125 0.058531746875000026 0.11243386250000001
0 0.16753258515625 0.666166025 0.0488591265625 0.11276454999999999
0 0.11916911406250001 0.638052096875 0.053323412500000014 0.09755290937499997
0 0.0654745875 0.6200311640624999 0.049603175000000006 0.09854497499999999
0 0.026287559375000002 0.5983735671874999 0.035218253125 0.10681216875000006
0 0.37970994765625 0.86275683359375 0.06994047656249998 0.11772486718749989
0 0.31646590078125003 0.81629744765625 0.0649801578125 0.1345899484375
0 0.25793422499999996 0.78537888671875 0.056051587500000014 0.1296296296875
0 0.20188271093750002 0.7600821203124999 0.05208333437499999 0.11739418124999998
0 0.14260737734375 0.73461529921875 0.052083332812500015 0.0982142859375
0 0.09424435859375 0.71064268515625 0.048115079687500006 0.09854497343749999
0 0.05195583203125 0.69162738359375 0.0438988109375 0.09226190468750009
0 0.4590749546874999 0.6802248679687499 0.07936507812500002 0.14153439218750002
0 0.0835789234375 0.9371693117187501 0.044146825000000015 0.09193121718750011
0 0.12971048203125 0.9546957671874999 0.0421626984375 0.06746031874999989
0 0.04848437343749999 0.9004629632812499 0.041418649999999994 0.09788359843750012
0 0.18067835 0.97271825390625 0.03199404687499998 0.03141534531249999
0 0.03161990078125 0.9515542328125001 0.0319940484375 0.06712962812499992