0 0.7881910546875 0.71934092109375 0.15931989374999994 0.1289252546875
0 0.8113231171875 0.60129326875 0.15935623437499996 0.125521134375
0 0.8258168539062499 0.49359145703124996 0.15560820468749997 0.12421867031250003
0 0.83809975234375 0.38818774375 0.15918163593749995 0.11493318124999999
0 0.85798243359375 0.28475411640625004 0.14875912968750002 0.12153355156250001
0 0.75222985859375 0.21591216171875 0.1484480515624999 0.10392115468750003
0 0.72839091484375 0.32625323828125 0.13598712968749993 0.10494072031249999
0 0.70923336953125 0.42964660546875005 0.15075943593750002 0.11156397343750002
0 0.6896693015625 0.52894000390625 0.15443478749999998 0.11277839843749993
0 0.67037726953125 0.6403033359375 0.14833992031249998 0.11323842187500004
0 0.64798648515625 0.76186249375 0.16028858906250001 0.12114174999999996
0 0.6475470921875 0.1575708359375 0.14220075312499994 0.09667896875
0 0.62085437109375 0.260026040625 0.14390947656249997 0.10296932187499999
0 0.59605959140625 0.360312659375 0.14333782968750003 0.11270809062500002
0 0.57737220546875 0.47106309609375 0.14042112656249994 0.10477868593749999
0 0.55498755 0.56676487734375 0.14487550625 0.11040427656250004
0 0.53069040546875 0.6837565695312501 0.14423562031249998 0.12027587031250002
0 0.5066692492187499 0.80118597734375 0.1538826421875 0.1297181828124999
0 0.5481340671874999 0.11376130546875 0.13213895624999994 0.09323368281250001
0 0.52751893046875 0.20187279375 0.1346072140625 0.09454762499999998
0 0.494603365625 0.31419846875 0.14568466562500007 0.11101799374999999
0 0.46971419999999997 0.39875788593749995 0.13132535937500006 0.11273618437499996
0 0.44549771015625 0.5058891812499999 0.13736793593750002 0.10617858125000001
0 0.42263547890625 0.6101808117187499 0.13738388593749998 0.11675297656249999
0 0.39162561796875 0.72383156875 0.14520431406249998 0.12198210312499995
0 0.3704267796875 0.8426624351562498 0.14734199062500003 0.12552586093749998
0 0.43651040859374995 0.05539088984375 0.1347233046875 0.0890100734375
0 0.42178230703124997 0.15161617578124997 0.1309460359375 0.09815543281249998
0 0.40651405859375 0.24909358906249998 0.12758265468750002 0.09326754999999998
0 0.37570794296875 0.34134876875 0.12886154218750004 0.10058685625
0 0.342334090625 0.44207353984375003 0.135847984375 0.10958269843750004
0 0.32135461093749995 0.5438528375 0.14024829999999996 0.10268746562500004
0 0.293288171875 0.64099584453125 0.135070728125 0.13276957656250002
0 0.2592495359375 0.7565991992187501 0.1393540625 0.11697648593750003
0 0.23336415625 0.86998494921875 0.143544328125 0.11950638281250008
0 0.32438022421875 0.09773601875 0.1298408609375 0.08718715
0 0.2984480078125 0.18827443125 0.130551653125 0.0927247
0 0.26904822890625 0.2791202484375 0.13370942343749997 0.09575579062499999
0 0.24101135937499998 0.36993810000000005 0.136693484375 0.09982258125000003
0 0.21546257343750003 0.47885096015625006 0.13503882500000003 0.10025917031249998
0 0.18906396796875 0.57613761015625 0.1333301015625 0.10700642031249999
0 0.1497969234375 0.68421549609375 0.14112925312500002 0.11361145156249997
0 0.11813755156249998 0.8062292195312499 0.135639709375 0.11567923593750003
0 0.20557281874999997 0.12799024609375 0.12375132187499997 0.08909553906249999
0 0.17658177109375 0.228964871875 0.12804883281249996 0.09076790625
0 0.15640617890625003 0.3171456828125 0.1297034890625 0.09184268750000002
0 0.12759186250000001 0.4143690453125 0.125373190625 0.10198779375000004
0 0.08503841328125 0.51402144453125 0.1272201734375 0.1024785578125
0 0.0577281984375 0.6176647796875001 0.115456396875 0.11090025624999997
0 0.043721271875 0.723215653125 0.08744254375 0.11330720000000002