0 0.2576652078125 0.81656867890625 0.127094075 0.1578342421875
0 0.38428400234375004 0.810776459375 0.11868502031250001 0.16279758437499997
0 0.5072511695312499 0.8102816789062499 0.11399619531249998 0.16312847343749998
0 0.62294856015625 0.8041609523437498 0.12957853281250004 0.17272426718749995
0 0.7448152484374999 0.8000240320312499 0.1333528125 0.16908448281250008
0 0.19021022734374998 0.6767708906250001 0.12919463281250002 0.15485624062500003
0 0.32612696171875 0.67660705078125 0.11653935468749999 0.14923111718749996
0 0.44698336640624997 0.673962240625 0.11172416093749997 0.15783424375
0 0.562667846875 0.66204400546875 0.11501024062500002 0.1591578015625
0 0.68465059375 0.66303822734375 0.11803646249999993 0.16246669531249996
0 0.8135538875 0.6628735359375 0.11707680624999997 0.164121140625
0 0.87399344765625 0.5217477031250001 0.12094411718749995 0.15584890937500004
0 0.75004781171875 0.52555679140625 0.12135338593750004 0.14823845156249993
0 0.62163387734375 0.5270457945312501 0.11951649218749996 0.1525400140625
0 0.50367170078125 0.54293079140625 0.10954101718749998 0.1406279953125001
0 0.38908226796875 0.53217297421875 0.11688245781249998 0.15419446093750003
0 0.2631883734375 0.54176876640625 0.11964368437499999 0.15485623906249996
0 0.13509684296875 0.55881267890625 0.11689837343750002 0.15121645781249998
0 0.09333447734375 0.43241137421875 0.11994051406250002 0.1426133296875
0 0.21126271796875 0.42860850390625 0.11326090468749998 0.14559133593749998
0 0.3320040125 0.417024265625 0.10872364375000002 0.14294422187499997
0 0.44810796718749996 0.40908352109374996 0.11121025624999996 0.13698821093749997
0 0.5649392453125 0.41073972421875 0.11190591250000007 0.14162066406249996
0 0.6821829976562499 0.40792791640625004 0.11194222968750003 0.1439368890625
0 0.79988752578125 0.39634829140625005 0.1181187140625 0.15518712968749998
0 0.9175253140624999 0.39899154609375 0.121082915625 0.15386357031250003
0 0.05690841640625001 0.2939350140625 0.09760709843750001 0.14228244374999996
0 0.1747141625 0.304196546875 0.113573990625 0.13434109687499998
0 0.28041178203125 0.30684055390625 0.10934351718749999 0.1356646546875
0 0.39566673281250003 0.29128805078125 0.10764856875000003 0.14029710468749998
0 0.507840865625 0.28764876796875 0.11145817187500003 0.1363264328125
0 0.61989565625 0.28797900546875 0.10902279999999998 0.13764998906249998
0 0.73286332578125 0.28632766796875 0.1117594828125 0.1363264328125
0 0.84685912421875 0.27193001640625003 0.11475685156250001 0.1452604484375
0 0.9530963195312501 0.27921349375000004 0.09380736093749995 0.13996621562500003
0 0.9142168914062501 0.1365979578125 0.10729701093749995 0.12739241875
0 0.79268588671875 0.14901007109375 0.11171669843750003 0.1310322015625
0 0.6771751765625 0.15380495859375 0.11112153750000005 0.14327511093749998
0 0.56691789375 0.16373153984375 0.10963404687500003 0.13665732031250002
0 0.45232005312499995 0.16373003515625 0.108080390625 0.13930443593750003
0 0.3402491125 0.169854496875 0.10913722187500001 0.132355759375
0 0.23070948984375 0.17465088984375 0.10865532343749999 0.12937775468749999
0 0.11707063046874999 0.1865644109375 0.10711542968750001 0.133348428125
0 0.17897737734375 0.060440681249999996 0.10494190156249998 0.12088136249999999
0 0.29506071328125 0.06661861015625001 0.1113994703125 0.1277233078125
0 0.40218284375 0.062758084375 0.10250652812500002 0.12551616875
0 0.5113817304687499 0.059117875 0.1033998515625 0.11823575
0 0.6255178476562501 0.051673289843750005 0.10891816093749992 0.10334657968750001
0 0.7303693499999999 0.049355134375 0.11013203124999996 0.09871026875
0 0.842816409375 0.04621125859375 0.10752784687500005 0.0924225171875