0 0.12379802109374997 0.6269332789062501 0.1597056796875 0.13057455781250002
0 0.15844601015624998 0.5109069109375 0.16248707968749998 0.12844100625000002
0 0.20118633828125 0.39278991015625003 0.16216919531250001 0.11947420781250004
0 0.232306890625 0.2703182234375 0.166486575 0.124089203125
0 0.26448206874999997 0.15272066171875 0.163022115625 0.1311981609375
0 0.2394621359375 0.7332411859375 0.1572664125 0.14316542187500003
0 0.2822544484375 0.5937886921875 0.14895842187499997 0.12286576875000002
0 0.3185544921875 0.47975079296875 0.156231671875 0.1211833890625
0 0.3479182828125 0.3691354421875 0.1556524125 0.12051440624999996
0 0.37793772890625 0.2474955390625 0.1583972765625 0.12489689999999998
0 0.41262160703125 0.120928403125 0.15859445781249998 0.1246013
0 0.548151015625 0.10182062968750001 0.14958343750000003 0.12971370625
0 0.5219003351562501 0.22174175859375 0.1432607671875 0.12725992343749998
0 0.48928957421875 0.34251919296875 0.14988902968750004 0.12610347343750003
0 0.45500844140624996 0.45156775078125 0.14052666093749994 0.11991457656250004
0 0.43280108515624993 0.5654750117187499 0.15322697343750002 0.1191639171875
0 0.3908660609375 0.68676593515625 0.15643500000000002 0.12363888906250002
0 0.346241159375 0.8099110335937499 0.15298710937499999 0.12492542031250009
0 0.45635513281249995 0.8767993539062499 0.145395975 0.13805907031249998
0 0.49099311640625 0.765360434375 0.14499392968749997 0.11422783125000002
0 0.5211998921875001 0.64414682109375 0.14352981874999998 0.1146258515625
0 0.5708619546875 0.5332293539062499 0.13394107812500006 0.11767946406250003
0 0.59054615390625 0.4254711125 0.1385336578125 0.11861335625000002
0 0.623073425 0.31012908671875 0.13866204062500004 0.1179257953125
0 0.6698539015625 0.1926130125 0.14641041562500004 0.12373050625000001
0 0.69977691328125 0.08446303515625 0.1452718703125 0.1342725203125
0 0.57595627890625 0.933132746875 0.14281296406249994 0.07471344687499996
0 0.59915469140625 0.83307818671875 0.13746084218750002 0.11469975156250004
0 0.62343964609375 0.7242643921875 0.13873852343749996 0.10623339062499992
0 0.6620726421875001 0.6138596375 0.13956532812500005 0.11717816562500002
0 0.6982115734375001 0.50477295078125 0.133743896875 0.11673088281249999
0 0.72620651484375 0.39796270156249997 0.13757078906249998 0.11791499374999996
0 0.7559217640625 0.28314580624999997 0.13118239062499998 0.12093014062499999
0 0.79698331640625 0.1767390375 0.1372390796874999 0.1226194375
0 0.8230933171875 0.075401253125 0.13359707812500005 0.118492359375
0 0.93975577265625 0.1425423078125 0.12048845468750002 0.113299996875
0 0.8971608890624999 0.25714338671875 0.12824342187499999 0.11857186093749998
0 0.85926833828125 0.37027146171875 0.13883771718750007 0.11894136093749999
0 0.8263941742187499 0.4774404421874999 0.13240663281249992 0.11919849687499999
0 0.79536288125 0.58276669375 0.13681893125000003 0.11051820937499998
0 0.7594092867187501 0.69718938984375 0.13137650156249991 0.10946029218749995
0 0.731493503125 0.79760050078125 0.13038016562500002 0.10864956718749993
0 0.6981784765625 0.9100199554687499 0.13399758750000004 0.10224266406249996
0 0.8271611828125 0.8803717671874999 0.12929045312500004 0.10601860624999997
0 0.85656208671875 0.7636503890624999 0.12721636093749994 0.10518713124999994
0 0.8835523937499999 0.66149561484375 0.12652101249999995 0.10524634531250002
0 0.91754678046875 0.55698813671875 0.12190538906249984 0.10847627343750003
0 0.9515237226562501 0.4482818375 0.09695255468749994 0.10807825937499996
0 0.9631481453124999 0.3415454984375 0.07370370937500006 0.11615265625000001
0 0.9825471218749999 0.22870854921875 0.03490575625000005 0.10399179843749999