0 0.68363079609375 0.22584493828125002 0.06913778593750006 0.13580757656250003
0 0.75948997890625 0.22534342421874998 0.07830716406250007 0.1288986328125
0 0.82094813828125 0.22686558359375 0.05653833281249989 0.12308214218750002
0 0.87633674453125 0.22196992656249998 0.05012383281249999 0.11110075
0 0.9226317585937501 0.22742132656250003 0.053709810937500005 0.10698232187500001
0 0.65265339921875 0.33650276328124995 0.07305905468749999 0.1262280734375
0 0.7150807125 0.33245958671875 0.070579121875 0.12042537656250003
0 0.7754870773437499 0.3307654984375 0.06940101718749991 0.12183279374999997
0 0.8433635539062501 0.32341674453125 0.05268994843750008 0.1125439421875
0 0.89181779921875 0.31892996484375 0.05416414531249991 0.1118298296875
0 0.9381758687499999 0.31414340390625 0.05364401875000002 0.10113005468750003
0 0.59919456875 0.45005606093750006 0.0839587625 0.132354859375
0 0.674844715625 0.4386125890625 0.06928817499999998 0.12395081562500003
0 0.7551725843750001 0.4275496125 0.06794873125 0.11911944375000001
0 0.79688789140625 0.41650014609374997 0.03511092968749994 0.0999372921875
0 0.8622581015625 0.41350494375 0.05923995624999989 0.10766533437499999
0 0.9180587921874999 0.40686885781250004 0.048044156249999935 0.10004228125
0 0.9636236546875001 0.398202296875 0.037988840625000006 0.09370084062499995
0 0.5440321078125001 0.55999537578125 0.074772921875 0.11288650156249994
0 0.62793794609375 0.5478645890625 0.07218172968749999 0.12569049999999998
0 0.6996124796875 0.53954469140625 0.06512337500000002 0.12079342343750002
0 0.7642253632812499 0.5262675796874999 0.05940446718749994 0.11046169687500003
0 0.81436521171875 0.50897315703125 0.050849185937499985 0.10530155781250006
0 0.8663780140625 0.49229787734374997 0.06080736249999994 0.11862582968750006
0 0.9287656375000001 0.4760206968749999 0.05149304062500004 0.13437256875
0 0.9669383453125 0.47888188749999994 0.03878391249999993 0.09577045937499999
0 0.59662998046875 0.6657928921874999 0.06844067656250008 0.121800525
0 0.652172278125 0.6370240554687501 0.06327792499999996 0.1176301859375
0 0.7256679359375 0.6273759226562501 0.06520797500000004 0.10962178281249998
0 0.78522836796875 0.6132662484375 0.060783045312499964 0.10825365000000006
0 0.8348380109375 0.59405946953125 0.04552970937499996 0.10319967343749994
0 0.8840554242187502 0.5719617640625 0.05116877031250002 0.09319904687500005
0 0.935291540625 0.5640993515625 0.04568719062500008 0.08830313750000007
0 0.9698758703125 0.55386535703125 0.030346915624999936 0.07666897968750001
0 0.53965781640625 0.78877153515625 0.0784975765625 0.1265084359375
0 0.6252001671875 0.7576346093749999 0.07842000312500001 0.11559751249999994
0 0.6964905203124999 0.73593841953125 0.06517586875 0.11350030156250002
0 0.75860659296875 0.71446839296875 0.06185464218750001 0.11205594218750008
0 0.81338648359375 0.69773527734375 0.04922770156249996 0.1123685703125
0 0.8651019382812499 0.673190684375 0.057109370312500116 0.09689517812500004
0 0.91418885703125 0.66213414140625 0.05133169843750007 0.09738551718749999
0 0.95909365390625 0.640522965625 0.04017350781250002 0.10565113437500004
0 0.5907827585937501 0.87922115390625 0.07145796093749998 0.11565643593750004
0 0.66041291640625 0.84044974375 0.06734641406250005 0.13343468125000008
0 0.7181620171875001 0.8107234953125001 0.06030996875000003 0.12846839062500007
0 0.7701969265625 0.78909235546875 0.05672399062500002 0.11572448281249992
0 0.8323404648437499 0.76938229375 0.056019789062500006 0.09738434687500011
0 0.8815973265625001 0.7506785812500001 0.05128940000000011 0.09761045937500006
0 0.92877686015625 0.73144476953125 0.046476751562500064 0.0917385484375
0 0.52369301640625 0.69184763046875 0.08137149531249994 0.13968492656249998
0 0.87876508671875 0.9643479398437499 0.046084623437500125 0.0713041203125
0 0.8317720523437501 0.97996500859375 0.041992207812499946 0.04006998281249992
0 0.9161178460937499 0.9428166148437501 0.04399447343749987 0.0976081234375
0 0.9309991984374999 0.9794924429687499 0.0328412375000001 0.041015114062500045