0 0.18399460781250002 0.2587653 0.158182928125 0.13223969687499998
0 0.1512489984375 0.37835877500000004 0.15907116250000003 0.129193840625
0 0.1247890890625 0.48481418984375 0.15404994375 0.1295982609375
0 0.09839256796875 0.5874820359375 0.15807809218750002 0.12058975624999997
0 0.07294748515625 0.69424661875 0.1458949703125 0.124509184375
0 0.17555364453125 0.77531892421875 0.1480770484375 0.10761650468749995
0 0.2095335171875 0.6619924335937499 0.13720032499999998 0.10758887968749997
0 0.24181175703125 0.56256331328125 0.1497380453125 0.11788142343750004
0 0.27288642578125 0.45924134531250005 0.1529827984375 0.11617743437500003
0 0.30144628046875 0.34503378203125 0.1465548140625 0.11778301406249998
0 0.32683373125 0.23061998671875 0.16016341562500003 0.12478454218750001
0 0.2707100171875 0.844526590625 0.1423376875 0.09788980625000007
0 0.30976179765625 0.74272018046875 0.1438505328125 0.10413386718749998
0 0.348425396875 0.64467255703125 0.1423044375 0.11473413906249999
0 0.36978105234375 0.5300119976562501 0.14014628281250002 0.10944350468749997
0 0.40442961015625 0.43277868046875 0.1445824703125 0.11367756406249993
0 0.440063584375 0.3201704109375 0.14360320000000004 0.123372753125
0 0.47629327734375 0.2052059984375 0.1527241546875 0.13361694999999998
0 0.37485306171875 0.9014942296874999 0.13229083906250003 0.0972031187499999
0 0.40214201953124995 0.8127306367187501 0.1348915265625 0.09693552031249997
0 0.44580035156250003 0.70178222109375 0.144438728125 0.11368835156249997
0 0.48299655703125 0.6198636265624999 0.13133667343750002 0.11815290312500001
0 0.51589230859375 0.515304478125 0.13721728593749996 0.10901145625000001
0 0.5457271953125 0.407732471875 0.1367646875 0.12101963750000003
0 0.5855763640625 0.29982451015625 0.14532130937499996 0.12395412656250002
0 0.62067677890625 0.17874800078125 0.15138830468749997 0.12652089843750003
0 0.47756436953125 0.9603281718750001 0.1330604390625 0.07934365625000002
0 0.5005257664062499 0.87523692734375 0.1308018546875 0.10255202968750013
0 0.52996846953125 0.7783118609375 0.12782954531250007 0.096857834375
0 0.57144712109375 0.6889200953125 0.12989666093750002 0.10443211249999998
0 0.6090848890625 0.5939251999999999 0.13596432812500003 0.11072320937500005
0 0.6448227359375001 0.48706224296875 0.13992281250000005 0.10609163906249997
0 0.6846474289062501 0.38985175234375 0.1345061078125 0.13885278281250005
0 0.7249153343750001 0.2745675140625 0.13980542187500006 0.1196009375
0 0.7572670328125 0.16656476250000002 0.14222346250000006 0.121992471875
0 0.5948299171875 0.9378421625 0.13052941562499995 0.09022705000000002
0 0.6253266570312499 0.8508791570312499 0.13096946093749998 0.09631573593749998
0 0.6614010140625 0.7652556125000001 0.133792375 0.09661872187500009
0 0.6974887578125 0.66744526640625 0.13591976875 0.1008165328125
0 0.74062110625 0.566559690625 0.1353190187499999 0.10213379687500002
0 0.779442584375 0.46874772734375 0.13359400937500004 0.11027563593749994
0 0.8222016468750001 0.36634869375 0.14097299375000008 0.11627281874999995
0 0.8824973835937501 0.2482325875 0.13606475781250005 0.118079953125
0 0.7200722890625 0.9260925820312501 0.12412529374999996 0.08608403906249987
0 0.7508814171875 0.82649559375 0.12837567187499993 0.09181881875000002
0 0.783282975 0.74300756015625 0.1289764218750001 0.0924916921875
0 0.82435006953125 0.6440108906249999 0.12550254218750007 0.10064905937499997
0 0.87582349453125 0.5449328078125 0.12745102343750006 0.10256755625
0 0.91567077265625 0.44555362656249997 0.12642683906249985 0.11239957187500002
0 0.93782210625 0.33991614375 0.0973527687499999 0.11465342500000002