0 0.23383236171875002 0.83775843515625 0.1280048140625 0.1583040234375
0 0.35343740859375 0.8357395179687501 0.11830947343749995 0.1631834953124999
0 0.4738520484375 0.8321650101562501 0.11462038124999996 0.16349397031250001
0 0.58318993828125 0.8388247875000001 0.13029380468750001 0.17307381250000003
0 0.7011572812500001 0.8353332054687499 0.13399256875 0.1701335515624999
0 0.1727830296875 0.70031362265625 0.12847559687500001 0.15436777656250006
0 0.30079643906250003 0.70179779609375 0.11659440937499999 0.14981730468750004
0 0.4225815781250001 0.7055816171875 0.11142145 0.15839497812499995
0 0.53334804453125 0.7062541296875 0.11534590468750006 0.15973064062499995
0 0.6478295468749999 0.7014257625 0.11809597812499995 0.16336820625
0 0.7675410984375 0.70962791171875 0.11685084999999998 0.16467804531249994
0 0.82740641171875 0.5816317984375 0.12097784843749997 0.15711826250000005
0 0.7144436703125 0.5753391750000001 0.12135260937499996 0.149199159375
0 0.591151459375 0.5680716312499999 0.11967292187499998 0.15284121874999998
0 0.4777237171875 0.57818550859375 0.10937752500000002 0.14091905156249993
0 0.36507773515625 0.57095032578125 0.11737297968750005 0.1539691546875
0 0.24415077734375 0.57015793046875 0.1202034765625 0.15391301093749998
0 0.12196075234374999 0.584790528125 0.1167994765625 0.15073020937499998
0 0.0802775515625 0.4594154796875 0.11897605 0.14201105625000002
0 0.19550713515625 0.4559647578125 0.11339167656250002 0.145340953125
0 0.31676553671874996 0.45868721875 0.1089219171875 0.14265053125
0 0.4264600484375 0.4526548249999999 0.111313228125 0.13768291562499996
0 0.5345936250000001 0.45597292187500005 0.11198990312500001 0.14208010937499999
0 0.647913175 0.45635687109375 0.11194148124999996 0.14447577031249997
0 0.7638124429687501 0.44835681015624995 0.11801260781250011 0.15613349843749996
0 0.8745462875000001 0.458137728125 0.12047719375000003 0.15502296875
0 0.15856026406249998 0.328629709375 0.11363169375 0.133729259375
0 0.26783915078125 0.341667253125 0.10998892656250003 0.13513735312500003
0 0.37220601562499994 0.3341069515625 0.10751509374999997 0.140353121875
0 0.48874239453125 0.3334855640625 0.11156124531250003 0.13645841562500002
0 0.5907434242187499 0.3433657 0.1090671859375 0.13808153749999996
0 0.7007944078125 0.3356038609375 0.11168546562500001 0.13720344375
0 0.8080291132812502 0.330824378125 0.11444058906250003 0.14633413437500004
0 0.8705624335937501 0.209886690625 0.10722117968749992 0.128446671875
0 0.7649041421874999 0.21148965390625002 0.11142692499999995 0.13168000468750002
0 0.6495024828125 0.2114105875 0.11108963750000003 0.143349525
0 0.54210340078125 0.21721307109375002 0.10960154218749993 0.1370894734375
0 0.43015377109374997 0.2152098578125 0.1085172546875 0.13959349375
0 0.3241955234375 0.21317979453125 0.10950131874999998 0.1323992078125
0 0.21834229921874998 0.21501335859375 0.1092234046875 0.1293595765625
0 0.10975001093749999 0.21575434140625 0.10746329375 0.1326204203125
0 0.16884663671875 0.09809911640624999 0.10531199843749998 0.12619137343750003
0 0.28313740234375 0.1055067359375 0.11187620781249996 0.127312009375
0 0.38137146328125004 0.10937107421875 0.1026945703125 0.1256265640625
0 0.4853698812499999 0.110021753125 0.10399612187500003 0.124243178125
0 0.9182643515625 0.34037025625000006 0.10914888437500014 0.13228074375000004
0 0.046884028125 0.3230466828125 0.09376805625 0.14575248749999997
0 0.5990487796874999 0.09768927421875 0.10690536562499994 0.12750682656249998
0 0.7035581796875 0.10858243984375 0.10462522500000002 0.1278706390625
0 0.8115456078125 0.10085184609375 0.10827261562499997 0.1208610640625