0 0.8913718609375 0.2994503796875 0.16343739374999994 0.12669147500000003
0 0.8853997539062501 0.41351137656250003 0.16018509218750002 0.13150609062499993
0 0.8783924867187499 0.5335628578125 0.15784805156249995 0.11630630625
0 0.8692509648437501 0.64566040859375 0.1593069640625 0.10801502031250002
0 0.8673605671875 0.7407431492187501 0.14662426250000005 0.12403324531250001
0 0.73819089765625 0.7943648445312499 0.1453525609375001 0.10605882031249995
0 0.73976635859375 0.68478458359375 0.13774947343750005 0.10360259531249998
0 0.7408318953125 0.5812239546875 0.150356746875 0.11463409375000007
0 0.74275614921875 0.476132659375 0.15562716718749997 0.11201572187500002
0 0.7454120460937499 0.35785891562500005 0.15159491406249997 0.11049524375000001
0 0.75615002109375 0.22942910546875 0.16040263281250003 0.12830887343749997
0 0.63181907265625 0.8355767851562501 0.13979354531250002 0.10102000468750001
0 0.6207495710937501 0.73250161875 0.14023222343750003 0.10425979375000001
0 0.61968411796875 0.62266379921875 0.14266704843749994 0.11777922031250006
0 0.62534466640625 0.51648766640625 0.13974484843750004 0.10551757343750001
0 0.61695146875 0.41208798984375 0.14554415 0.1108064046875
0 0.6190804 0.29600671171875004 0.14422413750000002 0.11765874531249998
0 0.6218153921875 0.1741860890625 0.15685415625000002 0.1270610625
0 0.5117745109375 0.8673132570312501 0.12940278437499994 0.09272871718750011
0 0.514458159375 0.7705245749999999 0.13287660937499995 0.09535705625000004
0 0.5022745945312501 0.662403871875 0.1439758796875 0.10745474687500005
0 0.5007139703125001 0.5605018726562501 0.13044576875000002 0.11085804218749998
0 0.4977132015625 0.4595104687499999 0.13732158749999995 0.10923791562499999
0 0.49731742109375005 0.35271669296875 0.13626422031249996 0.11297094531249999
0 0.48802235234375 0.23546943046875 0.14620075156249995 0.1215181390625
0 0.4953767734375 0.108003221875 0.14915687812500006 0.1349370125
0 0.39547368984375 0.9011267851562501 0.1357648890625 0.09012936718750009
0 0.39548090546875 0.8022738078125 0.13053198593749998 0.09612748750000008
0 0.40365453125000006 0.7069738179687499 0.12739982812500003 0.0962035765625
0 0.39321291796875 0.6068931125 0.1286004734375 0.100157178125
0 0.38331737890625 0.5032903578125 0.13507115468749994 0.11180375000000006
0 0.38106692343750004 0.39967636015624997 0.139500965625 0.10420499218749998
0 0.37445921093749995 0.30126460859375 0.13719823749999996 0.12373884531249998
0 0.3676774359375 0.18534434296875002 0.141012953125 0.11585971718750002
0 0.36582830703125 0.06410860546875 0.1456906328125 0.1173185984375
0 0.28981622890625003 0.8438957203124999 0.1281873609375 0.09018416874999993
0 0.28360600625 0.7526144039062499 0.12760978750000002 0.09826982968749993
0 0.274591903125 0.6590805312500001 0.13146960000000002 0.10058972187499995
0 0.26471492734375 0.56635165625 0.13520966718750002 0.10262427187499998
0 0.26456124140625 0.44888684609374996 0.13291014531249998 0.10428062968749999
0 0.25249186328125 0.34700333203125 0.13172505156250003 0.10917269531250003
0 0.24350434453125 0.23637378984375 0.14047649218749997 0.11349136093750001
0 0.2372870203125 0.118717528125 0.13656039375 0.11373911249999999
0 0.17149675 0.792137153125 0.12176178437499999 0.09393803437500008
0 0.1726183734375 0.6956374343749999 0.1230630375 0.09928393125000001
0 0.16923840625 0.59620298046875 0.12724576250000003 0.09622033281249998
0 0.16242978515625 0.4977862484375001 0.1243466953125 0.10688858437500004
0 0.14266137734375 0.39362277265624995 0.12624827031250002 0.10657968906249997
0 0.12918523203125 0.2863172796875 0.1263384734375 0.108941703125
0 0.12293572500000001 0.17364949609375002 0.134827271875 0.11440672656250002