0 0.68828125 0.471875 0.0859375 0.125
0 0.509375 0.47109375 0.109375 0.134375
0 0.7140625 0.571875 0.08125 0.1109375
0 0.92109375 0.5703125 0.0671875 0.096875
0 0.7703125 0.47578125 0.08125 0.121875
0 0.78671875 0.584375 0.0734375 0.1046875
0 0.5453125 0.57578125 0.09375 0.1171875
0 0.83984375 0.5625 0.0515625 0.09375
0 0.9125 0.4796875 0.065625 0.1109375
0 0.840625 0.48515625 0.078125 0.1140625
0 0.61015625 0.47421875 0.0984375 0.13125
0 0.63125 0.58359375 0.0890625 0.1109375
0 0.015625 0.753125 0.03125 0.096875
0 0.3953125 0.47109375 0.1171875 0.140625
0 0.43984375 0.578125 0.1078125 0.1171875
0 0.26875 0.465625 0.1296875 0.146875
0 0.12109375 0.478125 0.1484375 0.1609375
0 0.05078125 0.609375 0.1015625 0.153125
0 0.1921875 0.59609375 0.1375 0.1546875
0 0.325 0.59296875 0.1171875 0.1375
0 0.0125 0.48984375 0.025 0.125
0 0.12265625 0.7265625 0.14375 0.1359375
0 0.253125 0.6890625 0.125 0.1328125
0 0.36953125 0.68046875 0.1109375 0.125
0 0.48046875 0.6765625 0.0859375 0.1046875
0 0.56796875 0.67265625 0.0875 0.10625
0 0.6578125 0.66875 0.0796875 0.1015625
0 0.71015625 0.63828125 0.0703125 0.1015625
0 0.79609375 0.6625 0.0625 0.10625
0 0.8515625 0.6453125 0.0625 0.1
0 0.9046875 0.64453125 0.065625 0.09375
0 0.96796875 0.634375 0.0640625 0.078125
0 0.06328125 0.86875 0.1203125 0.1296875
0 0.0328125 0.9515625 0.065625 0.0859375
0 0.13828125 0.90390625 0.103125 0.1109375
0 0.196875 0.81640625 0.125 0.1109375
0 0.24921875 0.896875 0.10625 0.1078125
0 0.31875 0.790625 0.109375 0.1140625
0 0.36328125 0.8890625 0.10625 0.10625
0 0.4140625 0.771875 0.0953125 0.1234375
0 0.45390625 0.8671875 0.090625 0.10625
0 0.503125 0.7625 0.0859375 0.0984375
0 0.534375 0.84765625 0.090625 0.10625
0 0.58515625 0.74375 0.08125 0.09375
0 0.6078125 0.82265625 0.08125 0.096875
0 0.66328125 0.73046875 0.078125 0.084375
0 0.67734375 0.803125 0.0671875 0.096875
0 0.73046875 0.7234375 0.0734375 0.096875
0 0.79296875 0.7171875 0.0703125 0.0828125
0 0.85078125 0.70703125 0.053125 0.06875
0 0.90546875 0.69453125 0.053125 0.075
0 0.9609375 0.69453125 0.065625 0.0625
0 0.9671875 0.7578125 0.0453125 0.08125
0 0.90859375 0.76875 0.0515625 0.0734375
0 0.86171875 0.778125 0.05625 0.078125
0 0.7984375 0.78203125 0.059375 0.078125
0 0.740625 0.80234375 0.06875 0.1046875
0 0.96953125 0.475 0.0609375 0.10625
0 0.97421875 0.5625 0.0484375 0.084375