0 0.7556406250000001 0.6674218749999999 0.13171875 0.066484375
0 0.745203125 0.74546875 0.13015625 0.06275
0 0.74471875 0.803703125 0.1300625 0.058374999999999996
0 0.742953125 0.9055312499999999 0.109484375 0.05021875
0 0.7467343750000001 0.8656874999999999 0.101828125 0.053531249999999996
0 0.65109375 0.635359375 0.12476562499999999 0.0705
0 0.647328125 0.7012031249999999 0.12009375 0.06754687499999999
0 0.6487812500000001 0.7637968749999999 0.122046875 0.06782812499999999
0 0.65128125 0.8286562500000001 0.123171875 0.053953125000000005
0 0.6448750000000001 0.875578125 0.13365625 0.046921875
0 0.647578125 0.9280625 0.10034375 0.046578125
0 0.5425 0.58890625 0.128296875 0.074671875
0 0.5414375 0.661359375 0.11895312499999999 0.06576562500000001
0 0.548546875 0.740046875 0.1161875 0.067125
0 0.55096875 0.781453125 0.11629687500000001 0.035921875
0 0.551578125 0.8483750000000001 0.10490625 0.054843750000000004
0 0.555046875 0.90428125 0.095203125 0.048484375
0 0.56690625 0.9480625 0.09903125 0.041249999999999995
0 0.423671875 0.5388124999999999 0.13468750000000002 0.0804375
0 0.438453125 0.6138281250000001 0.125203125 0.07668749999999999
0 0.4463125 0.688984375 0.1255625 0.07628125
0 0.4490625 0.7478125 0.11284374999999999 0.06351562499999999
0 0.46290624999999996 0.8068593749999999 0.11379687499999999 0.056109374999999996
0 0.47878125000000005 0.85503125 0.12546875 0.0540625
0 0.48159375000000004 0.918921875 0.112546875 0.048812499999999995
0 0.491015625 0.9565312499999999 0.0905625 0.03525
0 0.29203125 0.51471875 0.128953125 0.07714062499999999
0 0.32014062499999996 0.584859375 0.1230625 0.07053125
0 0.3488125 0.640546875 0.1375 0.062375
0 0.35190625 0.711609375 0.1111875 0.079203125
0 0.36459375 0.772765625 0.11121875 0.060281249999999995
0 0.37796875 0.8227968750000001 0.122390625 0.046359375
0 0.3914375 0.873609375 0.10093749999999999 0.05721875
0 0.395109375 0.9268906250000001 0.094984375 0.04975
0 0.19809375 0.528859375 0.1268125 0.075765625
0 0.21925 0.617 0.11682812499999999 0.07271875
0 0.235015625 0.681625 0.11937500000000001 0.062078125
0 0.263890625 0.746796875 0.113671875 0.064171875
0 0.27999999999999997 0.8002343749999999 0.112421875 0.056015625
0 0.29190625 0.8514062499999999 0.100765625 0.053921874999999994
0 0.303609375 0.9049531249999999 0.09996875 0.0471875
0 0.10234375 0.583171875 0.119109375 0.070140625
0 0.139859375 0.6505468750000001 0.124796875 0.0705625
0 0.172984375 0.7077656250000001 0.136109375 0.066078125
0 0.193359375 0.766140625 0.124875 0.0625
0 0.201859375 0.8275937499999999 0.10271875 0.05632812499999999
0 0.222890625 0.8783125 0.10659375 0.059687500000000004
0 0.236828125 0.923078125 0.094328125 0.047515625
0 0.009390625 0.832796875 0.01878125 0.031328125
0 0.02059375 0.8746875 0.0411875 0.0414375
0 0.03159375 0.9118906250000001 0.063171875 0.037796875
0 0.321515625 0.9493124999999999 0.10140625 0.039734375
0 0.41615624999999995 0.95978125 0.09829687499999999 0.030765625