0 0.252586978125 0.26968906875 0.130629175 0.072876803125
0 0.2677904125 0.1919799796875 0.12708890000000003 0.07196354062500002
0 0.28385816875 0.13729154999999998 0.12690090625 0.073352746875
0 0.30642106875 0.038322465625 0.108510884375 0.06111484375
0 0.29246518906249996 0.07523874375 0.099617675 0.06670255
0 0.34912498828125 0.32206282890625 0.12365431093749998 0.08319809843750003
0 0.36115653984374996 0.25557573359374997 0.11827986406249998 0.08156449218750002
0 0.37127297421875005 0.19861440546875 0.11865585156250003 0.07998234531250001
0 0.37403172187499995 0.13422824453125 0.11980071562499997 0.06473966718749999
0 0.38457152109375004 0.08559671953125 0.13002678281250005 0.060831870312499994
0 0.38452984296875 0.03680365859375 0.09904754843749997 0.056840660937499995
0 0.44738283203125 0.39457920703125005 0.12459120781250003 0.08803460156250002
0 0.45919813125 0.318653225 0.11610932187499996 0.079779103125
0 0.46797180000000005 0.24312383046874997 0.11200814062499997 0.07599222968750001
0 0.4667189109375 0.2015329328125 0.11270513124999999 0.05145216562500001
0 0.47048083281249997 0.12957833984375 0.10178207187500003 0.06369260156249999
0 0.47223524609375006 0.0768756578125 0.09251748281250008 0.060425390625000006
0 0.46890250234374997 0.0330866234375 0.09815641718750001 0.046385584375
0 0.5548680828125001 0.466396321875 0.13265748749999995 0.09327499374999997
0 0.5596493203125 0.39023733359375 0.12184592812500003 0.08075926718749997
0 0.55672737109375 0.3164078359375 0.12016748281250003 0.08936719687500001
0 0.5617407578125 0.25652015625 0.10790081250000005 0.07899447187500001
0 0.557414278125 0.19724921328125 0.11208155937500006 0.06854710781249998
0 0.5496626640625 0.14184785390625002 0.11952393749999998 0.0680994921875
0 0.55292410703125 0.081128246875 0.1076455421875 0.0607444
0 0.547091696875 0.043830375 0.08630534999999995 0.04846021874999999
0 0.67792860234375 0.51577125859375 0.12581717343749999 0.08680232656249993
0 0.66506241875 0.44445063906249993 0.11831948125 0.08208415624999992
0 0.644535134375 0.38708252421875 0.13192515624999998 0.07611829531249996
0 0.65408597109375 0.31308311171875003 0.10959308593749997 0.0929611328125
0 0.64837196796875 0.24948386484375 0.10824025468750005 0.0723674328125
0 0.6416327367187501 0.1953555515625 0.11929171718750001 0.06104025937500002
0 0.63386560078125 0.14537269609374998 0.09840092968750005 0.0690616234375
0 0.63278211875 0.08819555078124999 0.09072446562499996 0.06457758593749999
0 0.7738099695312501 0.52264119296875 0.12170369843750004 0.08585302656249993
0 0.7633977062499999 0.42931438125000004 0.11193010937499999 0.08374606562500002
0 0.7522177179687499 0.36119961796875 0.11628809531249998 0.0773325640625
0 0.741981078125 0.2935721453125 0.11098706875 0.0764938875
0 0.732752840625 0.23733727109374997 0.1093928 0.06945009843750002
0 0.72859923359375 0.18337845234375 0.09852933281250005 0.06611857343749998
0 0.7230395078124999 0.12914763984375002 0.095446146875 0.0589667234375
0 0.872198090625 0.48992960781249995 0.1153312281249999 0.08305146562500001
0 0.8463303109375001 0.4208202390625 0.12133385625000007 0.083061759375
0 0.8265026992187501 0.3590415734375 0.1304546765625 0.08036823125000003
0 0.8178835250000001 0.2990908609375 0.11778897187499995 0.07754610312499999
0 0.8132583976562501 0.23366979765625 0.09870657031249994 0.0706875203125
0 0.8023639289062501 0.1757514484375 0.10221765156250004 0.07358170000000001
0 0.7941473851562499 0.126103025 0.09181588281249997 0.059169962500000006
0 0.9769749304687501 0.17815617421875002 0.041149979687500074 0.041246957812500006
0 0.7147994093750001 0.07919886015625 0.09684781249999999 0.0568031828125
0 0.62614211484375 0.0513830859375 0.07622612343749999 0.0458413