0 0.2765625 0.1734375 0.1375 0.175
0 0.3921875 0.1578125 0.1296875 0.1734375
0 0.503125 0.14296875 0.125 0.16875
0 0.61171875 0.12734375 0.121875 0.165625
0 0.7109375 0.1140625 0.115625 0.159375
0 0.2328125 0.3140625 0.140625 0.1734375
0 0.353125 0.29921875 0.13125 0.1671875
0 0.46640625 0.28203125 0.125 0.1609375
0 0.5703125 0.2640625 0.1203125 0.1609375
0 0.67109375 0.24765625 0.1171875 0.1546875
0 0.78125 0.225 0.1140625 0.1546875
0 0.84453125 0.3296875 0.109375 0.1484375
0 0.7421875 0.35703125 0.115625 0.1515625
0 0.63984375 0.37890625 0.121875 0.15625
0 0.52890625 0.3953125 0.115625 0.153125
0 0.4296875 0.41953125 0.125 0.1609375
0 0.1921875 0.45546875 0.140625 0.1703125
0 0.31328125 0.43671875 0.1328125 0.1640625
0 0.1546875 0.5921875 0.1359375 0.1625
0 0.27421875 0.57421875 0.13125 0.1609375
0 0.38671875 0.54453125 0.121875 0.1546875
0 0.49375 0.52421875 0.1203125 0.15
0 0.59765625 0.5046875 0.115625 0.1484375
0 0.12578125 0.7296875 0.1328125 0.1578125
0 0.240625 0.70546875 0.1328125 0.15625
0 0.35 0.67421875 0.1265625 0.153125
0 0.1984375 0.853125 0.1328125 0.15625
0 0.315625 0.81875 0.128125 0.1546875
0 0.28046875 0.93828125 0.1265625 0.1234375
0 0.38828125 0.91484375 0.1203125 0.146875
0 0.42265625 0.78671875 0.1203125 0.1515625
0 0.4578125 0.65078125 0.1171875 0.1484375
0 0.525 0.75859375 0.115625 0.1453125
0 0.490625 0.8890625 0.1140625 0.140625
0 0.5609375 0.6328125 0.115625 0.146875
0 0.63046875 0.734375 0.115625 0.14375
0 0.590625 0.85078125 0.1109375 0.140625
0 0.6625 0.60703125 0.1125 0.14375
0 0.72578125 0.709375 0.10625 0.1375
0 0.6859375 0.825 0.109375 0.1359375
0 0.77890625 0.803125 0.1046875 0.134375
0 0.696875 0.48046875 0.1140625 0.146875
0 0.75390625 0.5765625 0.10625 0.140625
0 0.8171875 0.684375 0.1046875 0.1359375
0 0.79921875 0.4578125 0.1078125 0.1453125
0 0.88984375 0.434375 0.1078125 0.1453125
0 0.85078125 0.56484375 0.10625 0.1390625
0 0.9484375 0.54765625 0.1015625 0.1375
0 0.90703125 0.66171875 0.1015625 0.134375
0 0.87734375 0.78359375 0.1046875 0.134375