0 0.746875 0.16328125 0.1984375 0.1625
0 0.7828125 0.28125 0.196875 0.159375
0 0.81953125 0.39921875 0.2 0.1625
0 0.85859375 0.5171875 0.1984375 0.1625
0 0.8984375 0.6328125 0.1953125 0.1609375
0 0.5984375 0.1453125 0.1984375 0.1609375
0 0.62890625 0.2640625 0.190625 0.15625
0 0.66796875 0.38125 0.190625 0.1546875
0 0.70390625 0.49375 0.1875 0.15625
0 0.74140625 0.60859375 0.190625 0.1546875
0 0.7859375 0.73359375 0.1890625 0.159375
0 0.45078125 0.12421875 0.18125 0.1515625
0 0.3125 0.115625 0.1734375 0.14375
0 0.1828125 0.1203125 0.1609375 0.1328125
0 0.03046875 0.29140625 0.0515625 0.1328125
0 0.075 0.196875 0.146875 0.1375
0 0.21015625 0.2171875 0.1671875 0.14375
0 0.33828125 0.2296875 0.1734375 0.1484375
0 0.48046875 0.24609375 0.1828125 0.15
0 0.0515625 0.396875 0.0921875 0.134375
0 0.1046875 0.309375 0.1640625 0.140625
0 0.25078125 0.32890625 0.1671875 0.1421875
0 0.06796875 0.5015625 0.1203125 0.128125
0 0.14296875 0.41796875 0.1640625 0.140625
0 0.28515625 0.4375 0.165625 0.1390625
0 0.384375 0.34453125 0.171875 0.1453125
0 0.51796875 0.3640625 0.18125 0.1546875
0 0.31484375 0.54296875 0.171875 0.14375
0 0.18359375 0.52265625 0.1609375 0.1375
0 0.096875 0.60859375 0.1578125 0.1359375
0 0.21640625 0.63203125 0.1640625 0.1390625
0 0.12890625 0.71171875 0.153125 0.1375
0 0.1859375 0.92578125 0.1609375 0.1375
0 0.1625 0.81484375 0.1546875 0.134375
0 0.634375 0.7046875 0.184375 0.1515625
0 0.5625 0.47578125 0.1734375 0.146875
0 0.58984375 0.5890625 0.1859375 0.1578125
0 0.67890625 0.8265625 0.1796875 0.153125
0 0.25 0.7390625 0.165625 0.1390625
0 0.28515625 0.84375 0.1625 0.1453125
0 0.33125 0.9421875 0.15625 0.115625
0 0.45234375 0.95546875 0.1640625 0.0890625
0 0.415625 0.8671875 0.165625 0.146875
0 0.39375 0.7578125 0.1609375 0.1375
0 0.353125 0.653125 0.165625 0.1421875
0 0.41796875 0.4578125 0.1703125 0.1421875
0 0.490625 0.671875 0.171875 0.146875
0 0.52890625 0.79296875 0.171875 0.1484375
0 0.4484375 0.565625 0.171875 0.1453125
0 0.5734375 0.90390625 0.16875 0.1421875