0 0.14232989375 0.74671378046875 0.15817323437500003 0.1302168390624999
0 0.1445465609375 0.624210575 0.16310492812499996 0.11678079687500001
0 0.1389293703125 0.50160397578125 0.16342735312499998 0.11602724531249997
0 0.14151596875 0.38466847890625 0.17302466249999998 0.13224018593749998
0 0.1408703515625 0.25908733984375 0.16968173437500003 0.13536748281249997
0 0.28311661875 0.81211123984375 0.15478164687499998 0.12641255781250002
0 0.28388071953125 0.67310397109375 0.1496125421875 0.1164738671875
0 0.2883656734375 0.554933228125 0.15821224687500002 0.11132519374999994
0 0.28351275625000005 0.43402660312499997 0.159467259375 0.11588441249999995
0 0.2856902984375 0.31311500937500003 0.16299489375 0.11779502812500002
0 0.28510402265625 0.18267076953125 0.1645029796875 0.11648351093750002
0 0.42130465546874996 0.1187809578125 0.15652910781249996 0.12058785312500002
0 0.42239520781249995 0.24260178593749998 0.14877964374999997 0.12085759375
0 0.42431743593750004 0.36742758593749997 0.152802090625 0.11965625312499997
0 0.41434863515625003 0.48804108203125 0.14076144531249998 0.10949407031249994
0 0.42190591718750003 0.60684472890625 0.154232159375 0.11836775156249998
0 0.41847948984374994 0.7288515375 0.1545865953125 0.12149051875000003
0 0.40901210703124996 0.85673619765625 0.15113964218749998 0.11602863593750001
0 0.53090077890625 0.893953603125 0.14247925781250004 0.11572762499999989
0 0.5354339937500001 0.775029696875 0.145610784375 0.1135464625
0 0.5421666249999999 0.6548760031249999 0.14281034999999997 0.10983424062500005
0 0.5453855953125 0.534161959375 0.1374055125 0.11117015937500004
0 0.54578590390625 0.4219610484375 0.14194109843750002 0.11178715624999995
0 0.54659274375 0.30506778359375 0.1442934125 0.11181726093749997
0 0.55719637421875 0.17751659921875002 0.1557282234375 0.11721521718750001
0 0.5472723273437501 0.06429932109375 0.15449488281250004 0.1185261484375
0 0.674271478125 0.9270462648437501 0.14229987187499998 0.10003210156249995
0 0.6645496609375 0.8082268062499999 0.13402860312499998 0.11406607187500004
0 0.6571320187499999 0.6985334625 0.13555668437500001 0.11147825625000003
0 0.66558613359375 0.5894467296875 0.14044335781249995 0.10689091250000002
0 0.66987955390625 0.4667900203125 0.13643558593749994 0.11265716875000002
0 0.66364278203125 0.35713274609375 0.1379549984375 0.1099816046875
0 0.667228971875 0.24088283671875002 0.13682134999999995 0.11172754218750003
0 0.675670453125 0.1250507609375 0.14584750312500008 0.11378040625
0 0.6718128960937501 0.04081100390625 0.14050236093750001 0.0816220078125
0 0.8126887249999999 0.056644265625 0.12795557187499992 0.1065584125
0 0.80762402578125 0.17722238359375 0.13142419843750003 0.11039556718750002
0 0.80360761953125 0.29311492109375 0.14343184531250008 0.1106479953125
0 0.79690507578125 0.40862311484375 0.1369617265625 0.10992651718750004
0 0.7923440749999999 0.5246897710937499 0.13954977499999996 0.10938703593749999
0 0.79331946640625 0.63195406484375 0.13244082031249996 0.11014884218750005
0 0.78919536015625 0.7460145242187499 0.12948267031250005 0.11048389843749992
0 0.78454297109375 0.85541236171875 0.1331523546875001 0.10837792031250011
0 0.90431641328125 0.78985492890625 0.11238064843750006 0.10599452656249993
0 0.9029760539062501 0.669308890625 0.12548385156250016 0.11285194687499996
0 0.90485907890625 0.564992021875 0.1256152796875 0.103056896875
0 0.90935178125 0.45868944765624997 0.12407084062500004 0.10546782968750001
0 0.91587927421875 0.34274398515625004 0.11126497031249993 0.10997648906250004
0 0.9103655679687499 0.2316315734375 0.11335120781249994 0.11011106875000001
0 0.9105598171875 0.1186725828125 0.10661067499999995 0.110745384375