0 0.8866341375000001 0.689974459375 0.1646944875000001 0.12675385312499995
0 0.874107221875 0.572241240625 0.16010994375000004 0.13169825937499996
0 0.85475095625 0.45348197500000004 0.15741143437500008 0.11606717187499997
0 0.8444205046875 0.34459457734375 0.15862481562500008 0.10777212968750001
0 0.834439403125 0.24998781875000003 0.1461444187499999 0.124020290625
0 0.702867365625 0.195550359375 0.14295468125 0.10613009062499998
0 0.7133318656250001 0.30758571640625 0.13828104375 0.10382233906250002
0 0.7189925781250001 0.41392300859375003 0.14867851875 0.11498113281249997
0 0.72815774765625 0.5227396671875001 0.15424072343749992 0.11227002187500004
0 0.7411348164062501 0.63838889765625 0.15124076093750008 0.11056142656250004
0 0.76057222890625 0.7581550640625 0.16020382968749997 0.1287330625
0 0.58516840859375 0.15310098828125002 0.13822041718750003 0.10119138906250003
0 0.58575752734375 0.2597111609375 0.13974081093750002 0.10449258437500002
0 0.5867006523437499 0.3649657890625 0.14167278281250004 0.11809699375
0 0.61027141015625 0.47664048437499995 0.13874412656249993 0.10581317812500002
0 0.6139278460937501 0.5833231375000001 0.14451033906249994 0.11108473437499997
0 0.621895821875 0.7008746929687499 0.144895 0.11765128281250004
0 0.63139726015625 0.8216023765625 0.15713612343750008 0.12715406875
0 0.46489826250000005 0.12440807031249998 0.12740658124999998 0.092896346875
0 0.473271284375 0.221350009375 0.13210124687500002 0.09541188437499999
0 0.4707308585937501 0.33295925078125005 0.14153095468750002 0.1073725015625
0 0.47179890859375 0.4306239203125 0.12920862656250004 0.11070580312500003
0 0.47962817734374996 0.5350094875 0.13618110468750003 0.10946909687500002
0 0.491695525 0.6464699046875 0.13697378125000004 0.11318016250000004
0 0.4928782046875 0.75864623515625 0.146063215625 0.12160736718749998
0 0.50887872421875 0.8913143039062501 0.14975841093750003 0.1352271328125001
0 0.3489587828125 0.09111520234375 0.13451532187500007 0.09026795781250001
0 0.3573613515625 0.1887215125 0.12903075937499997 0.096059090625
0 0.36715632187499997 0.28557659921875 0.126241146875 0.09642266406250002
0 0.361034240625 0.384664365625 0.1285966 0.100381303125
0 0.36264915859375 0.48931888359375 0.1350679515625 0.11210260781250003
0 0.36859954843750004 0.59676355078125 0.13831708437500004 0.10432970468750007
0 0.36960888515625 0.70414626875 0.13783776406250006 0.123494421875
0 0.374148465625 0.8210009953125 0.14074384062499998 0.11593559375
0 0.384260246875 0.93588526953125 0.14591426875 0.11722547031249989
0 0.2462857203125 0.15162009453124997 0.125960271875 0.09043083593750001
0 0.2511640421875 0.2451222875 0.12583390625000002 0.09858603749999999
0 0.24968089453125 0.33617721328125 0.12980363593749997 0.1008289859375
0 0.25014211406250003 0.43869381250000006 0.13372264375000004 0.10288718750000006
0 0.250271321875 0.5481850710937499 0.131101778125 0.10443231718749998
0 0.24979427734374998 0.65229833125 0.1311433828125 0.10933635000000005
0 0.24844483671875 0.76315087890625 0.1399899828125 0.11355733906249998
0 0.23470830703125004 0.89070811640625 0.13701260468750004 0.11380491406250001
0 0.13157674453125 0.2078611359375 0.12065635781249999 0.09408163437499999
0 0.14064865390625 0.30552976796875 0.1206147578125 0.09960135156250001
0 0.1462501796875 0.398722446875 0.12535814687499997 0.09638741250000002
0 0.13891486171875 0.497668428125 0.12442564218750003 0.10717356250000006
0 0.12324237656249999 0.60481375234375 0.125154134375 0.1067355359375
0 0.12357824296875 0.710577815625 0.1260533796875 0.10908621562500001
0 0.13125635859375 0.8253744578125002 0.1343564765625 0.11444502500000002