0 0.8427794468750001 0.5990664851562499 0.1297477593750001 0.07261068906250001
0 0.857932053125 0.67702155859375 0.12935492500000006 0.07284250156250005
0 0.87051215 0.72825922265625 0.12993835312499993 0.06958653593749994
0 0.9058546437499999 0.833097315625 0.106228121875 0.058555140625000134
0 0.895867921875 0.783786728125 0.101039953125 0.04902884999999992
0 0.71255544921875 0.596624334375 0.12187859843749997 0.07641906875000001
0 0.73843501796875 0.65480798984375 0.11890974843749999 0.06794331093750001
0 0.7625202570312499 0.7201651437500001 0.12188870156249995 0.06575019062500002
0 0.7847707445312501 0.7819146851562501 0.12363196093750002 0.06291178281250005
0 0.7986906890625 0.82429701171875 0.13191536250000002 0.055242426562500044
0 0.8182402601562501 0.8727148851562501 0.10032740468750001 0.05212947968750008
0 0.60134703515625 0.5796872343749999 0.13131446718749995 0.07680458437499996
0 0.6254826953125 0.6481182437499999 0.12094394687500003 0.07337844999999996
0 0.651722046875 0.7233261515624999 0.12095679062500002 0.07017752812499997
0 0.66989123359375 0.75794498984375 0.11556946406250006 0.04903789843749999
0 0.6950087921875 0.82610016171875 0.10763300312500004 0.05757938593749996
0 0.71676615859375 0.8711496148437501 0.09772963906249998 0.047240157812499996
0 0.74418989375 0.9154271921875001 0.09905865937499998 0.04548106249999986
0 0.46958421718750004 0.5576794734374999 0.13394956562500004 0.08280526562500005
0 0.50430808203125 0.62601364375 0.12647477968750004 0.08516936875
0 0.53251945234375 0.6967221515625 0.1280947421875 0.06979283125000002
0 0.562539240625 0.762693846875 0.11530848750000003 0.05954314375000003
0 0.5916581421875 0.8046752335937499 0.11160414687499998 0.05813261406250012
0 0.6193298374999999 0.8538824164062501 0.13115110000000002 0.053243289062499956
0 0.64689601015625 0.9116420234374999 0.1155364171875 0.048383562499999935
0 0.66620799609375 0.93944438515625 0.09355505781250004 0.04244043906249999
0 0.33150091484375005 0.5725546625 0.1324972453125 0.07796690312500001
0 0.3779060109375 0.6297868171875 0.12749110937499997 0.07275370937499996
0 0.42904823203125 0.68396444140625 0.14129523593749999 0.06751996718750002
0 0.45531404140625 0.75132337109375 0.11244272656249996 0.06906616718749996
0 0.48126364921875 0.8062666734375 0.11096044218749998 0.06184070312500003
0 0.51272493359375 0.8471935601562499 0.12020143593749992 0.052878323437500006
0 0.5472188429687501 0.8919706640625 0.10250357031249999 0.05487004999999989
0 0.5689175953125 0.9359134671875001 0.0980135625 0.045148959374999895
0 0.24677536406250003 0.61354681640625 0.133386 0.08018962031250006
0 0.29893255859375 0.686738415625 0.1246109578125 0.07264273750000001
0 0.33496553281249997 0.74852052265625 0.12267282499999999 0.06220566718750007
0 0.37088460703125004 0.7981178539062499 0.11664453281250005 0.06878339531249997
0 0.40448133515624995 0.85082638671875 0.11513502031249997 0.06416452968750015
0 0.43904349765625 0.89692618515625 0.10357161718750003 0.05095892968749993
0 0.46914514296875004 0.94410915625 0.1027731078125 0.04321146562500004
0 0.17552773984375 0.68939229375 0.12395013281250003 0.06882449062500004
0 0.22775822968749998 0.74247669453125 0.12615078437500002 0.06980514531250001
0 0.28407292812499996 0.79573067265625 0.13866167812500002 0.05831591406249999
0 0.31958983671874996 0.83870547265625 0.1311009265625 0.06261914531249993
0 0.3464443578125 0.8977751296874998 0.10559297812499997 0.05540681249999988
0 0.387941046875 0.9370284515624998 0.11050732812499997 0.05283307812500002
0 0.4113288609375 0.97257159375 0.09665378437500002 0.02754523750000004
0 0.13629233203125 0.9597842828125 0.06780480156249999 0.03719023437499995
0 0.15717998984374998 0.9871540632812501 0.09479114531249999 0.019094629687499955
0 0.5887915421875001 0.96047949296875 0.09788015937500001 0.03613192656249993
0 0.5015625 0.9640625 0.1125 0.0375