0 0.1953125 0.71640625 0.1640625 0.1859375
0 0.303125 0.74609375 0.1546875 0.1890625
0 0.4125 0.77578125 0.153125 0.1890625
0 0.52265625 0.803125 0.153125 0.1890625
0 0.63359375 0.8359375 0.15 0.1828125
0 0.171875 0.57578125 0.1515625 0.1796875
0 0.28515625 0.60390625 0.1453125 0.175
0 0.39609375 0.63203125 0.146875 0.1765625
0 0.50234375 0.6625 0.1484375 0.178125
0 0.6109375 0.690625 0.146875 0.178125
0 0.7265625 0.72578125 0.15625 0.18125
0 0.1515625 0.4390625 0.1484375 0.1828125
0 0.2625 0.4671875 0.1515625 0.1796875
0 0.3765625 0.49609375 0.1515625 0.175
0 0.48203125 0.53046875 0.146875 0.1671875
0 0.5890625 0.5515625 0.1515625 0.1765625
0 0.69765625 0.5875 0.146875 0.1734375
0 0.8140625 0.625 0.1484375 0.1765625
0 0.14140625 0.31484375 0.140625 0.1640625
0 0.2484375 0.334375 0.146875 0.1671875
0 0.35546875 0.37109375 0.1421875 0.1671875
0 0.46015625 0.3984375 0.1421875 0.1703125
0 0.565625 0.425 0.1421875 0.165625
0 0.67265625 0.45625 0.14375 0.1671875
0 0.78125 0.4890625 0.140625 0.159375
0 0.88671875 0.5203125 0.14375 0.1671875
0 0.1359375 0.18984375 0.134375 0.1578125
0 0.2359375 0.21640625 0.1421875 0.1625
0 0.34140625 0.2453125 0.1390625 0.159375
0 0.4421875 0.2765625 0.134375 0.159375
0 0.5453125 0.29609375 0.1390625 0.1625
0 0.6484375 0.32890625 0.1375 0.1609375
0 0.74921875 0.3625 0.1375 0.1625
0 0.85390625 0.38203125 0.14375 0.1609375
0 0.21484375 0.07734375 0.1359375 0.1546875
0 0.321875 0.1109375 0.1390625 0.153125
0 0.5265625 0.17109375 0.140625 0.1625
0 0.421875 0.1421875 0.1453125 0.1703125
0 0.628125 0.20078125 0.14375 0.1640625
0 0.93359375 0.28671875 0.13125 0.1578125
0 0.728125 0.22890625 0.14375 0.1609375
0 0.8296875 0.2546875 0.1390625 0.153125
0 0.303125 0.03046875 0.128125 0.0609375
0 0.4046875 0.04765625 0.13125 0.0953125
0 0.50390625 0.059375 0.1265625 0.11875
0 0.60546875 0.0828125 0.1328125 0.1515625
0 0.70390625 0.10859375 0.1375 0.153125
0 0.9125 0.15703125 0.1375 0.15625
0 0.80234375 0.1328125 0.1375 0.15625
0 0.946875 0.40234375 0.103125 0.1609375