0 0.31621326171874997 0.15608465625 0.12698412656249997 0.16203703750000004
0 0.42943341874999996 0.14963624375 0.12822420624999994 0.15906084687499997
0 0.5424052546875 0.14798280390625002 0.11855158750000001 0.1570767203125
0 0.65277201484375 0.1456679890625 0.11061507968749992 0.15972222187500001
0 0.75755811484375 0.140542328125 0.1232638890625001 0.14748677187499998
0 0.8159664601562501 0.25843253984375003 0.1046626984375 0.1464947078125
0 0.7029952296875 0.27116402109375 0.10342261874999999 0.13690476093750004
0 0.5949852265625 0.28207671953125 0.11011904687499996 0.1507936515625
0 0.4918106234374999 0.28786375625 0.11111111249999998 0.15575396874999997
0 0.37586289921875 0.290343915625 0.11036706406249999 0.15079365
0 0.25706117265625 0.2956349203125 0.12375992031249998 0.159391534375
0 0.8668094101562499 0.36640211640625 0.0982142859375001 0.14021163906249998
0 0.7611546476562501 0.38062169296875004 0.10168650781250008 0.1415343921875
0 0.6579794382812499 0.39434523828125 0.11507936406249994 0.14252645468749997
0 0.5451334296875 0.3986441796875 0.103174603125 0.13988095312499998
0 0.44158680234375003 0.41468253984375 0.10987103281250002 0.14550264531249998
0 0.3220428484375 0.42443783046874994 0.11780754062500001 0.14318782968749993
0 0.202746 0.4325396828125 0.12723214374999997 0.15542328125000004
0 0.90413579921875 0.48181216953125006 0.09102182656249998 0.13029100468749996
0 0.81050950390625 0.49107142890625005 0.09474206406250003 0.1329365078125
0 0.6997701132812499 0.5081018523437499 0.1078869046875 0.1451719578125
0 0.60502865625 0.5206679890625 0.11185515937500004 0.13062169375000005
0 0.4966457203125 0.5367063492187499 0.10639880937499999 0.1375661390625001
0 0.38627956562500004 0.5401785710937499 0.11235119062500006 0.13657407343749997
0 0.27219044453125 0.5595238101562501 0.1212797609375 0.14550264531249998
0 0.14731354296875002 0.5598544976562501 0.1304563484375 0.14814814843750002
0 0.9456793679687501 0.6026785710937499 0.08829365156249995 0.1359126984375
0 0.8494479953125001 0.6074735453125 0.09722222187499999 0.13095238125000003
0 0.7480107171875 0.61342592578125 0.09325396875000003 0.12764550156249993
0 0.6542610203125 0.6292989421875 0.09920635000000004 0.12764550312500003
0 0.54835793984375 0.646825396875 0.11061507968750002 0.13492063437499996
0 0.4453067375 0.6575727515625001 0.10243055625 0.13988095312500004
0 0.342628165625 0.66798941796875 0.12723214375 0.13558201093750002
0 0.22134840390625002 0.68353174609375 0.11433531718750001 0.14021163906249995
0 0.11060719374999999 0.6941137570312501 0.117559525 0.14484127031250002
0 0.8939674515625 0.70651455078125 0.087549603125 0.12929894218750002
0 0.80455681953125 0.7278439156250001 0.09424603281250006 0.128306878125
0 0.71105483515625 0.73925264609375 0.09771825468750003 0.1326058203125
0 0.6099889734375 0.7556216929687499 0.10044642812499997 0.13558201093749994
0 0.50049057265625 0.7681878304687499 0.1016865078125 0.13359788281249996
0 0.395703865625 0.784226190625 0.10639880937499999 0.13128306875
0 0.2878157484375 0.8034060843749999 0.11284722187499999 0.13988095312499996
0 0.16715481250000003 0.8310185179687501 0.11259920625000001 0.1355820109375001
0 0.8516801382812499 0.83134920625 0.09176587343750012 0.12235449687500007
0 0.7502422531249999 0.8381283070312499 0.09474206250000003 0.12533068906249997
0 0.65562450078125 0.8490410054687499 0.09449404843750005 0.12863756718749997
0 0.55629475 0.8660714289062501 0.103174603125 0.12367724843750008
0 0.45051537421875 0.89517195703125 0.10391865156249995 0.1263227515625001
0 0.34709548437500004 0.9120370367187501 0.10937500000000004 0.12566137656249995
0 0.23710196093749997 0.9322089953125001 0.11309523750000001 0.134259259375