0 0.22998386328125 0.188834125 0.15716743281249998 0.138242753125
0 0.19799513203125 0.3075641828125 0.1614040046875 0.12214059062499998
0 0.15759826171875 0.4270808609375 0.16145840781249998 0.12194652187500003
0 0.12609398671875 0.54007167265625 0.17192078281249998 0.13950014218749995
0 0.09019662109375 0.6618430320312501 0.1716043515625 0.1435209890625
0 0.38114922890625 0.14602646484374998 0.15202998281250002 0.11894332031250002
0 0.346654459375 0.28009161875 0.14945417500000002 0.12078454062499996
0 0.31845797890625 0.39487316953125 0.1565083671875 0.11499667031250001
0 0.28030489921874996 0.51454403125 0.1591446265625 0.12005718749999997
0 0.24794190781249997 0.63235506953125 0.16408256250000003 0.12298944218750005
0 0.21256429843750002 0.7621089632812501 0.164227678125 0.11920671406250002
0 0.327182290625 0.8436225640625 0.15979764375 0.12415304375000007
0 0.36297084296875 0.72251900234375 0.1518606609375 0.12296985156250004
0 0.39781205546875 0.60027949140625 0.15113309531250002 0.12274563593750001
0 0.42304966406250005 0.48047372890624995 0.14080978125000004 0.11668868593750004
0 0.46158429140625 0.36567936953125 0.15018985468749996 0.12274401093750002
0 0.49290801718750005 0.2448330296875 0.14732987187500007 0.12637834374999998
0 0.51784840625 0.11792373828125 0.14555019687499993 0.11967067343750001
0 0.65031756171875 0.09745273828124999 0.13996523281250006 0.11458488281249998
0 0.6202097703125 0.21522528828124998 0.14241614375000006 0.1191357640625
0 0.59532824609375 0.334423453125 0.13964281406249998 0.1161823
0 0.56282156484375 0.4549043765625 0.1397576703125 0.11274853437499996
0 0.533006265625 0.56433478203125 0.14023131875000008 0.11489882343750005
0 0.5006704429687501 0.6793822984375 0.1444618390625 0.11511979062500002
0 0.4755317328125 0.80574851015625 0.1558795625 0.11633719218750009
0 0.4354779640625 0.9159787375 0.1577559375 0.11819719062500003
0 0.7972760585937501 0.0842931109375 0.13925582343749995 0.108183846875
0 0.757252478125 0.20120721718749998 0.13126643749999997 0.11872885
0 0.7148161999999999 0.30941248125 0.13144380312499998 0.117852290625
0 0.6942632625 0.4172645703125 0.13704080312500003 0.11032185625000004
0 0.66665313671875 0.5379909390625001 0.13601895468750005 0.11807244374999995
0 0.6300415523437499 0.6447937515625 0.1378187828125 0.11458731874999994
0 0.6004203796875001 0.758775384375 0.13789739062499998 0.11533669687500003
0 0.577267190625 0.87540572734375 0.14752938437500002 0.11282029531250011
0 0.54502383984375 0.9500408499999999 0.14305299531250001 0.05846265937500004
0 0.6923201609375 0.94095137421875 0.131419596875 0.0641835828125
0 0.7193247625 0.8441653062500001 0.133165021875 0.10970209374999991
0 0.7478014749999999 0.7281907304687499 0.14023537499999997 0.1129882796875
0 0.773426934375 0.6134365468749999 0.1384052906249999 0.11432067812499999
0 0.8005156375 0.49906762734375 0.13837104062500005 0.1136658984375
0 0.8311770765625 0.39457840546874995 0.13022849062499997 0.11417472031249995
0 0.85879773515625 0.28166184375 0.1263063546875 0.11492572187499998
0 0.8865342609375 0.17377454609375 0.1282532906250001 0.11342127968749997
0 0.9599304132812498 0.25522143203125003 0.06318445781249996 0.1075344328125
0 0.9372471429687501 0.37285342109375 0.0996032265624999 0.11703358593749998
0 0.92225466796875 0.475393121875 0.12066208593750005 0.10666793437499997
0 0.8964668890624999 0.57902176015625 0.12430495312499996 0.11063985781249999
0 0.8740470390624999 0.6961349679687501 0.1188087062500001 0.11276974843750001
0 0.8395438015625001 0.80426867578125 0.12180170000000005 0.1125316265625
0 0.80906399375 0.91420684921875 0.11826449374999992 0.10481067968750005