0 0.34026980625000003 0.840053675 0.12751143750000002 0.164594159375
0 0.45461997421875006 0.8291674726562501 0.1341949671875 0.16001241093750007
0 0.57592381796875 0.81289521953125 0.11629796093750003 0.15731554531250005
0 0.68549772734375 0.792578621875 0.10845814843750005 0.158528184375
0 0.77270968046875 0.78462456953125 0.12380188906249998 0.14605539218750002
0 0.82384175234375 0.66091020703125 0.10701133281250001 0.14286759843749994
0 0.7128451234375 0.66627514296875 0.10709461249999999 0.13819680781250004
0 0.6064468015625 0.67702559765625 0.11943557499999997 0.14858794843749995
0 0.5046926171875 0.69030865625 0.11552274062499998 0.15414676562500002
0 0.38806092734375 0.7018386812499999 0.11167162968749995 0.15114863124999997
0 0.26161628671875 0.71896780625 0.1341825546875 0.16010623750000005
0 0.8552962203125001 0.5420377546875 0.10399096562499999 0.13813621874999998
0 0.75094226328125 0.53877851796875 0.10746946406250002 0.1396556859375
0 0.64841031328125 0.54951956328125 0.12217057968749997 0.14158647968750007
0 0.5387365195312499 0.56288958046875 0.11065242656250004 0.1386596046875
0 0.4331011828125 0.5647167632812501 0.11464958124999995 0.14442230781249998
0 0.31027159296875 0.5752826851562499 0.11996216093750003 0.1448067328125
0 0.18773922734374998 0.590065471875 0.1307499203125 0.1570404
0 0.8756064859375001 0.42837320468749995 0.09545525000000002 0.12732896874999997
0 0.7815773679687499 0.42799388125000004 0.09850113281250002 0.13202077500000003
0 0.6747059578125001 0.43342647109375 0.10626214687499998 0.1414447390625
0 0.57280335625 0.43795398125 0.11143834062499999 0.12912991875
0 0.46772128671874996 0.44943253359375 0.1128336015625 0.13609814531249995
0 0.358483471875 0.45457231093749995 0.11627020000000003 0.13689034374999998
0 0.2425952 0.45470301953125 0.12284269062500001 0.1459742390625
0 0.10574061718749998 0.46454934843749995 0.140661071875 0.149667184375
0 0.8955646492187501 0.30655385312499994 0.09324458906249991 0.134433378125
0 0.7976266640625 0.31331822109375 0.09645582812500005 0.1289521578125
0 0.7023566406249999 0.3263733890625 0.09957758125000007 0.12616424375
0 0.6106508609375 0.31909137421875 0.10324746875000006 0.1285182640625
0 0.50056166015625 0.32148108359375 0.11593328281250007 0.1349856703125
0 0.39835357031249996 0.32991824062499997 0.10691115312499999 0.138232825
0 0.28857326328125 0.32929387734375004 0.12030183593750002 0.1377537953125
0 0.1683246609375 0.3297072203125 0.11825377500000003 0.140658103125
0 0.055624795312499996 0.3418338125 0.11124959062499999 0.14582538125000002
0 0.8298036375000001 0.20682161328125 0.09359340312500004 0.12588354218749997
0 0.7352202109375 0.20862474296875 0.10320729374999997 0.1257572515625
0 0.64074998359375 0.20263113749999997 0.10389130468749999 0.12972456562499998
0 0.538581328125 0.204725159375 0.10625542187499999 0.133641184375
0 0.42846324453125 0.20812045390625 0.10708271718750004 0.1310219140625
0 0.32220247890625 0.2029383953125 0.11154196718750002 0.13106349374999998
0 0.2066364609375 0.203804690625 0.11436697812499999 0.13990470625
0 0.08848119296875 0.19871136171874998 0.1146121640625 0.13692913906249998
0 0.76733601953125 0.09016154531250001 0.09590596718749991 0.12058285937500002
0 0.6733672085937499 0.10047312421874999 0.10379336718749999 0.12054128281249998
0 0.5757563007812501 0.10501998515625 0.09928256093750001 0.1252817796875
0 0.47759074921875 0.10095530078125001 0.1108262296875 0.12434984531250001
0 0.36623168359375 0.08731333437500001 0.10871351093750001 0.12507789375
0 0.25988401484374996 0.0903824 0.10895249218749999 0.121041325
0 0.14488963046875 0.09527047265625001 0.1092338890625 0.10365861406250002