0 0.64112018671875 0.19991046328125 0.06949082343750002 0.13129702656249997
0 0.71859170234375 0.19214767734375 0.06849367656250002 0.1305548734375
0 0.7692893054687501 0.18116167656249998 0.06373658906249995 0.13059794687499998
0 0.8758624914062499 0.15514863125 0.053384026562499895 0.10706514375000001
0 0.8256717484374999 0.16492310078125 0.04794025625000007 0.10206149843750001
0 0.6272577929687501 0.32052861640625 0.07263353281250007 0.12242947968750002
0 0.69056218671875 0.30267822421875 0.06492884531250001 0.1201334421875
0 0.7552656421874999 0.27740773515625 0.06297416250000003 0.12268275156250001
0 0.8160544476562499 0.26266550624999996 0.059426476562500066 0.124225221875
0 0.85895656796875 0.253113709375 0.05120352343750003 0.13352974375
0 0.9119885859375 0.23306914609375 0.048819231250000074 0.10074690156250002
0 0.60066905234375 0.43683231796875005 0.07369914843749995 0.13054714218750005
0 0.6733938984375 0.418104184375 0.06935105624999993 0.121293421875
0 0.74939858359375 0.39545898671875 0.06771204218749993 0.12056010468749996
0 0.7857646445312501 0.3725197578125 0.04426007343749996 0.11679007187499998
0 0.85495080625 0.35191349531250005 0.056141181249999936 0.10795160312500003
0 0.9022272749999999 0.33382664609374996 0.04463575312499994 0.09781510468749999
0 0.9483423906249999 0.3198816046875 0.041348831250000016 0.099328490625
0 0.5667598703125 0.5569153531250001 0.07927563437499999 0.13471255
0 0.63931102734375 0.5279730140625001 0.08188998281249997 0.12700755937499997
0 0.71241901484375 0.50458429765625 0.0701446265625 0.12864758593749998
0 0.7774676320312499 0.47986155156250004 0.06126081718749994 0.11576040624999999
0 0.8244972 0.4538265984375 0.05454861250000009 0.11292874062500005
0 0.87553795 0.42987872890625 0.050414618749999994 0.13082324218749997
0 0.93229606796875 0.40854473671875 0.046581973437499966 0.11578065468749998
0 0.9633550382812501 0.3931452578125 0.03789164531249991 0.09350796562499997
0 0.5706059203124999 0.6952751648437501 0.07617958749999998 0.13216692031250005
0 0.6325754742187499 0.6531686999999999 0.0700599828125 0.12722659687500001
0 0.68936672890625 0.6059827249999999 0.06480947968750002 0.14105471874999997
0 0.75885301953125 0.585764065625 0.06731921718749997 0.11284002187500004
0 0.8157007015625 0.5633970890625 0.05965956562499999 0.112028290625
0 0.8593994210937499 0.53564557734375 0.04898222031249997 0.12179628906250003
0 0.9019159812499999 0.50855184140625 0.05209443437499992 0.10249074218750005
0 0.9511572515625 0.4899369453125 0.04240858749999994 0.09817476875000004
0 0.60364957890625 0.7827436343749999 0.0771314828125 0.13277986249999998
0 0.6814707249999999 0.7365233382812499 0.07118680624999998 0.12336011093749999
0 0.7468883703125 0.7048282203125 0.059719140624999945 0.12250788749999994
0 0.79958177890625 0.6731431875 0.06647475156250007 0.11623271874999999
0 0.8544144835937502 0.64354136953125 0.0607191109375 0.1155273828125
0 0.9029968187499999 0.61258895546875 0.04831268125000001 0.10378251406250003
0 0.9522252578124999 0.5861810468750001 0.042726103124999956 0.10303152500000001
0 0.6736351375 0.8592459632812499 0.06773689062499999 0.12343742031249993
0 0.73128912265625 0.81102836796875 0.0686029515625 0.12667955468749997
0 0.7880858343750001 0.7591046890625 0.05727527187500003 0.13911208749999995
0 0.8298415484374999 0.7367434953125 0.061145681250000014 0.13079158125
0 0.89302324140625 0.71033253515625 0.05373062343749986 0.1056758140625
0 0.9329663499999998 0.67917019921875 0.05408308124999994 0.11038311093749993
0 0.9750246914062501 0.6555807445312499 0.035923754687499886 0.09611801718749993
0 0.93025327734375 0.91995755 0.03708255468750003 0.06774502187499998
0 0.9731326687499999 0.90042070859375 0.034016165625000025 0.0952315578124999
0 0.97856498984375 0.46823955078125 0.03204763906250001 0.09710203281250003
0 0.978125 0.55546875 0.0328125 0.109375