0 0.26955119765625 0.73602280625 0.1305867109375 0.07196689374999998
0 0.28358795703124995 0.8143234085937501 0.12692458593749997 0.07091089218749999
0 0.296417659375 0.86886112265625 0.12675479999999997 0.07214187343749998
0 0.31642031875 0.96874123828125 0.10844686875000002 0.05950365781250007
0 0.30571510703125 0.9322581359375001 0.0995083453125 0.06567202187499994
0 0.37055274921875003 0.68415056015625 0.12357121093750001 0.08212608281250003
0 0.38297318203124997 0.7508240109375001 0.11816873593750002 0.08051524687499993
0 0.39348876328125 0.8079269968750001 0.11850831406250002 0.0788543593750001
0 0.39660882265625 0.87232792265625 0.11962610781250001 0.06361240468750004
0 0.40743060703125 0.9211223046875 0.1298522109375 0.059751699999999984
0 0.40765196953125005 0.96993138828125 0.09896295781249997 0.05594627031249999
0 0.46845969375 0.61328258359375 0.12440214687499998 0.08688202343750007
0 0.48070004921875 0.689445221875 0.11601032343750006 0.07874597812499999
0 0.48986959453125 0.76509664609375 0.11185684531249995 0.07507255468749996
0 0.48889421562499996 0.8067341656250001 0.11252443125000004 0.05012147500000008
0 0.493080228125 0.87864770546875 0.10163073750000003 0.06275661093749996
0 0.49512943125 0.9312819015624999 0.09237965312499999 0.059534940624999956
0 0.49206228124999996 0.9749477109375 0.09808955937499997 0.04515849999999997
0 0.5755574250000001 0.5434791328124999 0.13253287499999997 0.09218155000000001
0 0.58074409609375 0.6196871453125 0.12167132968749997 0.07971248125000008
0 0.57821938359375 0.6934538765625 0.11991165468750005 0.08842392500000003
0 0.58368044609375 0.7532057812499999 0.10766734531249993 0.07770058124999997
0 0.57960531640625 0.8125686515625 0.11197647656249998 0.06757851250000009
0 0.5722310796875 0.8676141179687502 0.11924663437500005 0.06673396718750002
0 0.57581275390625 0.9285456976562501 0.10741394218750004 0.05966983281250009
0 0.570206275 0.9656896875000001 0.08610634687499993 0.04727202500000001
0 0.6982876796874999 0.49619937031249994 0.12568459999999995 0.08565931562500007
0 0.68579138515625 0.56748065078125 0.11809025468749992 0.0810671078125
0 0.6656750398437501 0.62452242734375 0.13165816718750004 0.07487764218750001
0 0.6756721671875 0.69835808203125 0.10950806562499996 0.09196776406249993
0 0.67029820625 0.76180488984375 0.10810341562500003 0.07123602968750005
0 0.66388780390625 0.8158470203125001 0.11912831093750001 0.05979942187500002
0 0.6564233546875 0.8657554656249999 0.09827992500000002 0.06819103124999995
0 0.65566568984375 0.92281489296875 0.09056982343750004 0.06345397031250002
0 0.7942272835937499 0.49101539140624995 0.1214590796875 0.08477467968749997
0 0.7843090796875 0.5840865210937499 0.11171019374999994 0.08262258906249995
0 0.773461415625 0.6519070351562499 0.11612607812500002 0.07614510156250001
0 0.76364087890625 0.7194595492187499 0.11084323906250004 0.07545834843749999
0 0.7547578046875 0.7755306882812499 0.10926623437499998 0.06834182968749998
0 0.7509188 0.829348721875 0.09841112812500005 0.06504359375000002
0 0.7456727429687501 0.883445925 0.09525324531249994 0.058087840625000095
0 0.8927432007812499 0.52540519296875 0.11517807656250004 0.08190699218750001
0 0.8672665085937499 0.5941648226562499 0.12115552031250001 0.08178567656249998
0 0.8478353593750001 0.6556783523437499 0.1301853500000001 0.07931374843750003
0 0.83957091796875 0.7153828546875 0.11746638281249995 0.07613216562499998
0 0.8352984359375 0.78057567421875 0.09851788125000001 0.06961459218749999
0 0.8247276492187499 0.838361596875 0.10200890156249995 0.07250349062499986
0 0.8168039874999999 0.8877605976562499 0.09168504999999989 0.058196220312500026
0 0.9893965843749999 0.8409416921874999 0.021206831249999957 0.03719385000000006
0 0.73776218828125 0.9331017148437499 0.09663344218750006 0.05548993593749998
0 0.6492116929687499 0.9595371773437499 0.07611950781249996 0.04475534531250016