0 0.4375 0.815625 0.1359375 0.1859375
0 0.30703125 0.41171875 0.128125 0.1546875
0 0.42265625 0.41796875 0.128125 0.15625
0 0.296875 0.05703125 0.115625 0.1140625
0 0.3484375 0.53671875 0.134375 0.1640625
0 0.403125 0.0609375 0.11875 0.121875
0 0.39375 0.67265625 0.1296875 0.1734375
0 0.465625 0.54765625 0.125 0.1546875
0 0.565625 0.82734375 0.1359375 0.1859375
0 0.315625 0.809375 0.1359375 0.1828125
0 0.446875 0.175 0.125 0.1546875
0 0.5109375 0.6796875 0.1296875 0.16875
0 0.5625 0.18125 0.1265625 0.15625
0 0.1859375 0.0515625 0.121875 0.103125
0 0.27265625 0.6671875 0.13125 0.1703125
0 0.18828125 0.39609375 0.13125 0.1609375
0 0.628125 0.071875 0.1171875 0.14375
0 0.38125 0.29453125 0.125 0.1546875
0 0.26796875 0.2859375 0.125 0.1546875
0 0.84453125 0.0828125 0.125 0.1546875
0 0.196875 0.8015625 0.1375 0.1875
0 0.109375 0.1359375 0.1234375 0.153125
0 0.15703125 0.27109375 0.125 0.1578125
0 0.51796875 0.071875 0.125 0.14375
0 0.73125 0.07578125 0.13125 0.1484375
0 0.4921875 0.296875 0.1265625 0.1515625
0 0.3390625 0.16328125 0.121875 0.1546875
0 0.7828125 0.19921875 0.121875 0.1609375
0 0.68515625 0.83828125 0.1390625 0.18125
0 0.5375 0.41875 0.125 0.1578125
0 0.15078125 0.6578125 0.13125 0.1734375
0 0.22578125 0.1484375 0.1265625 0.1546875
0 0.228125 0.53046875 0.13125 0.16875
0 0.671875 0.1890625 0.11875 0.15625
0 0.58359375 0.54609375 0.13125 0.1734375
0 0.60625 0.3046875 0.128125 0.1546875
0 0.82734375 0.321875 0.121875 0.1546875
0 0.7046875 0.5625 0.134375 0.1765625
0 0.053125 0.2671875 0.10625 0.1546875
0 0.71640625 0.321875 0.1203125 0.15
0 0.1046875 0.52109375 0.134375 0.1703125
0 0.63359375 0.68671875 0.13125 0.1671875
0 0.6515625 0.41796875 0.121875 0.1359375
0 0.775 0.4390625 0.128125 0.1515625
0 0.89609375 0.2015625 0.128125 0.1484375
0 0.07109375 0.3953125 0.1296875 0.1671875
0 0.7578125 0.70390625 0.1640625 0.1953125
0 0.8359375 0.5828125 0.1671875 0.18125
0 0.88984375 0.45625 0.14375 0.159375
0 0.9359375 0.32265625 0.1125 0.1671875