0 0.3111324921875 0.133360340625 0.12831704375 0.15716226249999998
0 0.43106075 0.14606361171874999 0.12571298125000002 0.1631800234375
0 0.539621159375 0.16032850703124998 0.11787565937499993 0.1625336609375
0 0.6554197351562501 0.1747275375 0.12185439843749997 0.1715245125
0 0.77369941328125 0.18844972109375 0.12819723281249998 0.1673038421875
0 0.21747312187499998 0.2648582453125 0.13918084375 0.15627938749999998
0 0.35120293046874995 0.282898509375 0.11971675781249998 0.14839200937500002
0 0.467339109375 0.2956267265625 0.11798912187499999 0.157657503125
0 0.5726711124999999 0.30646189375 0.11800803437500003 0.1587701
0 0.6919529953125 0.31647375312500003 0.12269913125000001 0.16134386250000002
0 0.8098954398437499 0.32987695859375005 0.12232710468750004 0.1625961203125
0 0.84387828203125 0.4641151640625 0.12693621406249997 0.15436134687499997
0 0.7347727109375001 0.45102805312500005 0.12541037499999996 0.14624424375000006
0 0.61396175390625 0.44095910468750005 0.12391601718749996 0.15223767812500003
0 0.5047021859375 0.41785135546875 0.11667130625000004 0.1406131765625
0 0.392399765625 0.4131772757812501 0.11679746249999998 0.15404389843750002
0 0.2726570296875 0.39867939140624997 0.12177856562499997 0.1560012390625
0 0.1421541375 0.39164603984374996 0.12211270937499999 0.1525272921875
0 0.08606394609375 0.5004548054687501 0.1330836921875 0.14404899218749997
0 0.19790039453125 0.511129640625 0.11352511406249999 0.14551366249999997
0 0.31972653203125 0.5235790921875 0.11224508593749997 0.14347889062500005
0 0.42588104375 0.54428875546875 0.11528419062500003 0.1357831046875
0 0.53471217734375 0.5514899265625 0.11575711718749995 0.14051165000000002
0 0.64663293046875 0.5661508804687501 0.11505719843750004 0.1425129671875
0 0.76543268984375 0.587861096875 0.12191100468750005 0.153233778125
0 0.8676907374999999 0.5885297320312499 0.1302842374999999 0.15152908906250007
0 0.14094938359375 0.6300255359375001 0.11398541093749999 0.1360738875
0 0.2518318296875 0.63141397421875 0.10430055000000002 0.1369960609375
0 0.35474261406249996 0.6581198781250001 0.11401682187499995 0.140317715625
0 0.469661840625 0.6657234875 0.11423121875 0.13589048124999997
0 0.5718094289062501 0.67194211640625 0.1143509984375 0.13760429531249993
0 0.68157703515625 0.68806741875 0.11776841406249998 0.13530189687500008
0 0.7859759078125 0.70529915546875 0.1199941656250001 0.14348707656249998
0 0.8327645054687499 0.83795346796875 0.11097146718749995 0.12638497031250004
0 0.71532707890625 0.8195506328125 0.11672810156249999 0.13048796874999996
0 0.6047177414062499 0.80317913359375 0.11638130156250001 0.14278643906250005
0 0.50089245859375 0.78900243828125 0.11542916406249999 0.13544155781249997
0 0.3908283203125 0.7820069468749999 0.10875837187499995 0.1388958531249999
0 0.283677834375 0.76878245703125 0.10800172187499997 0.1328296640624999
0 0.18039213906249998 0.75265054140625 0.10719465312499998 0.12980347343750004
0 0.06937278984374999 0.7394522304687501 0.10703705156250001 0.13413151718750002
0 0.10871448984374998 0.8719003171874998 0.10467257968749999 0.12785759374999994
0 0.21906536171875 0.87370157265625 0.10527172343749998 0.12798345156249996
0 0.32310204453125 0.87977949296875 0.1033043421875 0.1262279953124999
0 0.423783275 0.8958276085937499 0.10605337812499997 0.12362195468750006
0 0.8946722218750001 0.7150507359375 0.11573817500000008 0.13023063750000005
0 0.038093753125000004 0.6295453007812499 0.07618750625000001 0.1463272921875
0 0.53520964140625 0.9208258726562499 0.10655156093749998 0.12090078281249994
0 0.64564563359375 0.9205766835937499 0.11061203593749998 0.11487332656249993
0 0.7456212992187501 0.9286822265624999 0.1117469984375 0.09221895624999998