0 0.0640625 0.7625 0.05625 0.1125
0 0.1140625 0.76328125 0.0609375 0.115625
0 0.1703125 0.765625 0.06875 0.1265625
0 0.22578125 0.76328125 0.0734375 0.13125
0 0.30625 0.7671875 0.08125 0.1375
0 0.04609375 0.67421875 0.053125 0.109375
0 0.09921875 0.66953125 0.059375 0.1125
0 0.1453125 0.66484375 0.0640625 0.1171875
0 0.2078125 0.659375 0.06875 0.1234375
0 0.27421875 0.6578125 0.0734375 0.125
0 0.33828125 0.65390625 0.08125 0.1375
0 0.02734375 0.58984375 0.0515625 0.1046875
0 0.075 0.58203125 0.0578125 0.1078125
0 0.12578125 0.571875 0.0625 0.1140625
0 0.196875 0.5671875 0.0546875 0.1125
0 0.23359375 0.55625 0.071875 0.1265625
0 0.3125 0.54921875 0.075 0.128125
0 0.390625 0.54453125 0.0859375 0.1390625
0 0.0234375 0.5109375 0.046875 0.1015625
0 0.0578125 0.4984375 0.053125 0.10625
0 0.11875 0.49375 0.059375 0.1140625
0 0.17421875 0.47890625 0.059375 0.1125
0 0.22421875 0.46484375 0.065625 0.121875
0 0.290625 0.4546875 0.075 0.1265625
0 0.36328125 0.44296875 0.08125 0.13125
0 0.44296875 0.43203125 0.0859375 0.1390625
0 0.0203125 0.4375 0.040625 0.096875
0 0.05390625 0.4234375 0.0484375 0.1
0 0.10390625 0.4109375 0.0515625 0.103125
0 0.1546875 0.396875 0.05625 0.109375
0 0.2015625 0.37890625 0.0640625 0.1140625
0 0.26328125 0.3640625 0.06875 0.1203125
0 0.33828125 0.3515625 0.071875 0.1234375
0 0.02890625 0.34375 0.0453125 0.1015625
0 0.07109375 0.3296875 0.0515625 0.10625
0 0.12421875 0.31484375 0.0578125 0.109375
0 0.05625 0.25859375 0.05 0.0984375
0 0.10859375 0.23984375 0.053125 0.1015625
0 0.1546875 0.2171875 0.0578125 0.10625
0 0.17890625 0.2953125 0.059375 0.1078125
0 0.2328125 0.27578125 0.06875 0.1203125
0 0.2171875 0.20078125 0.0625 0.1140625
0 0.27421875 0.175 0.0671875 0.115625
0 0.396875 0.32421875 0.08125 0.13125
0 0.4640625 0.2984375 0.0875 0.140625
0 0.29453125 0.25546875 0.071875 0.1203125
0 0.36171875 0.234375 0.0765625 0.1265625
0 0.4515625 0.20390625 0.084375 0.1328125
0 0.3359375 0.1484375 0.0734375 0.121875
0 0.39765625 0.11328125 0.078125 0.1328125