0 0.18969601015625 0.24256115312499998 0.1585652640625 0.13240827812500003
0 0.16561781484375 0.35648692421875 0.1591124390625 0.12930605156249997
0 0.14089753984375 0.46604721250000003 0.15460263593749998 0.129800246875
0 0.120454209375 0.57407285234375 0.15837596875 0.12081890781249997
0 0.097229984375 0.67950394453125 0.148582878125 0.12476196718750003
0 0.20932912265625 0.75857733828125 0.14815696406249998 0.10777655468749998
0 0.2353557984375 0.64957355625 0.13658478437500002 0.10766252187500003
0 0.262140403125 0.5524087515625 0.150078025 0.1181421125
0 0.28757203125 0.45144235859375004 0.15349348125 0.11636207031249998
0 0.3156571125 0.33687958359375003 0.146919896875 0.11801241406249999
0 0.3383817 0.21412932890625003 0.16014025312499997 0.12493082343749999
0 0.30328411328125 0.83003601640625 0.14209063281249995 0.0980427234375
0 0.33852520859375 0.72965493671875 0.1438083421875 0.10425391093750003
0 0.36811530078125 0.6256335890625 0.14265261406250004 0.11482857812500002
0 0.39239346328125 0.518956640625 0.14005496718750005 0.10971871874999994
0 0.42641418046875 0.42500895625 0.1446335546875 0.11378536562500004
0 0.45466185703125 0.31315838203124996 0.14363310468750004 0.12345826406250002
0 0.48360226484375 0.19655301015624999 0.15298622656250008 0.1337382953125
0 0.4076661812499999 0.8872204453125001 0.13216962812499994 0.09735116562500004
0 0.43018370390625 0.79830018046875 0.13467853281249997 0.09707610781249994
0 0.46956014921874994 0.691226265625 0.1448709234375 0.113760771875
0 0.499285875 0.60373136328125 0.13076987812500002 0.11836406718749996
0 0.52966799921875 0.50336530859375 0.1372147984375 0.10911048906250001
0 0.5579229046874999 0.40151613203125003 0.13686357187500003 0.12121081718750001
0 0.59669343046875 0.28931420234375 0.1452080921875 0.1239916171875
0 0.6239076609375 0.17296291640625 0.149526353125 0.12663708906249999
0 0.51392438828125 0.9530885515625 0.13346957656249997 0.09162022812500012
0 0.53576297734375 0.8612295015625 0.13060054531249995 0.10277069999999995
0 0.5550000445312501 0.7643442625000001 0.12767238281249993 0.09703193437499999
0 0.59056282734375 0.67331080078125 0.12942335781249997 0.1047246109375
0 0.6273521546875 0.58041186015625 0.13579434062499995 0.11078432656250001
0 0.65718982578125 0.4770685882812501 0.13986567343749998 0.10625199218750003
0 0.68989526015625 0.38828070546874993 0.13444266406249997 0.1391058296875
0 0.72791199140625 0.27471102265625 0.1395610203125 0.1197097484375
0 0.7606426265625 0.1615925515625 0.14268663124999997 0.12204663749999997
0 0.62813150078125 0.92724655703125 0.13011325156249995 0.09033046718749986
0 0.65825059375 0.8436786828124999 0.130742515625 0.09650641562500004
0 0.6919743804687499 0.7557990796875 0.13369804218750003 0.09673620000000005
0 0.72445392734375 0.668266575 0.13616702656249996 0.10092972812499994
0 0.75714681328125 0.5573956703125 0.13514511406249996 0.10221949062500002
0 0.7953435515624999 0.4629959453125 0.13342740624999996 0.110388503125
0 0.83293801328125 0.36048116796874996 0.14062360156249998 0.11641015781250004
0 0.8696327499999998 0.24749006406250001 0.13556437500000004 0.11814101250000002
0 0.7541738515624999 0.91147049765625 0.12391900624999996 0.08587926718750012
0 0.781403953125 0.81842011640625 0.12818628750000008 0.09192379531249992
0 0.8143151703125 0.7257787765625 0.129208196875 0.09255833437499997
0 0.8462360921875 0.63079605234375 0.12539344375 0.10063007656249993
0 0.8885109328125 0.5359090585937499 0.12730044687500008 0.10255829843750001
0 0.93109496953125 0.43414926484375 0.1275710828125 0.11245033281249998
0 0.94872200078125 0.3333034171875 0.10255599843750005 0.11470279687499998