0 0.04921875 0.5765625 0.0984375 0.1375
0 0.17109375 0.56640625 0.128125 0.1296875
0 0.2921875 0.5640625 0.1203125 0.125
0 0.39609375 0.55390625 0.10625 0.109375
0 0.4890625 0.54921875 0.090625 0.1078125
0 0.5734375 0.56171875 0.0828125 0.1015625
0 0.64453125 0.54921875 0.0828125 0.103125
0 0.7171875 0.5484375 0.078125 0.1
0 0.7765625 0.53515625 0.0703125 0.09375
0 0.8359375 0.53671875 0.065625 0.0921875
0 0.88125 0.5328125 0.065625 0.075
0 0.01875 0.69453125 0.0375 0.09375
0 0.103125 0.66875 0.1390625 0.1203125
0 0.2265625 0.66171875 0.1171875 0.1125
0 0.33515625 0.6515625 0.109375 0.1140625
0 0.42890625 0.63984375 0.096875 0.1015625
0 0.5140625 0.64765625 0.08125 0.103125
0 0.57734375 0.6078125 0.0828125 0.09375
0 0.659375 0.63671875 0.0734375 0.0765625
0 0.721875 0.62265625 0.065625 0.0796875
0 0.77734375 0.61171875 0.06875 0.0828125
0 0.82578125 0.59765625 0.059375 0.071875
0 0.8703125 0.5859375 0.05625 0.071875
0 0.9140625 0.5765625 0.053125 0.06875
0 0.95 0.56484375 0.053125 0.0703125
0 0.978125 0.55078125 0.04375 0.0734375
0 0.0515625 0.7734375 0.103125 0.1109375
0 0.159375 0.75390625 0.11875 0.0984375
0 0.27109375 0.74609375 0.1 0.0984375
0 0.3671875 0.73359375 0.096875 0.09375
0 0.44765625 0.68671875 0.078125 0.084375
0 0.53125 0.7109375 0.0828125 0.0796875
0 0.59921875 0.6921875 0.071875 0.0828125
0 0.659375 0.68046875 0.0671875 0.0765625
0 0.71953125 0.6734375 0.065625 0.071875
0 0.7734375 0.66484375 0.0625 0.065625
0 0.815625 0.65078125 0.0625 0.075
0 0.86640625 0.640625 0.05625 0.071875
0 0.9046875 0.625 0.05625 0.0671875
0 0.940625 0.615625 0.0546875 0.059375
0 0.975 0.60078125 0.05 0.071875
0 0.02109375 0.86171875 0.0421875 0.0953125
0 0.10078125 0.84375 0.121875 0.0953125
0 0.2078125 0.81484375 0.10625 0.096875
0 0.30859375 0.8046875 0.0921875 0.0859375
0 0.3921875 0.775 0.084375 0.0828125
0 0.471875 0.7671875 0.078125 0.08125
0 0.54375 0.75 0.075 0.078125
0 0.6078125 0.7390625 0.0671875 0.06875
0 0.6640625 0.72578125 0.0671875 0.0765625
0 0.72421875 0.7203125 0.059375 0.065625
0 0.76796875 0.7015625 0.0609375 0.0671875
0 0.82109375 0.69765625 0.0625 0.071875
0 0.86015625 0.68203125 0.0546875 0.059375
0 0.90078125 0.6734375 0.0515625 0.0609375
0 0.9359375 0.65859375 0.0546875 0.059375
0 0.959375 0.6515625 0.0484375 0.059375
0 0.97265625 0.67734375 0.04375 0.0484375
0 0.93671875 0.71328125 0.0421875 0.0640625
0 0.89765625 0.72421875 0.05 0.0609375
0 0.8609375 0.73203125 0.053125 0.0640625
0 0.81953125 0.74453125 0.0515625 0.0625
0 0.7765625 0.75234375 0.053125 0.0671875
0 0.728125 0.7703125 0.059375 0.071875
0 0.6765625 0.78359375 0.0640625 0.065625
0 0.61875 0.796875 0.065625 0.06875
0 0.553125 0.80546875 0.075 0.06875
0 0.4875 0.821875 0.0734375 0.078125
0 0.41640625 0.834375 0.0828125 0.0765625
0 0.3375 0.85546875 0.0828125 0.0828125
0 0.2546875 0.88828125 0.096875 0.09375
0 0.1546875 0.90625 0.103125 0.090625
0 0.053125 0.94140625 0.10625 0.0890625