0 0.29915375078125 0.8187985492187501 0.1281989765625 0.15940579843750005
0 0.41537095546874997 0.7912187265624999 0.12555427343749997 0.1633497125
0 0.5255016828125 0.76439820234375 0.11781264687499995 0.16295259843750004
0 0.6376754195312501 0.73927932578125 0.12217406718749997 0.16863121093750005
0 0.7520730515625 0.7079068421875 0.12805178749999993 0.16411825625
0 0.20879763828125003 0.71060860390625 0.1389247609375 0.15718802031249995
0 0.33613678671875 0.6798720671874999 0.11960778906250003 0.14917141875000003
0 0.45085243750000004 0.65439716484375 0.11785631562500005 0.1567508359375
0 0.5582983765625 0.62148778359375 0.11786359062500003 0.1563723859375
0 0.6697280078125 0.5956390546875 0.12262551249999998 0.15926109687499998
0 0.78932430078125 0.57229639140625 0.12220437031250002 0.15919225781249996
0 0.8220887335937501 0.4385753015625 0.1268336640625 0.15099362187499996
0 0.71254398125 0.45664243281250005 0.12536200624999996 0.144271453125
0 0.5959893296875001 0.48648299453125 0.12380138437500002 0.15119860156250003
0 0.48860539609375 0.51657436640625 0.1164647140625 0.14039637656249998
0 0.37585384921875004 0.54128037734375 0.11673442968749996 0.15380767031250003
0 0.2668822140625 0.57180187578125 0.12169003125 0.15667343281250004
0 0.1417496484375 0.6056003242187501 0.12194497499999998 0.1529317578125
0 0.08652195078125 0.4986877828124999 0.1327625484375 0.144808984375
0 0.19626652421875 0.47236444453125 0.1135608296875 0.14506842031250003
0 0.31277011718750003 0.44092643828125 0.112107965625 0.1433294390625
0 0.41470544687499994 0.41068077578124995 0.11514752187499999 0.13477102031250002
0 0.52208640078125 0.39241173749999997 0.11570857343750003 0.13913345625000004
0 0.6274831421875 0.36589868359375 0.114908546875 0.13900433906249998
0 0.74175501796875 0.33056231953125004 0.12189261718749993 0.14907415156250003
0 0.8470060179687501 0.31252695937499997 0.1300931859375 0.14736668437499997
0 0.1326477875 0.36654863281249994 0.11406648125 0.13751194687499999
0 0.23783348828125 0.34609659296875 0.10419872968750002 0.13846954218750002
0 0.34440365859375 0.31555196484375003 0.11382587656250003 0.1397713390625
0 0.45651488515624994 0.2852888703125 0.11408527343749997 0.133970971875
0 0.55424988984375 0.2685795421875 0.1141566390625 0.13815137187499998
0 0.66367319765625 0.2437823640625 0.11757508281249995 0.1317376125
0 0.7700573875 0.20948258671874997 0.11986132187500002 0.1384123484375
0 0.8067420359374999 0.0794353234375 0.11091025937500003 0.125511359375
0 0.69623808046875 0.107092259375 0.11663818906249998 0.12908966875
0 0.5888740703125 0.134121359375 0.11625202500000001 0.14051693125
0 0.48811932421875 0.16374976953125 0.11519118906249996 0.1330635515625
0 0.3811608203125 0.18708740859375 0.10876979687499996 0.13756794531250002
0 0.27320555390625 0.20920262734375 0.1079479359375 0.1319052578125
0 0.17205875312500002 0.24106639687500003 0.107131940625 0.130726759375
0 0.06357427890625 0.2673498484375 0.10704602031250002 0.13431791249999997
0 0.10888100703125 0.13908622734375 0.1046198703125 0.12888314843749998
0 0.21890629609375 0.1179105984375 0.1055832671875 0.12790260937499998
0 0.31491738984374995 0.09818203671875 0.10323413593750001 0.1268388421875
0 0.41666067656249994 0.07516607890625 0.10593423749999994 0.12293380156249997
0 0.8699552210937501 0.18581782421874998 0.11562547343749988 0.1284459640625
0 0.03823231640625 0.38923990937499997 0.0764646328125 0.14588131250000003
0 0.52389206484375 0.05017518515625 0.10658121093749999 0.1003503703125
0 0.62795098984375 0.03962306953125 0.11046869843749993 0.0792461390625
0 0.7296447328125 0.02503621875 0.10936984687499995 0.0500724375