0 0.6826923076923077 0.34975961538461536 0.22596153846153846 0.2548076923076923
0 0.8954326923076923 0.3557692307692308 0.2091346153846154 0.2403846153846154
0 0.9459134615384616 0.14423076923076922 0.10576923076923077 0.28125
0 0.7848557692307693 0.13701923076923078 0.22355769230769232 0.27403846153846156
0 0.5721153846153846 0.14302884615384615 0.23317307692307693 0.28365384615384615
0 0.6790865384615384 0.018028846153846152 0.22355769230769232 0.036057692307692304
0 0.8966346153846154 0.018028846153846152 0.20673076923076922 0.036057692307692304
0 0.009615384615384616 0.5408653846153846 0.016826923076923076 0.06009615384615385
0 0.019230769230769232 0.4951923076923077 0.038461538461538464 0.038461538461538464
0 0.09014423076923077 0.6334134615384616 0.05048076923076923 0.0625
0 0.11298076923076923 0.5793269230769231 0.05048076923076923 0.0625
0 0.40024038461538464 0.984375 0.057692307692307696 0.03125
0 0.36658653846153844 0.9459134615384616 0.057692307692307696 0.07211538461538461
0 0.421875 0.9447115384615384 0.057692307692307696 0.07211538461538461
0 0.010817307692307692 0.7403846153846154 0.021634615384615384 0.0625
0 0.29927884615384615 0.8341346153846154 0.055288461538461536 0.06971153846153846
0 0.11778846153846154 0.7860576923076923 0.05048076923076923 0.06490384615384616
0 0.06971153846153846 0.7896634615384616 0.052884615384615384 0.06490384615384616
0 0.09254807692307693 0.7355769230769231 0.04807692307692308 0.06490384615384616
0 0.13701923076923078 0.6286057692307693 0.04807692307692308 0.0625
0 0.2692307692307692 0.7800480769230769 0.055288461538461536 0.06490384615384616
0 0.3545673076923077 0.8317307692307693 0.057692307692307696 0.06971153846153846
0 0.29927884615384615 0.484375 0.05048076923076923 0.016826923076923076
0 0.04447115384615385 0.7379807692307693 0.052884615384615384 0.0625
0 0.06490384615384616 0.5841346153846154 0.04807692307692308 0.06009615384615385
0 0.01201923076923077 0.9567307692307693 0.02403846153846154 0.06971153846153846
0 0.39783653846153844 0.7163461538461539 0.055288461538461536 0.06490384615384616
0 0.33653846153846156 0.6141826923076923 0.055288461538461536 0.0625
0 0.2403846153846154 0.7271634615384616 0.052884615384615384 0.06490384615384616
0 0.07091346153846154 0.8990384615384616 0.052884615384615384 0.06971153846153846
0 0.02283653846153846 0.7920673076923077 0.04567307692307692 0.06490384615384616
0 0.16346153846153846 0.6778846153846154 0.052884615384615384 0.0625
0 0.21394230769230768 0.6754807692307693 0.052884615384615384 0.06490384615384616
0 0.02403846153846154 0.9903846153846154 0.04807692307692308 0.019230769230769232
0 0.25841346153846156 0.5637019230769231 0.052884615384615384 0.06009615384615385
0 0.34375 0.7199519230769231 0.055288461538461536 0.06490384615384616
0 0.31009615384615385 0.9507211538461539 0.057692307692307696 0.07211538461538461
0 0.43149038461538464 0.8834134615384616 0.036057692307692304 0.07211538461538461
0 0.20793269230769232 0.5709134615384616 0.052884615384615384 0.0625
0 0.3762019230769231 0.7740384615384616 0.057692307692307696 0.06490384615384616
0 0.28846153846153844 0.9867788461538461 0.057692307692307696 0.026442307692307692
0 0.36538461538461536 0.6646634615384616 0.055288461538461536 0.0625
0 0.2848557692307692 0.6165865384615384 0.052884615384615384 0.06490384615384616
0 0.11538461538461539 0.6814903846153846 0.04807692307692308 0.0625
0 0.4387019230769231 0.9831730769230769 0.02403846153846154 0.03365384615384615
0 0.15985576923076922 0.5745192307692307 0.05048076923076923 0.06009615384615385
0 0.010817307692307692 0.8473557692307693 0.021634615384615384 0.06490384615384616
0 0.1814903846153846 0.5228365384615384 0.04807692307692308 0.06009615384615385
0 0.18990384615384615 0.7295673076923077 0.052884615384615384 0.06490384615384616
0 0.2920673076923077 0.7235576923076923 0.055288461538461536 0.06490384615384616
0 0.23197115384615385 0.9879807692307693 0.055288461538461536 0.02403846153846154
0 0.14182692307692307 0.7319711538461539 0.052884615384615384 0.0625
0 0.38822115384615385 0.8846153846153846 0.057692307692307696 0.06971153846153846
0 0.14903846153846154 0.9555288461538461 0.055288461538461536 0.07211538461538461
0 0.3137019230769231 0.6670673076923077 0.055288461538461536 0.0625
0 0.02283653846153846 0.6887019230769231 0.04567307692307692 0.0625
0 0.02403846153846154 0.9002403846153846 0.04807692307692308 0.06971153846153846
0 0.24759615384615385 0.8377403846153846 0.055288461538461536 0.06971153846153846
0 0.010817307692307692 0.640625 0.021634615384615384 0.06009615384615385
0 0.0733173076923077 0.9891826923076923 0.052884615384615384 0.021634615384615384
0 0.04567307692307692 0.84375 0.052884615384615384 0.06490384615384616
0 0.2800480769230769 0.5132211538461539 0.052884615384615384 0.06009615384615385
0 0.1346153846153846 0.5276442307692307 0.05048076923076923 0.06009615384615385
0 0.0985576923076923 0.9567307692307693 0.052884615384615384 0.06971153846153846
0 0.042067307692307696 0.5348557692307693 0.05048076923076923 0.06009615384615385
0 0.3425480769230769 0.9855769230769231 0.057692307692307696 0.028846153846153848
0 0.12379807692307693 0.9891826923076923 0.055288461538461536 0.021634615384615384
0 0.16706730769230768 0.7848557692307693 0.05048076923076923 0.06490384615384616
0 0.15625 0.4891826923076923 0.05048076923076923 0.026442307692307692
0 0.26322115384615385 0.671875 0.052884615384615384 0.06490384615384616
0 0.09495192307692307 0.8425480769230769 0.052884615384615384 0.06971153846153846
0 0.21754807692307693 0.7824519230769231 0.052884615384615384 0.06490384615384616
0 0.34975961538461536 0.4831730769230769 0.05048076923076923 0.014423076923076924
0 0.18629807692307693 0.6237980769230769 0.052884615384615384 0.0625
0 0.12139423076923077 0.8978365384615384 0.052884615384615384 0.06971153846153846
0 0.17668269230769232 0.9891826923076923 0.055288461538461536 0.021634615384615384
0 0.3329326923076923 0.890625 0.057692307692307696 0.07211538461538461
0 0.14543269230769232 0.8413461538461539 0.052884615384615384 0.06490384615384616
0 0.2548076923076923 0.9519230769230769 0.055288461538461536 0.06971153846153846
0 0.32211538461538464 0.7776442307692307 0.055288461538461536 0.06490384615384616
0 0.4098557692307692 0.8257211538461539 0.057692307692307696 0.07211538461538461
0 0.203125 0.4879807692307692 0.05048076923076923 0.02403846153846154
0 0.3798076923076923 0.5084134615384616 0.052884615384615384 0.06009615384615385
0 0.04326923076923077 0.6358173076923077 0.04807692307692308 0.0625
0 0.4182692307692308 0.6610576923076923 0.055288461538461536 0.06490384615384616
0 0.20192307692307693 0.9543269230769231 0.052884615384615384 0.06971153846153846
0 0.2247596153846154 0.8954326923076923 0.055288461538461536 0.06971153846153846
0 0.3076923076923077 0.5625 0.04807692307692308 0.0625
0 0.328125 0.5108173076923077 0.052884615384615384 0.06009615384615385
0 0.08774038461538461 0.53125 0.04807692307692308 0.0625
0 0.2512019230769231 0.4855769230769231 0.052884615384615384 0.019230769230769232
0 0.4423076923076923 0.8221153846153846 0.016826923076923076 0.06971153846153846
0 0.43028846153846156 0.6069711538461539 0.040865384615384616 0.0625
0 0.4266826923076923 0.7680288461538461 0.04807692307692308 0.06490384615384616
0 0.0673076923076923 0.6862980769230769 0.05048076923076923 0.0625
0 0.35697115384615385 0.5600961538461539 0.052884615384615384 0.06490384615384616
0 0.4375 0.7103365384615384 0.026442307692307692 0.06490384615384616
0 0.40865384615384615 0.5564903846153846 0.052884615384615384 0.0625
0 0.23076923076923078 0.5180288461538461 0.052884615384615384 0.06009615384615385
0 0.020432692307692308 0.5877403846153846 0.040865384615384616 0.06009615384615385
0 0.19471153846153846 0.8401442307692307 0.052884615384615384 0.06971153846153846
0 0.0625 0.4951923076923077 0.04807692307692308 0.036057692307692304
0 0.27884615384615385 0.8930288461538461 0.055288461538461536 0.06971153846153846
0 0.17307692307692307 0.8966346153846154 0.052884615384615384 0.06971153846153846
0 0.23557692307692307 0.6201923076923077 0.05048076923076923 0.06490384615384616
0 0.3870192307692308 0.609375 0.055288461538461536 0.0625
0 0.10817307692307693 0.49158653846153844 0.05048076923076923 0.03125
0 0.046875 0.9567307692307693 0.052884615384615384 0.06971153846153846
0 0.4266826923076923 0.5048076923076923 0.04807692307692308 0.057692307692307696
0 0.6237980769230769 0.9543269230769231 0.06490384615384616 0.09134615384615384
0 0.49038461538461536 0.9495192307692307 0.08173076923076923 0.10096153846153846
0 0.6923076923076923 0.9459134615384616 0.0985576923076923 0.10576923076923077
0 0.8353365384615384 0.9495192307692307 0.0985576923076923 0.10096153846153846
0 0.47596153846153844 0.859375 0.052884615384615384 0.10336538461538461
0 0.6153846153846154 0.8581730769230769 0.09134615384615384 0.14182692307692307
0 0.5348557692307693 0.8581730769230769 0.08173076923076923 0.11057692307692307
0 0.8076923076923077 0.8545673076923077 0.09134615384615384 0.14423076923076922
0 0.9086538461538461 0.8521634615384616 0.09375 0.14903846153846154
0 0.7223557692307693 0.8509615384615384 0.09134615384615384 0.1201923076923077
0 0.7788461538461539 0.7379807692307693 0.08173076923076923 0.13942307692307693
0 0.6682692307692307 0.7367788461538461 0.09134615384615384 0.1466346153846154
0 0.8581730769230769 0.7247596153846154 0.09375 0.1466346153846154
0 0.5276442307692307 0.7247596153846154 0.08653846153846154 0.14423076923076922
0 0.6117788461538461 0.6069711538461539 0.0889423076923077 0.14423076923076922
0 0.8125 0.6021634615384616 0.09134615384615384 0.13942307692307693
0 0.703125 0.6021634615384616 0.09134615384615384 0.14903846153846154
0 0.4831730769230769 0.5973557692307693 0.06490384615384616 0.1466346153846154
0 0.90625 0.5925480769230769 0.09375 0.14423076923076922
0 0.5444711538461539 0.5144230769230769 0.0889423076923077 0.07451923076923077
0 0.48197115384615385 0.5108173076923077 0.0625 0.06971153846153846
0 0.7331730769230769 0.5060096153846154 0.09375 0.06009615384615385
0 0.8269230769230769 0.5012019230769231 0.10096153846153846 0.05048076923076923
0 0.6706730769230769 0.5168269230769231 0.052884615384615384 0.08173076923076923