0 0.2435803265625 0.26795913984375 0.029590499999999985 0.029133251562499973
0 0.227718728125 0.296373228125 0.027724437499999997 0.027304278125000005
0 0.25747949140625004 0.29773418359375 0.027383989062499968 0.02730510156250001
0 0.1294835265625 0.23038541796874998 0.03172315937499999 0.026955060937499997
0 0.066703625 0.20737832421875 0.023992315624999993 0.020692785937499993
0 0.0797661234375 0.24114021484374998 0.025058646875 0.022326407812500015
0 0.11510223984375001 0.26581897421875 0.02796282031249999 0.021978085937499968
0 0.37859237734375 0.6602163929687499 0.06694827343750002 0.07147175156249999
0 0.37731403203125 0.7312240492187501 0.06950496406250002 0.07673158906250004
0 0.394193446875 0.80635020703125 0.0611925125 0.07951621718749999
0 0.39479930468749996 0.8623518906250001 0.06361599062499997 0.07270934687499989
0 0.45705208984375006 0.8389920546875 0.05483092031250001 0.06868714375000007
0 0.45768102499999996 0.78283568671875 0.055996531250000016 0.07518456406249996
0 0.45220516328125004 0.71204114453125 0.0566485390625 0.07920679843749996
0 0.44735823515625006 0.6447463179687499 0.06149544218750007 0.07765977968749996
0 0.510974225 0.6297403421875 0.05543677812500007 0.07363756874999998
0 0.51494488046875 0.6930129640625 0.052342420312499985 0.07270938437499996
0 0.51688143671875 0.757774153125 0.05210453906249999 0.07518457187499994
0 0.5156696999999999 0.81439463671875 0.05573972812500001 0.07023413593750005
0 0.5692888929687501 0.61262697109375 0.05271037343750003 0.07487516093749998
0 0.576862203125 0.67754287578125 0.05392213437499995 0.06961534218750005
0 0.5762563453125 0.7354972468750001 0.050286896875000056 0.07085295624999999
0 0.572621153125 0.7935581734374999 0.04786346562500006 0.06930593749999998
0 0.6427078703125 0.602559559375 0.05399114687499997 0.06892996875000001
0 0.69821753515625 0.59170308828125 0.05162904218750004 0.06720671406249998
0 0.63764621484375 0.6618393250000001 0.05939025781250003 0.06479415937500006
0 0.6359589789062501 0.71750028671875 0.04994182343750007 0.06238159531249998
0 0.633934315625 0.7719549453125001 0.04589249687500008 0.06307092500000007
0 0.6901188585937501 0.6480533382812499 0.04622991093750004 0.05859046718750003
0 0.6872505703125 0.703024984375 0.04454271250000001 0.05962442499999998
0 0.6880941820312501 0.75851359921875 0.04622993593749998 0.06376021093749999
0 0.747106575 0.5797590460937501 0.041586578124999996 0.062036970312500016
0 0.735336421875 0.6362816296875 0.03880613750000004 0.054454693749999984
0 0.7333117734375 0.6904452546875001 0.04015591874999993 0.055833271875
0 0.73584261953125 0.742487384375 0.038468673437500024 0.05790116250000006
0 0.79135225859375 0.5644221328125 0.03543168906250003 0.06100300000000001
0 0.7921958703125 0.62335724140625 0.04049335937499991 0.06031371406250008
0 0.7825787015625 0.67884587421875 0.046229909375000044 0.0554886265625
0 0.7795063914062499 0.727269175 0.042251189062499875 0.05514396875000003
0 0.8258283687500001 0.712104578125 0.038692609375000055 0.05169746875000003
0 0.8674460414062501 0.69814625 0.032394710937500015 0.052731431249999974
0 0.8317349999999999 0.66454289453125 0.03362824062499996 0.048250973437500025
0 0.8434874749999999 0.6123284640625 0.036444037499999915 0.05755654687499998
0 0.8680162460937499 0.6512738828125 0.03192912656249991 0.04652772499999998
0 0.8520922984375 0.5554612359375 0.04757971562499996 0.058935118750000015
0 0.8900548234375 0.60095501015625 0.03711891250000008 0.04790631406250005
0 0.89916581875 0.54805126640625 0.03914360312500005 0.05100817343749995
0 0.9031161703125001 0.68039680078125 0.031242899999999983 0.04756164218750003
0 0.68984375 0.4625 0.04375 0.0515625
0 0.740625 0.51953125 0.046875 0.0515625
0 0.7890625 0.4484375 0.0484375 0.0546875
0 0.74003711484375 0.45511423281249996 0.04476558281249998 0.06061934375
0 0.6867208664062501 0.52343942734375 0.052813273437500016 0.06267424843749998
0 0.7908384484375001 0.50545914140625 0.04375963124999993 0.05959193593749994
0 0.94012486640625 0.53572918359375 0.03198977343750009 0.06262285156249998
0 0.92812863671875 0.58644008671875 0.033322660937500005 0.04968987968750005
0 0.971448146875 0.52279620234375 0.030656787499999893 0.05037055468749996
0 0.9105605382812498 0.63401997421875 0.04287941718749995 0.04982602968749994
0 0.940930725 0.6660121007812501 0.03758795624999998 0.046831017187500025
0 0.94959461875 0.6210870015625 0.03572189687500007 0.05445469062499999
0 0.95812521015625 0.57262234140625 0.028257614062500026 0.04792009843749998