0 0.43424200142857144 0.20381272 0.008656128571428619 0.13306373999999999
0 0.44421521857142854 0.146290385 0.009900722857142828 0.16771571000000002
0 0.4437582192857143 0.30018306 0.008986724285714282 0.15100719999999998
0 0.45098939571428576 0.27935409 0.009900717142857129 0.16494354
0 0.46110724071428566 0.336773455 0.009987569999999956 0.16376335
0 0.4716593242857143 0.38561982 0.01042180571428576 0.17141279999999998
0 0.47747816714285723 0.242622955 0.00833744857142855 0.14138019
0 0.43552472214285715 0.48449396 0.010063112857142837 0.16494352000000007
0 0.4490353064285715 0.46162364499999997 0.009987569999999956 0.16078528999999997
0 0.43883413785714287 0.666625965 0.010800492857142834 0.16953424999999997
0 0.4489918792857143 0.6896338499999999 0.010421812857142883 0.16494355999999996
0 0.4623665435714286 0.58706389 0.01007441857142859 0.16771568000000003
0 0.4740476592857143 0.553797945 0.01033497285714288 0.15939923
0 0.46944468999999994 0.6958311549999999 0.0072084228571428965 0.11651078999999996
0 0.47812953357142857 0.7010279550000001 0.00720842428571424 0.11997799
0 0.4885513464285714 0.70535696 0.007208424285714322 0.1113199800000001
0 0.48416550428571425 0.59052909 0.0069478742857142246 0.10811430000000001
0 0.48442604571428577 0.4387871749999999 0.007295277142857149 0.11497695000000001
0 0.4915476214285715 0.505299045 0.007468971428571405 0.10947254999999999
0 0.4958900371428571 0.36875625999999995 0.007642665714285743 0.11643076000000001
0 0.5019260071428572 0.46078569999999996 0.007382117142857153 0.12087876000000002
0 0.4944247921428571 0.630725465 0.007177761428571492 0.10811412999999995
0 0.5028337607142858 0.69028886 0.007208415714285691 0.11927901999999996
0 0.50795782 0.555184035 0.007208417142857115 0.11504465000000003
0 0.5162084214285714 0.57389617 0.0070347228571428595 0.11643085999999997
0 0.5121338521428571 0.435288125 0.007193807142857135 0.11365859
0 0.5117357292857143 0.68686165 0.006947875714285731 0.10672818000000006
0 0.5199863278571428 0.45053499 0.007121575714285687 0.10811424000000003
0 0.5201029921428572 0.6989488650000001 0.006947875714285731 0.11581981
0 0.5247438 0.57666829 0.007219588571428517 0.10811430000000001
0 0.531784105 0.37291449 0.007555812857142915 0.11643075999999997
0 0.5292050892857143 0.449816475 0.007261298571428613 0.10955127000000005
0 0.5405557957142857 0.37152843 0.0072084228571428965 0.11088642
0 0.5378560542857143 0.46439579000000003 0.007367234285714273 0.10256990000000002
0 0.5333039528571428 0.57944046 0.006253085714285719 0.10256996000000002
0 0.5285272885714286 0.7039709 0.0060793914285713815 0.10854786000000004
0 0.5358659821428571 0.7330705750000002 0.007034721428571434 0.11133595
0 0.5437691921428571 0.754548815 0.0065136328571428845 0.11273399000000012
0 0.5475036721428572 0.646291755 0.0065136328571428845 0.10747528999999993
0 0.5418585257142857 0.583070345 0.006861028571428603 0.10917099000000001
0 0.5457232821428571 0.476026595 0.006947875714285731 0.10980210999999997
0 0.5502393985714286 0.36390500000000003 0.00677418000000005 0.11781681999999996
0 0.5579689142857143 0.38457126 0.007121577142857112 0.10697802000000003
0 0.5636574864285714 0.436674185 0.006861021428571397 0.11365858999999993
0 0.554104155 0.48260949 0.006861027142857178 0.11604148000000002
0 0.5518460935714286 0.76378917 0.006687327142857141 0.11088641999999993
0 0.5562319457142857 0.6513158400000001 0.0071215771428571936 0.11406024000000002
0 0.5604875171428572 0.5505074449999999 0.007295277142857149 0.11330925
0 0.5601401221428571 0.77972906 0.006774167142857144 0.11227248000000004
0 0.5644825442857143 0.6757730200000001 0.0072952628571428995 0.11227252
0 0.4600799735714286 0.42082949 0.007588030000000003 0.08908808
0 0.4229008557142857 0.20381272 0.008656128571428619 0.13306373999999999
0 0.7086151414285714 0.20381272 0.008656128571428619 0.13306373999999999
0 0.14852771571428572 0.20381272 0.008656128571428577 0.13306373999999999
0 0.7199562871428572 0.20381272 0.008656128571428619 0.13306373999999999
0 0.13718656999999998 0.20381272 0.008656128571428577 0.13306373999999999
0 0.9943294271428571 0.20381272 0.008656128571428619 0.13306373999999999
0 0.4129276385714286 0.146290385 0.009900722857142828 0.16771571000000002
0 0.6986419242857143 0.146290385 0.009900722857142828 0.16771571000000002
0 0.15850093285714287 0.146290385 0.00990072285714287 0.16771571000000002
0 0.7299295042857142 0.146290385 0.009900722857142746 0.16771571000000002
0 0.12721335285714286 0.146290385 0.00990072285714287 0.16771571000000002
0 0.9843562100000001 0.146290385 0.009900722857142746 0.16771571000000002
0 0.4133846378571428 0.30018306 0.008986724285714282 0.15100719999999998
0 0.6990989235714286 0.30018306 0.008986724285714282 0.15100719999999998
0 0.15804393357142857 0.30018306 0.008986724285714282 0.15100719999999998
0 0.729472505 0.30018306 0.008986724285714282 0.15100719999999998
0 0.12767035214285716 0.30018306 0.008986724285714282 0.15100719999999998
0 0.9848132092857141 0.30018306 0.008986724285714282 0.15100719999999998
0 0.4061534614285714 0.27935409 0.009900717142857129 0.16494354
0 0.6918677471428571 0.27935409 0.009900717142857129 0.16494354
0 0.16527511 0.27935409 0.009900717142857129 0.16494354
0 0.7367036814285715 0.27935409 0.00990071714285721 0.16494354
0 0.12043917571428571 0.27935409 0.009900717142857129 0.16494354
0 0.9775820328571428 0.27935409 0.00990071714285721 0.16494354
0 0.3960356164285715 0.336773455 0.009987569999999956 0.16376335
0 0.6817499021428571 0.336773455 0.009987569999999956 0.16376335
0 0.17539295500000002 0.336773455 0.009987569999999998 0.16376335
0 0.7468215264285714 0.336773455 0.009987570000000038 0.16376335
0 0.11032133071428571 0.336773455 0.009987569999999998 0.16376335
0 0.9674641878571429 0.336773455 0.009987570000000038 0.16376335
0 0.3854835328571429 0.38561982 0.01042180571428576 0.17141279999999998
0 0.6711978185714286 0.38561982 0.01042180571428576 0.17141279999999998
0 0.18594503857142858 0.38561982 0.010421805714285698 0.17141279999999998
0 0.7573736099999999 0.38561982 0.010421805714285678 0.17141279999999998
0 0.09976924714285713 0.38561982 0.010421805714285698 0.17141279999999998
0 0.9569121042857143 0.38561982 0.010421805714285678 0.17141279999999998
0 0.3796646899999999 0.242622955 0.00833744857142855 0.14138019
0 0.6653789757142856 0.242622955 0.00833744857142855 0.14138019
0 0.19176388142857143 0.242622955 0.00833744857142859 0.14138019
0 0.7631924528571429 0.242622955 0.00833744857142863 0.14138019
0 0.09395040428571429 0.242622955 0.008337448571428579 0.14138019
0 0.9510932614285713 0.242622955 0.00833744857142863 0.14138019
0 0.421618135 0.48449396 0.010063112857142837 0.16494352000000007
0 0.7073324207142857 0.48449396 0.010063112857142837 0.16494352000000007
0 0.14981043642857142 0.48449396 0.010063112857142857 0.16494352000000007
0 0.7212390078571428 0.48449396 0.010063112857142837 0.16494352000000007
0 0.1359038492857143 0.48449396 0.010063112857142857 0.16494352000000007
0 0.9930467064285714 0.48449396 0.010063112857142837 0.16494352000000007
0 0.40810755071428567 0.46162364499999997 0.009987569999999956 0.16078528999999997
0 0.6938218364285714 0.46162364499999997 0.009987569999999956 0.16078528999999997
0 0.16332102071428573 0.46162364499999997 0.009987569999999998 0.16078528999999997
0 0.7347495921428572 0.46162364499999997 0.009987570000000038 0.16078528999999997
0 0.122393265 0.46162364499999997 0.009987569999999998 0.16078528999999997
0 0.9795361221428571 0.46162364499999997 0.009987570000000038 0.16078528999999997
0 0.4183087192857143 0.666625965 0.010800492857142834 0.16953424999999997
0 0.704023005 0.666625965 0.010800492857142834 0.16953424999999997
0 0.15311985214285714 0.666625965 0.010800492857142855 0.16953424999999997
0 0.7245484235714286 0.666625965 0.010800492857142834 0.16953424999999997
0 0.13259443357142855 0.666625965 0.010800492857142855 0.16953424999999997
0 0.9897372907142858 0.666625965 0.010800492857142834 0.16953424999999997
0 0.4081509778571428 0.6896338499999999 0.010421812857142883 0.16494355999999996
0 0.6938652635714285 0.6896338499999999 0.010421812857142883 0.16494355999999996
0 0.1632775935714286 0.6896338499999999 0.010421812857142864 0.16494355999999996
0 0.7347061650000001 0.6896338499999999 0.010421812857142883 0.16494355999999996
0 0.12243669214285713 0.6896338499999999 0.010421812857142864 0.16494355999999996
0 0.9795795492857142 0.6896338499999999 0.010421812857142965 0.16494355999999996
0 0.39477631357142856 0.58706389 0.01007441857142859 0.16771568000000003
0 0.6804905992857143 0.58706389 0.01007441857142859 0.16771568000000003
0 0.17665225785714284 0.58706389 0.010074418571428571 0.16771568000000003
0 0.7480808292857143 0.58706389 0.01007441857142859 0.16771568000000003
0 0.10906202785714288 0.58706389 0.010074418571428571 0.16771568000000003
0 0.966204885 0.58706389 0.01007441857142859 0.16771568000000003
0 0.3830951978571428 0.553797945 0.01033497285714288 0.15939923
0 0.6688094835714286 0.553797945 0.01033497285714288 0.15939923
0 0.18833337357142857 0.553797945 0.01033497285714288 0.15939923
0 0.759761945 0.553797945 0.010334972857142799 0.15939923
0 0.09738091214285714 0.553797945 0.01033497285714286 0.15939923
0 0.9545237692857143 0.553797945 0.010334972857142799 0.15939923
0 0.3876981671428572 0.6958311549999999 0.0072084228571428965 0.11651078999999996
0 0.6734124528571429 0.6958311549999999 0.0072084228571428965 0.11651078999999996
0 0.1837304042857143 0.6958311549999999 0.007208422857142856 0.11651078999999996
0 0.7551589757142857 0.6958311549999999 0.007208422857142815 0.11651078999999996
0 0.10198388142857143 0.6958311549999999 0.007208422857142856 0.11651078999999996
0 0.9591267385714286 0.6958311549999999 0.007208422857142815 0.11651078999999996
0 0.3790133235714286 0.7010279550000001 0.00720842428571424 0.11997799
0 0.6647276092857143 0.7010279550000001 0.00720842428571424 0.11997799
0 0.19241524785714287 0.7010279550000001 0.007208424285714281 0.11997799
0 0.7638438192857143 0.7010279550000001 0.00720842428571424 0.11997799
0 0.09329903785714286 0.7010279550000001 0.007208424285714281 0.11997799
0 0.950441895 0.7010279550000001 0.00720842428571424 0.11997799
0 0.36859151071428575 0.70535696 0.007208424285714322 0.1113199800000001
0 0.6543057964285715 0.70535696 0.007208424285714322 0.1113199800000001
0 0.20283706071428576 0.70535696 0.007208424285714281 0.1113199800000001
0 0.774265632142857 0.70535696 0.00720842428571424 0.1113199800000001
0 0.082877225 0.70535696 0.007208424285714281 0.1113199800000001
0 0.9400200821428571 0.70535696 0.00720842428571424 0.1113199800000001
0 0.3729773528571429 0.59052909 0.0069478742857142246 0.10811430000000001
0 0.6586916385714287 0.59052909 0.0069478742857142246 0.10811430000000001
0 0.19845121857142856 0.59052909 0.006947874285714306 0.10811430000000001
0 0.76987979 0.59052909 0.006947874285714306 0.10811430000000001
0 0.08726306714285714 0.59052909 0.006947874285714286 0.10811430000000001
0 0.9444059242857143 0.59052909 0.006947874285714306 0.10811430000000001
0 0.3727168114285713 0.4387871749999999 0.007295277142857149 0.11497695000000001
0 0.6584310971428571 0.4387871749999999 0.007295277142857149 0.11497695000000001
0 0.19871176 0.4387871749999999 0.007295277142857149 0.11497695000000001
0 0.7701403314285715 0.4387871749999999 0.007295277142857068 0.11497695000000001
0 0.08700252571428573 0.4387871749999999 0.0072952771428571395 0.11497695000000001
0 0.9441453828571428 0.4387871749999999 0.007295277142857068 0.11497695000000001
0 0.3655952357142857 0.505299045 0.007468971428571405 0.10947254999999999
0 0.6513095214285713 0.505299045 0.007468971428571405 0.10947254999999999
0 0.20583333571428572 0.505299045 0.007468971428571405 0.10947254999999999
0 0.7772619071428571 0.505299045 0.007468971428571487 0.10947254999999999
0 0.07988095 0.505299045 0.007468971428571425 0.10947254999999999
0 0.937023807142857 0.505299045 0.007468971428571487 0.10947254999999999
0 0.36125282000000003 0.36875625999999995 0.0076426657142857025 0.11643076000000001
0 0.6469671057142857 0.36875625999999995 0.007642665714285743 0.11643076000000001
0 0.2101757514285714 0.36875625999999995 0.0076426657142857025 0.11643076000000001
0 0.7816043228571429 0.36875625999999995 0.007642665714285743 0.11643076000000001
0 0.07553853428571429 0.36875625999999995 0.007642665714285712 0.11643076000000001
0 0.9326813914285714 0.36875625999999995 0.007642665714285743 0.11643076000000001
0 0.35521685 0.46078569999999996 0.007382117142857153 0.12087876000000002
0 0.6409311357142857 0.46078569999999996 0.007382117142857153 0.12087876000000002
0 0.21621172142857145 0.46078569999999996 0.007382117142857153 0.12087876000000002
0 0.7876402928571429 0.46078569999999996 0.0073821171428572335 0.12087876000000002
0 0.06950256428571429 0.46078569999999996 0.007382117142857153 0.12087876000000002
0 0.9266454214285714 0.46078569999999996 0.0073821171428572335 0.12087876000000002
0 0.36271806500000003 0.630725465 0.007177761428571451 0.10811412999999995
0 0.6484323507142857 0.630725465 0.007177761428571492 0.10811412999999995
0 0.20871050642857142 0.630725465 0.007177761428571411 0.10811412999999995
0 0.7801390778571428 0.630725465 0.00717776142857133 0.10811412999999995
0 0.07700377928571428 0.630725465 0.007177761428571431 0.10811412999999995
0 0.9341466364285715 0.630725465 0.00717776142857133 0.10811412999999995
0 0.35430909642857145 0.69028886 0.007208415714285691 0.11927901999999996
0 0.6400233821428571 0.69028886 0.007208415714285691 0.11927901999999996
0 0.217119475 0.69028886 0.007208415714285691 0.11927901999999996
0 0.7885480464285715 0.69028886 0.007208415714285691 0.11927901999999996
0 0.06859481071428572 0.69028886 0.007208415714285711 0.11927901999999996
0 0.9257376678571428 0.69028886 0.007208415714285691 0.11927901999999996
0 0.34918503714285715 0.555184035 0.007208417142857156 0.11504465000000003
0 0.6348993228571429 0.555184035 0.007208417142857115 0.11504465000000003
0 0.22224353428571428 0.555184035 0.007208417142857156 0.11504465000000003
0 0.7936721057142858 0.555184035 0.007208417142857115 0.11504465000000003
0 0.06347075142857142 0.555184035 0.007208417142857146 0.11504465000000003
0 0.9206136085714284 0.555184035 0.007208417142857115 0.11504465000000003
0 0.3409344357142857 0.57389617 0.0070347228571428595 0.11643085999999997
0 0.6266487214285714 0.57389617 0.0070347228571428595 0.11643085999999997
0 0.23049413571428573 0.57389617 0.0070347228571428595 0.11643085999999997
0 0.8019227071428571 0.57389617 0.0070347228571428595 0.11643085999999997
0 0.05522015 0.57389617 0.0070347228571428595 0.11643085999999997
0 0.9123630071428572 0.57389617 0.0070347228571428595 0.11643085999999997
0 0.345009005 0.435288125 0.007193807142857135 0.11365859
0 0.6307232907142857 0.435288125 0.007193807142857135 0.11365859
0 0.22641956642857142 0.435288125 0.007193807142857135 0.11365859
0 0.7978481378571428 0.435288125 0.007193807142857135 0.11365859
0 0.05929471928571429 0.435288125 0.007193807142857145 0.11365859
0 0.9164375764285715 0.435288125 0.007193807142857135 0.11365859
0 0.34540712785714284 0.68686165 0.006947875714285731 0.10672818000000006
0 0.6311214135714286 0.68686165 0.006947875714285731 0.10672818000000006
0 0.2260214435714286 0.68686165 0.006947875714285731 0.10672818000000006
0 0.7974500150000001 0.68686165 0.006947875714285568 0.10672818000000006
0 0.059692842142857146 0.68686165 0.0069478757142857105 0.10672818000000006
0 0.9168356992857142 0.68686165 0.006947875714285568 0.10672818000000006
0 0.33715652928571427 0.45053499 0.007121575714285728 0.10811424000000003
0 0.6228708157142857 0.45053499 0.007121577142857112 0.10811424000000003
0 0.23427204142857144 0.45053499 0.007121577142857153 0.10811424000000003
0 0.8057006135714285 0.45053499 0.007121575714285687 0.10811424000000003
0 0.05144224357142856 0.45053499 0.007121575714285717 0.10811424000000003
0 0.9085851014285715 0.45053499 0.007121577142857112 0.10811424000000003
0 0.337039865 0.6989488650000001 0.0069478757142856905 0.11581981
0 0.6227541507142857 0.6989488650000001 0.006947875714285731 0.11581981
0 0.2343887064285714 0.6989488650000001 0.0069478757142856905 0.11581981
0 0.805817277857143 0.6989488650000001 0.006947875714285731 0.11581981
0 0.05132557928571429 0.6989488650000001 0.0069478757142857105 0.11581981
0 0.9084684364285713 0.6989488650000001 0.006947875714285731 0.11581981
0 0.3323990571428571 0.57666829 0.007219588571428598 0.10811430000000001
0 0.6181133428571429 0.57666829 0.007219588571428517 0.10811430000000001
0 0.23902951428571428 0.57666829 0.007219588571428598 0.10811430000000001
0 0.8104580857142858 0.57666829 0.007219588571428598 0.10811430000000001
0 0.04668477142857142 0.57666829 0.0072195885714285675 0.10811430000000001
0 0.9038276285714284 0.57666829 0.007219588571428598 0.10811430000000001
0 0.32535875214285714 0.37291449 0.0075558128571428336 0.11643075999999997
0 0.6110730378571428 0.37291449 0.007555812857142915 0.11643075999999997
0 0.24606981928571428 0.37291449 0.0075558128571428336 0.11643075999999997
0 0.8174983907142856 0.37291449 0.007555812857142915 0.11643075999999997
0 0.039644466428571425 0.37291449 0.007555812857142859 0.11643075999999997
0 0.8967873235714287 0.37291449 0.007555812857142915 0.11643075999999997
0 0.3279377678571429 0.449816475 0.007261298571428572 0.10955127000000005
0 0.6136520535714286 0.449816475 0.007261298571428613 0.10955127000000005
0 0.24349080357142855 0.449816475 0.007261298571428572 0.10955127000000005
0 0.814919375 0.449816475 0.007261298571428532 0.10955127000000005
0 0.04222348214285714 0.449816475 0.007261298571428572 0.10955127000000005
0 0.8993663392857143 0.449816475 0.007261298571428532 0.10955127000000005
0 0.31658706142857146 0.37152843 0.007208422857142856 0.11088642
0 0.6023013471428572 0.37152843 0.0072084228571428965 0.11088642
0 0.25484151 0.37152843 0.007208422857142856 0.11088642
0 0.8262700814285716 0.37152843 0.007208422857142815 0.11088642
0 0.030872775714285712 0.37152843 0.007208422857142856 0.11088642
0 0.8880156328571427 0.37152843 0.007208422857142815 0.11088642
0 0.3192868028571429 0.46439579000000003 0.007367234285714273 0.10256990000000002
0 0.6050010885714285 0.46439579000000003 0.007367234285714273 0.10256990000000002
0 0.25214176857142856 0.46439579000000003 0.007367234285714273 0.10256990000000002
0 0.82357034 0.46439579000000003 0.007367234285714273 0.10256990000000002
0 0.033572517142857146 0.46439579000000003 0.0073672342857142884 0.10256990000000002
0 0.8907153742857143 0.46439579000000003 0.007367234285714273 0.10256990000000002
0 0.32383890428571427 0.57944046 0.006253085714285719 0.10256996000000002
0 0.60955319 0.57944046 0.006253085714285719 0.10256996000000002
0 0.24758966714285716 0.57944046 0.006253085714285719 0.10256996000000002
0 0.8190182385714286 0.57944046 0.006253085714285719 0.10256996000000002
0 0.03812461857142857 0.57944046 0.006253085714285714 0.10256996000000002
0 0.8952674757142857 0.57944046 0.006253085714285719 0.10256996000000002
0 0.32861556857142854 0.7039709 0.006079391428571422 0.10854786000000004
0 0.6143298542857143 0.7039709 0.0060793914285713815 0.10854786000000004
0 0.24281300285714288 0.7039709 0.006079391428571422 0.10854786000000004
0 0.8142415742857143 0.7039709 0.006079391428571463 0.10854786000000004
0 0.042901282857142856 0.7039709 0.0060793914285714274 0.10854786000000004
0 0.90004414 0.7039709 0.006079391428571463 0.10854786000000004
0 0.321276875 0.7330705750000002 0.007034721428571434 0.11133595
0 0.6069911607142857 0.7330705750000002 0.007034721428571434 0.11133595
0 0.25015169642857144 0.7330705750000002 0.007034721428571434 0.11133595
0 0.8215802678571429 0.7330705750000002 0.007034721428571434 0.11133595
0 0.03556258928571429 0.7330705750000002 0.007034721428571429 0.11133595
0 0.8927054464285714 0.7330705750000002 0.007034721428571434 0.11133595
0 0.31337366499999997 0.754548815 0.006513632857142844 0.11273399000000012
0 0.5990879507142857 0.754548815 0.0065136328571428845 0.11273399000000012
0 0.25805490642857143 0.754548815 0.006513632857142844 0.11273399000000012
0 0.8294834778571428 0.754548815 0.006513632857142966 0.11273399000000012
0 0.027659379285714283 0.754548815 0.006513632857142859 0.11273399000000012
0 0.8848022364285714 0.754548815 0.006513632857142966 0.11273399000000012
0 0.30963918500000004 0.646291755 0.006513632857142844 0.10747528999999993
0 0.5953534707142857 0.646291755 0.0065136328571428845 0.10747528999999993
0 0.2617893864285714 0.646291755 0.006513632857142844 0.10747528999999993
0 0.8332179578571429 0.646291755 0.006513632857142803 0.10747528999999993
0 0.02392489928571429 0.646291755 0.006513632857142859 0.10747528999999993
0 0.8810677564285714 0.646291755 0.006513632857142803 0.10747528999999993
0 0.31528433142857143 0.583070345 0.006861028571428562 0.10917099000000001
0 0.6009986171428571 0.583070345 0.006861028571428603 0.10917099000000001
0 0.25614424 0.583070345 0.006861028571428562 0.10917099000000001
0 0.8275728114285714 0.583070345 0.006861028571428603 0.10917099000000001
0 0.029570045714285714 0.583070345 0.006861028571428573 0.10917099000000001
0 0.8867129028571429 0.583070345 0.006861028571428603 0.10917099000000001
0 0.311419575 0.476026595 0.0069478757142856905 0.10980210999999997
0 0.5971338607142856 0.476026595 0.006947875714285731 0.10980210999999997
0 0.26000899642857145 0.476026595 0.0069478757142856905 0.10980210999999997
0 0.8314375678571428 0.476026595 0.006947875714285731 0.10980210999999997
0 0.025705289285714288 0.476026595 0.006947875714285713 0.10980210999999997
0 0.8828481464285715 0.476026595 0.006947875714285731 0.10980210999999997
0 0.3069034585714286 0.36390500000000003 0.006774180000000009 0.11781681999999996
0 0.5926177442857143 0.36390500000000003 0.00677418000000005 0.11781681999999996
0 0.26452511285714286 0.36390500000000003 0.006774180000000009 0.11781681999999996
0 0.8359536842857141 0.36390500000000003 0.00677418000000005 0.11781681999999996
0 0.021189172857142856 0.36390500000000003 0.0067741799999999994 0.11781681999999996
0 0.87833203 0.36390500000000003 0.00677418000000005 0.11781681999999996
0 0.2991739428571429 0.38457126 0.007121577142857153 0.10697802000000003
0 0.5848882285714285 0.38457126 0.007121577142857112 0.10697802000000003
0 0.27225462857142857 0.38457126 0.007121577142857153 0.10697802000000003
0 0.8436832000000001 0.38457126 0.007121577142857112 0.10697802000000003
0 0.013459657142857144 0.38457126 0.007121577142857144 0.10697802000000003
0 0.8706025142857142 0.38457126 0.007121577142857112 0.10697802000000003
0 0.2934853707142857 0.436674185 0.006861021428571437 0.11365858999999993
0 0.5791996564285715 0.436674185 0.006861021428571397 0.11365858999999993
0 0.27794320071428574 0.436674185 0.006861021428571437 0.11365858999999993
0 0.8493717721428571 0.436674185 0.006861021428571478 0.11365858999999993
0 0.0077710850000000005 0.436674185 0.006861021428571428 0.11365858999999993
0 0.8649139421428572 0.436674185 0.006861021428571478 0.11365858999999993
0 0.30303870214285716 0.48260949 0.006861027142857137 0.11604148000000002
0 0.5887529878571429 0.48260949 0.006861027142857178 0.11604148000000002
0 0.2683898692857143 0.48260949 0.006861027142857137 0.11604148000000002
0 0.8398184407142857 0.48260949 0.006861027142857178 0.11604148000000002
0 0.01732441642857143 0.48260949 0.006861027142857142 0.11604148000000002
0 0.8744672735714286 0.48260949 0.006861027142857178 0.11604148000000002
0 0.30529676357142854 0.76378917 0.006687327142857141 0.11088641999999993
0 0.5910110492857144 0.76378917 0.006687327142857141 0.11088641999999993
0 0.26613180785714285 0.76378917 0.006687327142857141 0.11088641999999993
0 0.8375603792857143 0.76378917 0.006687327142857222 0.11088641999999993
0 0.019582477857142858 0.76378917 0.0066873271428571435 0.11088641999999993
0 0.876725335 0.76378917 0.006687327142857222 0.11088641999999993
0 0.3009109114285714 0.6513158400000001 0.007121577142857153 0.11406024000000002
0 0.5866251971428572 0.6513158400000001 0.0071215771428571936 0.11406024000000002
0 0.27051766000000005 0.6513158400000001 0.007121577142857153 0.11406024000000002
0 0.8419462314285715 0.6513158400000001 0.007121577142857112 0.11406024000000002
0 0.015196625714285712 0.6513158400000001 0.007121577142857145 0.11406024000000002
0 0.8723394828571428 0.6513158400000001 0.007121577142857112 0.11406024000000002
0 0.29665534 0.5505074449999999 0.007295277142857149 0.11330925
0 0.5823696257142856 0.5505074449999999 0.007295277142857149 0.11330925
0 0.2747732314285714 0.5505074449999999 0.007295277142857149 0.11330925
0 0.8462018028571427 0.5505074449999999 0.007295277142857068 0.11330925
0 0.010941054285714286 0.5505074449999999 0.007295277142857143 0.11330925
0 0.8680839114285716 0.5505074449999999 0.007295277142857068 0.11330925
0 0.297002735 0.77972906 0.006774167142857144 0.11227248000000004
0 0.5827170207142857 0.77972906 0.006774167142857144 0.11227248000000004
0 0.27442583642857143 0.77972906 0.006774167142857144 0.11227248000000004
0 0.8458544078571429 0.77972906 0.006774167142857225 0.11227248000000004
0 0.011288449285714286 0.77972906 0.006774167142857144 0.11227248000000004
0 0.8684313064285714 0.77972906 0.006774167142857225 0.11227248000000004
0 0.29266031285714283 0.6757730200000001 0.007295262857142859 0.11227252
0 0.5783745985714286 0.6757730200000001 0.0072952628571428995 0.11227252
0 0.2787682585714286 0.6757730200000001 0.007295262857142859 0.11227252
0 0.8501968299999999 0.6757730200000001 0.007295262857142819 0.11227252
0 0.006946027142857142 0.6757730200000001 0.007295262857142858 0.11227252
0 0.8640888842857144 0.6757730200000001 0.007295262857142819 0.11227252
0 0.39706288357142855 0.42082949 0.007588030000000003 0.08908808
0 0.6827771692857142 0.42082949 0.007588030000000003 0.08908808
0 0.17436568785714285 0.42082949 0.007588030000000003 0.08908808
0 0.7457942592857142 0.42082949 0.007588029999999922 0.08908808
0 0.11134859785714285 0.42082949 0.007588030000000003 0.08908808
0 0.9684914550000001 0.42082949 0.007588029999999922 0.08908808