0 0.30234375 0.11484375 0.078125 0.0625
0 0.38046875 0.121875 0.078125 0.0609375
0 0.459375 0.1421875 0.0828125 0.0625
0 0.52109375 0.18125 0.08125 0.0640625
0 0.2828125 0.17734375 0.0875 0.0625
0 0.38984375 0.1875 0.08125 0.059375
0 0.60390625 0.21328125 0.078125 0.059375
0 0.68046875 0.234375 0.0828125 0.065625
0 0.7671875 0.2609375 0.0828125 0.0609375
0 0.4578125 0.221875 0.0765625 0.0578125
0 0.25546875 0.2453125 0.071875 0.0578125
0 0.31953125 0.246875 0.078125 0.0625
0 0.38203125 0.26875 0.0765625 0.0609375
0 0.4515625 0.2953125 0.078125 0.0609375
0 0.5390625 0.3078125 0.0890625 0.0609375
0 0.61328125 0.2734375 0.08125 0.0609375
0 0.68828125 0.29296875 0.0859375 0.0625
0 0.628125 0.33046875 0.0828125 0.0625
0 0.20546875 0.28984375 0.078125 0.053125
0 0.29296875 0.31484375 0.078125 0.05625
0 0.3796875 0.32890625 0.0765625 0.0578125
0 0.48046875 0.35 0.08125 0.0546875
0 0.56328125 0.3765625 0.0828125 0.059375
0 0.8203125 0.309375 0.08125 0.0578125
0 0.76875 0.35078125 0.0828125 0.059375
0 0.86015625 0.3609375 0.09375 0.059375
0 0.22890625 0.36328125 0.075 0.0515625
0 0.24765625 0.4109375 0.078125 0.0578125
0 0.33828125 0.39375 0.078125 0.0640625
0 0.41640625 0.39453125 0.0828125 0.0640625
0 0.1328125 0.4734375 0.071875 0.0578125
0 0.20390625 0.44765625 0.0765625 0.0578125
0 0.2984375 0.453125 0.075 0.059375
0 0.378125 0.4484375 0.0734375 0.059375
0 0.46015625 0.45390625 0.0828125 0.0625
0 0.540625 0.440625 0.0859375 0.0625
0 0.62421875 0.4265625 0.075 0.065625
0 0.69609375 0.3953125 0.09375 0.065625
0 0.784375 0.409375 0.08125 0.065625
0 0.88671875 0.4203125 0.0859375 0.0609375
0 0.71953125 0.453125 0.0875 0.0640625
0 0.80859375 0.46953125 0.0890625 0.05625
0 0.88359375 0.51328125 0.084375 0.059375
0 0.65703125 0.5109375 0.08125 0.0609375
0 0.76796875 0.52734375 0.08125 0.0609375
0 0.8734375 0.590625 0.0875 0.0578125
0 0.14921875 0.5375 0.078125 0.0578125
0 0.115625 0.5875 0.08125 0.059375
0 0.25546875 0.515625 0.075 0.0625
0 0.32265625 0.509375 0.0796875 0.0578125
0 0.41640625 0.5078125 0.0828125 0.059375
0 0.51484375 0.515625 0.08125 0.0640625
0 0.58046875 0.5453125 0.0828125 0.0609375
0 0.68984375 0.5671875 0.0828125 0.0546875
0 0.77265625 0.5859375 0.084375 0.0609375
0 0.21484375 0.5765625 0.0828125 0.0546875
0 0.29296875 0.5734375 0.08125 0.0640625
0 0.3875 0.565625 0.078125 0.0578125
0 0.4703125 0.56484375 0.084375 0.059375
0 0.528125 0.60390625 0.078125 0.0640625
0 0.61953125 0.6046875 0.08125 0.065625
0 0.72109375 0.6265625 0.08125 0.0625
0 0.8140625 0.640625 0.0875 0.065625
0 0.17109375 0.6375 0.0890625 0.0578125
0 0.25234375 0.64765625 0.0796875 0.0546875
0 0.3328125 0.62578125 0.08125 0.05625
0 0.43203125 0.61875 0.0796875 0.05625
0 0.13828125 0.696875 0.0828125 0.059375
0 0.23046875 0.7125 0.071875 0.059375
0 0.31640625 0.68046875 0.0734375 0.0609375
0 0.39296875 0.671875 0.0796875 0.059375
0 0.4859375 0.66015625 0.0765625 0.0609375
0 0.56796875 0.6546875 0.078125 0.0625
0 0.6515625 0.66015625 0.078125 0.0609375
0 0.72265625 0.6890625 0.0734375 0.059375
0 0.81015625 0.703125 0.0828125 0.0609375
0 0.1671875 0.7484375 0.078125 0.0546875
0 0.28984375 0.74375 0.08125 0.05625
0 0.35234375 0.734375 0.08125 0.059375
0 0.43125 0.715625 0.0875 0.059375
0 0.56171875 0.7140625 0.078125 0.05625
0 0.66484375 0.73125 0.08125 0.0578125
0 0.74453125 0.74296875 0.075 0.0671875
0 0.23046875 0.7875 0.0734375 0.059375
0 0.34921875 0.78203125 0.071875 0.0546875
0 0.43203125 0.77265625 0.0734375 0.05625
0 0.51171875 0.759375 0.0734375 0.05625
0 0.6078125 0.7734375 0.0828125 0.0625
0 0.7203125 0.8125 0.0828125 0.059375
0 0.296875 0.821875 0.08125 0.0546875
0 0.40234375 0.828125 0.078125 0.059375
0 0.47734375 0.8328125 0.08125 0.05625
0 0.54921875 0.8078125 0.078125 0.0546875
0 0.63828125 0.8390625 0.0828125 0.05625
0 0.3453125 0.86875 0.0796875 0.053125
0 0.41640625 0.90078125 0.08125 0.0609375
0 0.49140625 0.89140625 0.08125 0.0546875
0 0.5703125 0.86875 0.0828125 0.0609375