0 0.44740374428571433 0.24538148499999998 0.011881902857142888 0.36940815
0 0.484953625 0.21601391500000003 0.010815581428571476 0.19591009
0 0.476118355 0.49168418 0.01386222428571435 0.26355928
0 0.5197615278571429 0.46107461 0.01736588142857142 0.19486722
0 0.5005676721428571 0.70733075 0.013405224285714326 0.18888584000000003
0 0.5315672592857142 0.856540235 0.019041521428571448 0.20887720999999998
0 0.4097391128571428 0.24538148499999998 0.011881902857142888 0.36940815
0 0.6954533985714285 0.24538148499999998 0.011881902857142888 0.36940815
0 0.16168945857142858 0.24538148499999998 0.011881902857142848 0.36940815
0 0.7331180299999999 0.24538148499999998 0.011881902857142806 0.36940815
0 0.12402482714285715 0.24538148499999998 0.011881902857142848 0.36940815
0 0.9811676842857144 0.24538148499999998 0.011881902857142806 0.36940815
0 0.37218923214285715 0.21601391500000003 0.010815581428571476 0.19591009
0 0.6579035178571428 0.21601391500000003 0.010815581428571476 0.19591009
0 0.19923933928571427 0.21601391500000003 0.010815581428571436 0.19591009
0 0.7706679107142856 0.21601391500000003 0.010815581428571315 0.19591009
0 0.08647494642857143 0.21601391500000003 0.010815581428571426 0.19591009
0 0.9436178035714287 0.21601391500000003 0.010815581428571315 0.19591009
0 0.38102450214285716 0.49168418 0.01386222428571435 0.26355928
0 0.6667387878571429 0.49168418 0.01386222428571435 0.26355928
0 0.1904040692857143 0.49168418 0.013862224285714271 0.26355928
0 0.7618326407142857 0.49168418 0.01386222428571435 0.26355928
0 0.09531021642857143 0.49168418 0.013862224285714281 0.26355928
0 0.9524530735714286 0.49168418 0.01386222428571435 0.26355928
0 0.3373813292857143 0.46107461 0.01736588142857142 0.19486722
0 0.623095615 0.46107461 0.01736588142857142 0.19486722
0 0.23404724214285713 0.46107461 0.01736588142857142 0.19486722
0 0.8054758135714285 0.46107461 0.01736588142857142 0.19486722
0 0.051667043571428574 0.46107461 0.017365881428571425 0.19486722
0 0.9088099007142858 0.46107461 0.01736588142857142 0.19486722
0 0.35657518499999996 0.70733075 0.013405224285714284 0.18888584000000003
0 0.6422894707142858 0.70733075 0.013405224285714326 0.18888584000000003
0 0.21485338642857146 0.70733075 0.013405224285714284 0.18888584000000003
0 0.7862819578571429 0.70733075 0.013405224285714244 0.18888584000000003
0 0.07086089928571429 0.70733075 0.013405224285714284 0.18888584000000003
0 0.9280037564285714 0.70733075 0.013405224285714244 0.18888584000000003
0 0.32557559785714285 0.856540235 0.019041521428571448 0.20887720999999998
0 0.6112898835714285 0.856540235 0.019041521428571448 0.20887720999999998
0 0.24585297357142857 0.856540235 0.019041521428571448 0.20887720999999998
0 0.817281545 0.856540235 0.019041521428571448 0.20887720999999998
0 0.03986131214285714 0.856540235 0.019041521428571427 0.20887720999999998
0 0.8970041692857142 0.856540235 0.019041521428571448 0.20887720999999998