0 0.26875 0.4890625 0.06875 0.1
0 0.34375 0.496875 0.0796875 0.109375
0 0.41015625 0.44453125 0.071875 0.103125
0 0.45703125 0.53671875 0.0765625 0.0953125
0 0.51171875 0.47265625 0.0796875 0.1125
0 0.5890625 0.45625 0.0859375 0.103125
0 0.6984375 0.45078125 0.0875 0.115625
0 0.7875 0.41953125 0.0921875 0.125
0 0.890625 0.38828125 0.103125 0.125
0 0.246875 0.56640625 0.0671875 0.09375
0 0.31484375 0.57578125 0.078125 0.0984375
0 0.38671875 0.5703125 0.0734375 0.1
0 0.5671875 0.540625 0.0796875 0.10625
0 0.64765625 0.54296875 0.084375 0.1046875
0 0.7359375 0.54296875 0.090625 0.103125
0 0.825 0.50546875 0.0875 0.1
0 0.91484375 0.48203125 0.09375 0.1125
0 0.28125 0.65390625 0.0703125 0.09375
0 0.3515625 0.65703125 0.0703125 0.0984375
0 0.4359375 0.64140625 0.0734375 0.090625
0 0.5171875 0.62578125 0.084375 0.1046875
0 0.6 0.63828125 0.0828125 0.103125
0 0.6796875 0.62578125 0.090625 0.08125
0 0.7671875 0.6265625 0.075 0.090625
0 0.8515625 0.59765625 0.084375 0.103125
0 0.953125 0.59140625 0.0921875 0.109375
0 0.2671875 0.7515625 0.0703125 0.084375
0 0.3359375 0.74921875 0.071875 0.0828125
0 0.4125 0.74609375 0.071875 0.1046875
0 0.490625 0.72109375 0.071875 0.0984375
0 0.565625 0.72109375 0.075 0.090625
0 0.64765625 0.7171875 0.0796875 0.0953125
0 0.728125 0.71484375 0.08125 0.090625
0 0.8078125 0.71484375 0.08125 0.090625
0 0.953125 0.69453125 0.0921875 0.096875
0 0.315625 0.825 0.06875 0.0859375
0 0.3921875 0.81328125 0.0703125 0.078125
0 0.465625 0.8046875 0.0734375 0.084375
0 0.5359375 0.79765625 0.0734375 0.090625
0 0.61015625 0.80234375 0.0734375 0.0828125
0 0.68359375 0.81484375 0.0734375 0.1015625
0 0.775 0.80859375 0.08125 0.09375
0 0.8546875 0.79296875 0.08125 0.090625
0 0.9375 0.78515625 0.08125 0.0921875