0 0.5865384615384616 0.12259615384615384 0.1658653846153846 0.18028846153846154
0 0.5192307692307693 0.04807692307692308 0.12259615384615384 0.09615384615384616
0 0.6694711538461539 0.02403846153846154 0.18990384615384615 0.04807692307692308
0 0.15865384615384615 0.9639423076923077 0.07932692307692307 0.07211538461538461
0 0.07451923076923077 0.9483173076923077 0.07692307692307693 0.08653846153846154
0 0.02403846153846154 0.9362980769230769 0.04807692307692308 0.08653846153846154
0 0.18028846153846154 0.8641826923076923 0.08173076923076923 0.09375
0 0.07692307692307693 0.859375 0.07451923076923077 0.08413461538461539
0 0.109375 0.8064903846153846 0.07932692307692307 0.0889423076923077
0 0.054086538461538464 0.7692307692307693 0.07451923076923077 0.0889423076923077
0 0.33774038461538464 0.734375 0.07451923076923077 0.07932692307692307
0 0.2283653846153846 0.6971153846153846 0.06971153846153846 0.07451923076923077
0 0.027644230769230768 0.6802884615384616 0.055288461538461536 0.08413461538461539
0 0.11177884615384616 0.6730769230769231 0.07451923076923077 0.08413461538461539
0 0.25841346153846156 0.6598557692307693 0.07932692307692307 0.0889423076923077
0 0.18509615384615385 0.6117788461538461 0.07211538461538461 0.08413461538461539
0 0.30288461538461536 0.5721153846153846 0.07692307692307693 0.08413461538461539
0 0.1778846153846154 0.5180288461538461 0.07451923076923077 0.08173076923076923
0 0.3004807692307692 0.4879807692307692 0.07451923076923077 0.08413461538461539
0 0.13701923076923078 0.45913461538461536 0.0673076923076923 0.08173076923076923
0 0.04447115384615385 0.4579326923076923 0.06971153846153846 0.08173076923076923
0 0.203125 0.44350961538461536 0.07451923076923077 0.08413461538461539
0 0.35336538461538464 0.4206730769230769 0.07451923076923077 0.040865384615384616
0 0.17307692307692307 0.4110576923076923 0.06490384615384616 0.019230769230769232
0 0.009615384615384616 0.41466346153846156 0.019230769230769232 0.026442307692307692
0 0.08774038461538461 0.9963942307692307 0.07211538461538461 0.007211538461538462
0 0.026442307692307692 0.9903846153846154 0.05048076923076923 0.019230769230769232
0 0.3161057692307692 0.9855769230769231 0.07451923076923077 0.028846153846153848
0 0.008413461538461538 0.6646634615384616 0.016826923076923076 0.07211538461538461
0 0.12980769230769232 0.5925480769230769 0.06009615384615385 0.07692307692307693
0 0.016826923076923076 0.46274038461538464 0.03365384615384615 0.07451923076923077
0 0.640625 0.9507211538461539 0.13701923076923078 0.0985576923076923
0 0.5108173076923077 0.9435096153846154 0.10817307692307693 0.11298076923076923
0 0.7632211538461539 0.9543269230769231 0.10096153846153846 0.09134615384615384
0 0.6826923076923077 0.8918269230769231 0.11778846153846154 0.15384615384615385
0 0.5829326923076923 0.7980769230769231 0.12980769230769232 0.15625
0 0.4831730769230769 0.796875 0.05048076923076923 0.16346153846153846
0 0.8401442307692307 0.7956730769230769 0.0985576923076923 0.12259615384615384
0 0.7403846153846154 0.7475961538461539 0.11298076923076923 0.12740384615384615
0 0.6201923076923077 0.7283653846153846 0.11298076923076923 0.1201923076923077
0 0.5096153846153846 0.6670673076923077 0.10336538461538461 0.12740384615384615
0 0.7716346153846154 0.6646634615384616 0.10096153846153846 0.11057692307692307