0 0.0203125 0.69765625 0.0234375 0.03125
0 0.00859375 0.7234375 0.0171875 0.03125
0 0.0515625 0.7296875 0.025 0.03125
0 0.03125 0.8078125 0.025 0.034375
0 0.0734375 0.79140625 0.028125 0.0375
0 0.090625 0.6546875 0.0296875 0.0359375
0 0.1046875 0.68359375 0.028125 0.034375
0 0.0734375 0.496875 0.0296875 0.040625
0 0.125 0.49921875 0.0234375 0.040625
0 0.14453125 0.475 0.0296875 0.0375
0 0.171875 0.4109375 0.0296875 0.0375
0 0.1671875 0.44140625 0.0296875 0.028125
0 0.178125 0.47109375 0.025 0.0359375
0 0.1796875 0.50859375 0.0265625 0.0359375
0 0.109375 0.56875 0.028125 0.0359375
0 0.13125 0.55078125 0.0296875 0.0375
0 0.11640625 0.6203125 0.0296875 0.034375
0 0.128125 0.65859375 0.028125 0.0375
0 0.1390625 0.753125 0.028125 0.034375
0 0.1578125 0.659375 0.028125 0.0375
0 0.178125 0.68671875 0.0296875 0.0359375
0 0.1703125 0.73671875 0.0265625 0.0359375
0 0.165625 0.78359375 0.03125 0.040625
0 0.20390625 0.44296875 0.0265625 0.0359375
0 0.2203125 0.42890625 0.028125 0.040625
0 0.203125 0.50859375 0.0296875 0.040625
0 0.171875 0.56328125 0.03125 0.0359375
0 0.2078125 0.57265625 0.025 0.03125
0 0.20546875 0.54140625 0.028125 0.0375
0 0.2484375 0.48515625 0.03125 0.0390625
0 0.240625 0.528125 0.0296875 0.0390625
0 0.23203125 0.3703125 0.0296875 0.0375
0 0.28828125 0.3140625 0.0296875 0.040625
0 0.309375 0.25703125 0.0234375 0.0296875
0 0.3203125 0.28203125 0.034375 0.04375
0 0.28046875 0.3609375 0.0265625 0.0390625
0 0.27890625 0.43671875 0.028125 0.040625
0 0.215625 0.6046875 0.0328125 0.03125
0 0.20859375 0.6359375 0.028125 0.03125
0 0.209375 0.66953125 0.025 0.0390625
0 0.225 0.65234375 0.0234375 0.0359375
0 0.24921875 0.64453125 0.0265625 0.034375
0 0.25 0.67265625 0.028125 0.028125
0 0.2421875 0.68984375 0.0296875 0.03125
0 0.2453125 0.72890625 0.0296875 0.0359375
0 0.1984375 0.7796875 0.0296875 0.034375
0 0.225 0.77734375 0.0265625 0.034375
0 0.25234375 0.77734375 0.0234375 0.0390625
0 0.29765625 0.77734375 0.025 0.040625
0 0.25625 0.57734375 0.028125 0.034375
0 0.2859375 0.571875 0.03125 0.0359375
0 0.296875 0.615625 0.03125 0.0375
0 0.3 0.65546875 0.03125 0.0359375
0 0.28359375 0.68046875 0.025 0.0359375
0 0.26875 0.69765625 0.0265625 0.034375
0 0.28046875 0.73203125 0.025 0.034375
0 0.3 0.715625 0.028125 0.0375
0 0.3546875 0.29296875 0.03125 0.04375
0 0.38125 0.2609375 0.0296875 0.04375
0 0.4015625 0.2375 0.0296875 0.034375
0 0.48125 0.24609375 0.0296875 0.040625
0 0.4125 0.32734375 0.0296875 0.034375
0 0.3890625 0.36953125 0.03125 0.04375
0 0.328125 0.41796875 0.028125 0.0375
0 0.353125 0.45703125 0.03125 0.040625
0 0.31328125 0.49609375 0.03125 0.0328125
0 0.3203125 0.53984375 0.03125 0.0375
0 0.35 0.53984375 0.028125 0.0390625
0 0.36171875 0.50078125 0.0296875 0.040625
0 0.3328125 0.621875 0.0296875 0.0359375
0 0.3375 0.6546875 0.03125 0.034375
0 0.3484375 0.72890625 0.0265625 0.0375
0 0.365625 0.775 0.025 0.0359375
0 0.33515625 0.36328125 0.0296875 0.040625
0 0.3984375 0.4703125 0.03125 0.040625
0 0.396875 0.51875 0.03125 0.0375
0 0.403125 0.5515625 0.0296875 0.0359375
0 0.378125 0.6109375 0.0296875 0.034375
0 0.3859375 0.6484375 0.028125 0.034375
0 0.3765625 0.68515625 0.028125 0.040625
0 0.3859375 0.74453125 0.028125 0.0359375
0 0.3984375 0.77578125 0.028125 0.0359375
0 0.4421875 0.36484375 0.0328125 0.04375
0 0.44375 0.42265625 0.03125 0.040625
0 0.428125 0.48515625 0.03125 0.0390625
0 0.434375 0.54453125 0.0328125 0.0375
0 0.45 0.58046875 0.03125 0.0359375
0 0.4359375 0.63515625 0.03125 0.0359375
0 0.4609375 0.6046875 0.0265625 0.03125
0 0.46328125 0.45625 0.028125 0.0359375
0 0.4796875 0.4890625 0.0296875 0.0390625
0 0.478125 0.5453125 0.03125 0.034375
0 0.4828125 0.5796875 0.028125 0.0390625
0 0.47890625 0.38671875 0.0265625 0.04375
0 0.50625 0.3671875 0.028125 0.0390625
0 0.48984375 0.41875 0.0265625 0.0359375
0 0.5203125 0.40078125 0.03125 0.0390625
0 0.55859375 0.35625 0.03125 0.0390625
0 0.596875 0.3609375 0.028125 0.046875
0 0.56640625 0.4171875 0.03125 0.046875
0 0.5203125 0.521875 0.028125 0.0375
0 0.559375 0.48203125 0.028125 0.0375
0 0.596875 0.440625 0.0265625 0.0375
0 0.64453125 0.425 0.028125 0.0421875
0 0.6203125 0.47421875 0.0296875 0.0390625
0 0.6015625 0.51171875 0.028125 0.0375
0 0.51484375 0.5765625 0.0296875 0.0359375
0 0.42890625 0.7 0.028125 0.0375
0 0.42890625 0.75859375 0.025 0.034375
0 0.45 0.73359375 0.0296875 0.03125
0 0.4765625 0.7171875 0.0296875 0.0359375
0 0.4765625 0.75546875 0.0265625 0.034375
0 0.4828125 0.65078125 0.0296875 0.0390625
0 0.50390625 0.68828125 0.028125 0.034375
0 0.50390625 0.75234375 0.028125 0.0359375
0 0.52578125 0.78046875 0.03125 0.03125
0 0.54140625 0.55859375 0.0265625 0.0375
0 0.578125 0.56171875 0.0296875 0.0375
0 0.51328125 0.6109375 0.028125 0.0359375
0 0.5390625 0.66015625 0.03125 0.040625
0 0.575 0.6203125 0.03125 0.0359375
0 0.5734375 0.6671875 0.028125 0.040625
0 0.5515625 0.72890625 0.028125 0.034375
0 0.56796875 0.75546875 0.028125 0.0328125
0 0.6984375 0.44296875 0.028125 0.0375
0 0.74296875 0.40859375 0.028125 0.040625
0 0.65625 0.51796875 0.0296875 0.0375
0 0.72890625 0.50078125 0.028125 0.0390625
0 0.7390625 0.51484375 0.028125 0.0375
0 0.63671875 0.56796875 0.028125 0.0375
0 0.665625 0.56796875 0.028125 0.0390625
0 0.6171875 0.59921875 0.0296875 0.0375
0 0.6515625 0.6046875 0.028125 0.03125
0 0.60078125 0.671875 0.0265625 0.0359375
0 0.634375 0.66796875 0.028125 0.034375
0 0.6796875 0.66875 0.0296875 0.0390625
0 0.60078125 0.71796875 0.025 0.0390625
0 0.63671875 0.71875 0.0296875 0.0375
0 0.6078125 0.77890625 0.03125 0.0390625
0 0.7484375 0.56640625 0.025 0.0390625
0 0.725 0.596875 0.0265625 0.034375
0 0.721875 0.64453125 0.028125 0.0375
0 0.725 0.69296875 0.03125 0.034375
0 0.703125 0.71796875 0.0328125 0.034375
0 0.690625 0.75078125 0.03125 0.0359375
0 0.653125 0.75390625 0.03125 0.034375
0 0.73046875 0.76875 0.028125 0.03125
0 0.7640625 0.61796875 0.0265625 0.0359375
0 0.7484375 0.6640625 0.028125 0.034375
0 0.77578125 0.67109375 0.0265625 0.0359375
0 0.81171875 0.6484375 0.0265625 0.034375
0 0.8828125 0.68125 0.0265625 0.0359375
0 0.7625 0.709375 0.0265625 0.0375
0 0.790625 0.775 0.028125 0.0375
0 0.85859375 0.81328125 0.03125 0.034375
0 0.828125 0.7125 0.0234375 0.0375
0 0.83515625 0.70234375 0.0203125 0.0359375
0 0.83359375 0.74453125 0.028125 0.0359375
0 0.91875 0.77734375 0.0265625 0.034375
0 0.9234375 0.7234375 0.0265625 0.034375
0 0.9875 0.74375 0.0234375 0.0359375
0 0.6609375 0.35625 0.03125 0.0390625
0 0.1578125 0.94765625 0.028125 0.0375
0 0.728125 0.9578125 0.028125 0.040625