0 0.05546875 0.49921875 0.03125 0.021875
0 0.06640625 0.47421875 0.0359375 0.0234375
0 0.08828125 0.45234375 0.034375 0.0234375
0 0.1203125 0.45859375 0.03125 0.01875
0 0.1265625 0.43125 0.0203125 0.0140625
0 0.18671875 0.415625 0.021875 0.015625
0 0.1953125 0.43046875 0.0296875 0.021875
0 0.10703125 0.48203125 0.03125 0.021875
0 0.1046875 0.5 0.021875 0.0171875
0 0.12890625 0.49921875 0.0328125 0.0203125
0 0.1375 0.48046875 0.0296875 0.01875
0 0.16484375 0.49140625 0.0296875 0.0203125
0 0.1875 0.4484375 0.0265625 0.01875
0 0.22578125 0.44453125 0.03125 0.021875
0 0.209375 0.465625 0.0296875 0.021875
0 0.2015625 0.48046875 0.028125 0.0203125
0 0.190625 0.50390625 0.03125 0.0203125
0 0.2203125 0.50234375 0.0296875 0.0203125
0 0.2296875 0.48359375 0.03125 0.01875
0 0.24765625 0.4609375 0.03125 0.021875
0 0.26328125 0.4828125 0.0296875 0.021875
0 0.24921875 0.50078125 0.028125 0.021875
0 0.26875 0.43203125 0.0296875 0.0203125
0 0.27734375 0.45859375 0.0296875 0.021875
0 0.29921875 0.47265625 0.0296875 0.0203125
0 0.2984375 0.434375 0.03125 0.021875
0 0.30859375 0.40625 0.025 0.021875
0 0.33125 0.4015625 0.0296875 0.0234375
0 0.3296875 0.4328125 0.028125 0.021875
0 0.3171875 0.453125 0.03125 0.0203125
0 0.33046875 0.4765625 0.03125 0.0203125
0 0.31015625 0.48828125 0.0296875 0.0125
0 0.33984375 0.490625 0.0265625 0.009375
0 0.3671875 0.440625 0.03125 0.0234375
0 0.3546875 0.4171875 0.0296875 0.0234375
0 0.38046875 0.40703125 0.0296875 0.0234375
0 0.39765625 0.42421875 0.0296875 0.0203125
0 0.4109375 0.44140625 0.03125 0.0203125
0 0.38125 0.45546875 0.03125 0.0203125
0 0.3484375 0.4546875 0.0296875 0.021875
0 0.3609375 0.47265625 0.03125 0.0203125
0 0.38984375 0.47890625 0.028125 0.0203125
0 0.3734375 0.490625 0.0296875 0.0125
0 0.40234375 0.49375 0.0234375 0.009375
0 0.40078125 0.38359375 0.03125 0.0203125
0 0.41796875 0.3609375 0.03125 0.0203125
0 0.45 0.36640625 0.0296875 0.021875
0 0.4796875 0.36328125 0.0296875 0.0234375
0 0.434375 0.3875 0.028125 0.0234375
0 0.4625 0.3875 0.03125 0.0234375
0 0.50078125 0.38125 0.0296875 0.0203125
0 0.41796875 0.40703125 0.0296875 0.0234375
0 0.4515625 0.40625 0.028125 0.021875
0 0.43203125 0.425 0.0296875 0.021875
0 0.00625 0.3984375 0.0125 0.021875
0 0.42109375 0.48046875 0.028125 0.021875
0 0.42890625 0.4609375 0.0296875 0.021875
0 0.44921875 0.44609375 0.03125 0.021875
0 0.46953125 0.42578125 0.0296875 0.021875
0 0.4875 0.40390625 0.0265625 0.025
0 0.51796875 0.403125 0.028125 0.021875
0 0.5015625 0.4203125 0.0296875 0.021875
0 0.4953125 0.44375 0.028125 0.021875
0 0.45 0.47421875 0.03125 0.01875
0 0.43828125 0.49453125 0.0328125 0.009375
0 0.4734375 0.4921875 0.0296875 0.015625
0 0.4921875 0.4765625 0.028125 0.021875
0 0.51796875 0.45703125 0.028125 0.0203125
0 0.52734375 0.434375 0.03125 0.0203125
0 0.54296875 0.41484375 0.028125 0.021875
0 0.55625 0.3921875 0.028125 0.021875
0 0.58359375 0.378125 0.03125 0.0234375
0 0.58515625 0.4 0.0296875 0.0234375
0 0.56484375 0.43203125 0.03125 0.025
0 0.546875 0.4546875 0.0296875 0.0203125
0 0.521875 0.48046875 0.028125 0.0203125
0 0.54375 0.49296875 0.028125 0.0171875
0 0.559375 0.47421875 0.03125 0.0234375
0 0.60625 0.41328125 0.028125 0.0203125
0 0.6359375 0.4 0.0296875 0.0234375
0 0.59453125 0.43671875 0.0296875 0.0234375
0 0.578125 0.45625 0.0296875 0.021875
0 0.58984375 0.471875 0.028125 0.021875
0 0.575 0.49296875 0.028125 0.021875
0 0.60546875 0.49296875 0.028125 0.021875
0 0.621875 0.47421875 0.028125 0.021875
0 0.62734375 0.43515625 0.028125 0.021875
0 0.6484375 0.4140625 0.0296875 0.0234375
0 0.68984375 0.41484375 0.0328125 0.0234375
0 0.66015625 0.43828125 0.0296875 0.0203125
0 0.60703125 0.453125 0.0265625 0.01875
0 0.6375 0.45234375 0.028125 0.0203125
0 0.6703125 0.45625 0.03125 0.021875
0 0.65234375 0.47421875 0.03125 0.021875
0 0.6671875 0.48984375 0.028125 0.0203125
0 0.68984375 0.43828125 0.028125 0.0203125
0 0.71953125 0.43359375 0.028125 0.0234375
0 0.7609375 0.440625 0.028125 0.0234375
0 0.70390625 0.45390625 0.03125 0.021875
0 0.68359375 0.471875 0.0296875 0.0203125
0 0.69609375 0.4875 0.028125 0.01875
0 0.715625 0.47421875 0.03125 0.01875
0 0.73984375 0.4625 0.028125 0.0203125
0 0.7703125 0.4609375 0.028125 0.0203125
0 0.75625 0.48046875 0.0265625 0.0203125
0 0.728125 0.48671875 0.028125 0.0203125
0 0.78671875 0.47421875 0.028125 0.0203125
0 0.815625 0.46484375 0.0296875 0.021875
0 0.84921875 0.45703125 0.03125 0.021875
0 0.8546875 0.43515625 0.0421875 0.0140625
0 0.89140625 0.446875 0.025 0.0234375
0 0.82890625 0.47890625 0.028125 0.0203125
0 0.80234375 0.49453125 0.0328125 0.0203125
0 0.7671875 0.490625 0.028125 0.0171875
0 0.8515625 0.49375 0.028125 0.0203125
0 0.86953125 0.47265625 0.03125 0.021875
0 0.90234375 0.47578125 0.03125 0.0203125
0 0.88359375 0.49453125 0.0296875 0.0203125
0 0.915625 0.49375 0.03125 0.01875