0 0.4326923076923077 0.28365384615384615 0.052884615384615384 0.057692307692307696
0 0.20072115384615385 0.5637019230769231 0.1658653846153846 0.15865384615384615
0 0.1045673076923077 0.640625 0.11778846153846154 0.23317307692307693
0 0.03245192307692308 0.7391826923076923 0.06490384615384616 0.24278846153846154
0 0.23677884615384615 0.78125 0.16346153846153846 0.2692307692307692
0 0.14423076923076922 0.8834134615384616 0.12259615384615384 0.22596153846153846
0 0.025240384615384616 0.9326923076923077 0.05048076923076923 0.1346153846153846
0 0.25240384615384615 0.9567307692307693 0.15865384615384615 0.08653846153846154
0 0.7019230769230769 0.5528846153846154 0.038461538461538464 0.13221153846153846
0 0.8257211538461539 0.5540865384615384 0.08413461538461539 0.13221153846153846
0 0.9086538461538461 0.5564903846153846 0.07211538461538461 0.09615384615384616
0 0.7596153846153846 0.5588942307692307 0.0625 0.10096153846153846
0 0.9038461538461539 0.6670673076923077 0.08653846153846154 0.13701923076923078
0 0.7524038461538461 0.6670673076923077 0.08653846153846154 0.13221153846153846
0 0.8329326923076923 0.6682692307692307 0.06009615384615385 0.10336538461538461
0 0.7019230769230769 0.6670673076923077 0.038461538461538464 0.10336538461538461
0 0.9158653846153846 0.8485576923076923 0.07451923076923077 0.10576923076923077
0 0.7668269230769231 0.8485576923076923 0.0625 0.10817307692307693
0 0.8305288461538461 0.8617788461538461 0.08413461538461539 0.12740384615384615
0 0.9795673076923077 0.8617788461538461 0.040865384615384616 0.13221153846153846
0 0.7007211538461539 0.8629807692307693 0.036057692307692304 0.12740384615384615
0 0.7043269230769231 0.9543269230769231 0.04326923076923077 0.09134615384615384
0 0.8413461538461539 0.9543269230769231 0.07211538461538461 0.09134615384615384
0 0.9819711538461539 0.9567307692307693 0.036057692307692304 0.08653846153846154
0 0.7560096153846154 0.9519230769230769 0.08653846153846154 0.09615384615384616
0 0.9086538461538461 0.953125 0.0889423076923077 0.09375