0 0.4495192307692308 0.051682692307692304 0.14423076923076922 0.10336538461538461
0 0.6490384615384616 0.056490384615384616 0.1971153846153846 0.11298076923076923
0 0.8461538461538461 0.055288461538461536 0.1971153846153846 0.11057692307692307
0 0.5360576923076923 0.15745192307692307 0.18509615384615385 0.1658653846153846
0 0.4014423076923077 0.16105769230769232 0.04567307692307692 0.16346153846153846
0 0.7319711538461539 0.17067307692307693 0.18509615384615385 0.1658653846153846
0 0.9134615384615384 0.17307692307692307 0.17307692307692307 0.16826923076923078
0 0.4543269230769231 0.28966346153846156 0.15144230769230768 0.15384615384615385
0 0.6201923076923077 0.2980769230769231 0.17548076923076922 0.15384615384615385
0 0.9495192307692307 0.31009615384615385 0.10096153846153846 0.14903846153846154
0 0.8112980769230769 0.3137019230769231 0.18028846153846154 0.1466346153846154
0 0.40865384615384615 0.4110576923076923 0.06009615384615385 0.1346153846153846
0 0.5288461538461539 0.41947115384615385 0.1658653846153846 0.13942307692307693
0 0.6995192307692307 0.42788461538461536 0.16826923076923078 0.13942307692307693
0 0.8737980769230769 0.4423076923076923 0.17307692307692307 0.13221153846153846
0 0.9783653846153846 0.44350961538461536 0.04326923076923077 0.13942307692307693
0 0.609375 0.4963942307692308 0.15625 0.07211538461538461
0 0.4495192307692308 0.5024038461538461 0.14182692307692307 0.057692307692307696
0 0.7644230769230769 0.5084134615384616 0.15865384615384615 0.04567307692307692
0 0.9242788461538461 0.515625 0.15144230769230768 0.03125
0 0.018028846153846152 0.5600961538461539 0.036057692307692304 0.057692307692307696
0 0.25841346153846156 0.5588942307692307 0.07692307692307693 0.055288461538461536
0 0.0889423076923077 0.5600961538461539 0.10096153846153846 0.057692307692307696
0 0.18629807692307693 0.5600961538461539 0.09375 0.057692307692307696
0 0.34615384615384615 0.5600961538461539 0.0673076923076923 0.057692307692307696
0 0.3485576923076923 0.7391826923076923 0.06009615384615385 0.10576923076923077
0 0.27163461538461536 0.7427884615384616 0.09375 0.10336538461538461
0 0.1778846153846154 0.7451923076923077 0.09375 0.10817307692307693
0 0.08173076923076923 0.7487980769230769 0.09615384615384616 0.10576923076923077
0 0.015625 0.7512019230769231 0.03125 0.11057692307692307
0 0.34375 0.9338942307692307 0.07211538461538461 0.09615384615384616
0 0.2668269230769231 0.9423076923076923 0.08653846153846154 0.10336538461538461
0 0.1778846153846154 0.9483173076923077 0.09134615384615384 0.10336538461538461
0 0.0829326923076923 0.9495192307692307 0.09375 0.10096153846153846
0 0.013221153846153846 0.9519230769230769 0.026442307692307692 0.09615384615384616
0 0.9110576923076923 0.7271634615384616 0.057692307692307696 0.07451923076923077
0 0.9675480769230769 0.7283653846153846 0.055288461538461536 0.07451923076923077
0 0.9206730769230769 0.6021634615384616 0.057692307692307696 0.07451923076923077
0 0.8004807692307693 0.7247596153846154 0.057692307692307696 0.06971153846153846
0 0.6694711538461539 0.5504807692307693 0.057692307692307696 0.038461538461538464
0 0.8882211538461539 0.6634615384615384 0.057692307692307696 0.07451923076923077
0 0.8569711538461539 0.7259615384615384 0.057692307692307696 0.07211538461538461
0 0.9026442307692307 0.8449519230769231 0.055288461538461536 0.06971153846153846
0 0.8798076923076923 0.7848557692307693 0.055288461538461536 0.06971153846153846
0 0.9338942307692307 0.7860576923076923 0.057692307692307696 0.07451923076923077
0 0.9567307692307693 0.8461538461538461 0.055288461538461536 0.07211538461538461
0 0.4807692307692308 0.5961538461538461 0.055288461538461536 0.07451923076923077
0 0.7475961538461539 0.7235576923076923 0.055288461538461536 0.07211538461538461
0 0.6153846153846154 0.5504807692307693 0.055288461538461536 0.038461538461538464
0 0.8641826923076923 0.6009615384615384 0.06009615384615385 0.07451923076923077
0 0.5360576923076923 0.7211538461538461 0.055288461538461536 0.07451923076923077
0 0.9963942307692307 0.7283653846153846 0.007211538461538462 0.07451923076923077
0 0.8269230769230769 0.7848557692307693 0.057692307692307696 0.06971153846153846
0 0.9459134615384616 0.6646634615384616 0.057692307692307696 0.07451923076923077
0 0.8329326923076923 0.6634615384615384 0.057692307692307696 0.07451923076923077
0 0.6947115384615384 0.7235576923076923 0.055288461538461536 0.07211538461538461
0 0.4254807692307692 0.5961538461538461 0.055288461538461536 0.07451923076923077
0 0.5588942307692307 0.5504807692307693 0.055288461538461536 0.038461538461538464
0 0.9855769230769231 0.6658653846153846 0.028846153846153848 0.07451923076923077
0 0.5048076923076923 0.5504807692307693 0.057692307692307696 0.038461538461538464
0 0.484375 0.7199519230769231 0.055288461538461536 0.07451923076923077
0 0.4495192307692308 0.5492788461538461 0.057692307692307696 0.036057692307692304
0 0.8497596153846154 0.8425480769230769 0.055288461538461536 0.06971153846153846
0 0.5637019230769231 0.7788461538461539 0.052884615384615384 0.07211538461538461
0 0.9543269230769231 0.5528846153846154 0.057692307692307696 0.04326923076923077
0 0.5889423076923077 0.7211538461538461 0.055288461538461536 0.07451923076923077
0 0.640625 0.8389423076923077 0.052884615384615384 0.06971153846153846
0 0.6923076923076923 0.8389423076923077 0.052884615384615384 0.06971153846153846
0 0.3894230769230769 0.59375 0.021634615384615384 0.07451923076923077
0 0.7956730769230769 0.8413461538461539 0.055288461538461536 0.06971153846153846
0 0.8966346153846154 0.5528846153846154 0.06009615384615385 0.04326923076923077
0 0.7716346153846154 0.7824519230769231 0.057692307692307696 0.06971153846153846
0 0.7259615384615384 0.5516826923076923 0.057692307692307696 0.040865384615384616
0 0.5084134615384616 0.6586538461538461 0.055288461538461536 0.07451923076923077
0 0.7427884615384616 0.8401442307692307 0.055288461538461536 0.06971153846153846
0 0.5612980769230769 0.6598557692307693 0.055288461538461536 0.07451923076923077
0 0.43028846153846156 0.7199519230769231 0.055288461538461536 0.06971153846153846
0 0.640625 0.7223557692307693 0.055288461538461536 0.06971153846153846
0 0.8389423076923077 0.5516826923076923 0.06009615384615385 0.040865384615384616
0 0.7524038461538461 0.6009615384615384 0.057692307692307696 0.07451923076923077
0 0.8076923076923077 0.6009615384615384 0.057692307692307696 0.07451923076923077
0 0.8725961538461539 0.9002403846153846 0.055288461538461536 0.06971153846153846
0 0.9242788461538461 0.9014423076923077 0.055288461538461536 0.06971153846153846
0 0.6141826923076923 0.7800480769230769 0.052884615384615384 0.06971153846153846
0 0.78125 0.5528846153846154 0.057692307692307696 0.04326923076923077
0 0.71875 0.78125 0.055288461538461536 0.07211538461538461
0 0.8209134615384616 0.8990384615384616 0.055288461538461536 0.06971153846153846
0 0.6658653846153846 0.78125 0.052884615384615384 0.07211538461538461
0 0.3918269230769231 0.71875 0.026442307692307692 0.07451923076923077
0 0.6971153846153846 0.5997596153846154 0.055288461538461536 0.07451923076923077
0 0.7223557692307693 0.6622596153846154 0.055288461538461536 0.07451923076923077
0 0.40384615384615385 0.6574519230769231 0.05048076923076923 0.07451923076923077
0 0.48677884615384615 0.8365384615384616 0.052884615384615384 0.06971153846153846
0 0.7764423076923077 0.6634615384615384 0.057692307692307696 0.07451923076923077
0 0.45552884615384615 0.6586538461538461 0.055288461538461536 0.07451923076923077
0 0.6153846153846154 0.6598557692307693 0.055288461538461536 0.07451923076923077
0 0.6682692307692307 0.6610576923076923 0.055288461538461536 0.07451923076923077
0 0.40024038461538464 0.5492788461538461 0.04326923076923077 0.036057692307692304
0 0.9807692307692307 0.7884615384615384 0.038461538461538464 0.07451923076923077
0 0.46033653846153844 0.7788461538461539 0.052884615384615384 0.07211538461538461
0 0.6646634615384616 0.8942307692307693 0.052884615384615384 0.06971153846153846
0 0.6430288461538461 0.5985576923076923 0.055288461538461536 0.07692307692307693
0 0.9915865384615384 0.5528846153846154 0.016826923076923076 0.04326923076923077
0 0.4074519230769231 0.7776442307692307 0.055288461538461536 0.06971153846153846
0 0.5889423076923077 0.8377403846153846 0.05048076923076923 0.06971153846153846
0 0.84375 0.9555288461538461 0.055288461538461536 0.06971153846153846
0 0.5384615384615384 0.8365384615384616 0.052884615384615384 0.06971153846153846
0 0.41225961538461536 0.890625 0.052884615384615384 0.06971153846153846
0 0.5649038461538461 0.8918269230769231 0.052884615384615384 0.06971153846153846
0 0.43509615384615385 0.8365384615384616 0.052884615384615384 0.06971153846153846
0 0.9735576923076923 0.6021634615384616 0.052884615384615384 0.07932692307692307
0 0.7163461538461539 0.8966346153846154 0.052884615384615384 0.06971153846153846
0 0.4639423076923077 0.8918269230769231 0.052884615384615384 0.06971153846153846
0 0.5132211538461539 0.8918269230769231 0.052884615384615384 0.06971153846153846
0 0.7680288461538461 0.8966346153846154 0.055288461538461536 0.06971153846153846
0 0.5120192307692307 0.7788461538461539 0.052884615384615384 0.07211538461538461
0 0.6899038461538461 0.9495192307692307 0.05048076923076923 0.06490384615384616
0 0.9146634615384616 0.9891826923076923 0.052884615384615384 0.021634615384615384
0 0.6141826923076923 0.8942307692307693 0.05048076923076923 0.06490384615384616
0 0.5396634615384616 0.9483173076923077 0.05048076923076923 0.0673076923076923
0 0.3942307692307692 0.8353365384615384 0.03125 0.06971153846153846
0 0.9471153846153846 0.9591346153846154 0.052884615384615384 0.0673076923076923
0 0.7908653846153846 0.953125 0.052884615384615384 0.06971153846153846
0 0.9675480769230769 0.9903846153846154 0.05048076923076923 0.019230769230769232
0 0.9915865384615384 0.8473557692307693 0.016826923076923076 0.06971153846153846
0 0.6394230769230769 0.9483173076923077 0.05048076923076923 0.0673076923076923
0 0.5889423076923077 0.5973557692307693 0.055288461538461536 0.07451923076923077
0 0.5649038461538461 0.984375 0.05048076923076923 0.03125
0 0.7403846153846154 0.953125 0.052884615384615384 0.0673076923076923
0 0.8954326923076923 0.9567307692307693 0.052884615384615384 0.06490384615384616
0 0.515625 0.984375 0.05048076923076923 0.03125
0 0.49038461538461536 0.9483173076923077 0.052884615384615384 0.0673076923076923
0 0.9747596153846154 0.9026442307692307 0.05048076923076923 0.06971153846153846
0 0.39663461538461536 0.9447115384615384 0.036057692307692304 0.06971153846153846
0 0.6634615384615384 0.984375 0.05048076923076923 0.03125
0 0.8149038461538461 0.9867788461538461 0.05048076923076923 0.026442307692307692
0 0.8653846153846154 0.9891826923076923 0.05048076923076923 0.021634615384615384
0 0.9855769230769231 0.9579326923076923 0.028846153846153848 0.0673076923076923
0 0.4651442307692308 0.984375 0.05048076923076923 0.03125
0 0.6129807692307693 0.984375 0.05048076923076923 0.03125
0 0.41586538461538464 0.9831730769230769 0.05048076923076923 0.03365384615384615
0 0.5901442307692307 0.9483173076923077 0.052884615384615384 0.0673076923076923
0 0.5336538461538461 0.5973557692307693 0.055288461538461536 0.07451923076923077
0 0.4411057692307692 0.9471153846153846 0.05048076923076923 0.0673076923076923
0 0.7632211538461539 0.9867788461538461 0.05048076923076923 0.026442307692307692
0 0.7127403846153846 0.9855769230769231 0.05048076923076923 0.028846153846153848