0 0.09495192307692307 0.3870192307692308 0.0673076923076923 0.10817307692307693
0 0.16826923076923078 0.3858173076923077 0.06971153846153846 0.11298076923076923
0 0.030048076923076924 0.3858173076923077 0.06009615384615385 0.11538461538461539
0 0.2403846153846154 0.3858173076923077 0.0673076923076923 0.11057692307692307
0 0.31490384615384615 0.38461538461538464 0.0673076923076923 0.10576923076923077
0 0.052884615384615384 0.12379807692307693 0.0673076923076923 0.09134615384615384
0 0.007211538461538462 0.11778846153846154 0.014423076923076924 0.09615384615384616
0 0.19110576923076922 0.10336538461538461 0.07451923076923077 0.10096153846153846
0 0.2692307692307692 0.09615384615384616 0.06971153846153846 0.10576923076923077
0 0.08413461538461539 0.042067307692307696 0.06490384615384616 0.08413461538461539
0 0.025240384615384616 0.04326923076923077 0.05048076923076923 0.08653846153846154
0 0.3016826923076923 0.036057692307692304 0.0673076923076923 0.06009615384615385
0 0.15504807692307693 0.03245192307692308 0.06971153846153846 0.06490384615384616
0 0.23076923076923078 0.030048076923076924 0.06971153846153846 0.06009615384615385
0 0.34615384615384615 0.03245192307692308 0.026442307692307692 0.04567307692307692
0 0.7716346153846154 0.36538461538461536 0.0625 0.09134615384615384
0 0.8990384615384616 0.3641826923076923 0.06490384615384616 0.09134615384615384
0 0.8341346153846154 0.3641826923076923 0.0625 0.09134615384615384
0 0.5144230769230769 0.328125 0.07451923076923077 0.10576923076923077
0 0.5889423076923077 0.3269230769230769 0.07451923076923077 0.10817307692307693
0 0.4423076923076923 0.32572115384615385 0.06971153846153846 0.10096153846153846
0 0.38221153846153844 0.3245192307692308 0.04807692307692308 0.10096153846153846
0 0.9867788461538461 0.2932692307692308 0.026442307692307692 0.09615384615384616
0 0.7391826923076923 0.2860576923076923 0.06490384615384616 0.09375
0 0.8028846153846154 0.2848557692307692 0.0625 0.09134615384615384
0 0.9326923076923077 0.28365384615384615 0.0625 0.09375
0 0.47475961538461536 0.234375 0.06971153846153846 0.10817307692307693
0 0.5480769230769231 0.234375 0.07451923076923077 0.11298076923076923
0 0.40384615384615385 0.23317307692307693 0.06971153846153846 0.10817307692307693
0 0.8377403846153846 0.203125 0.0625 0.09615384615384616
0 0.9038461538461539 0.203125 0.06490384615384616 0.09615384615384616
0 0.7716346153846154 0.20192307692307693 0.06490384615384616 0.09375
0 0.4230769230769231 0.06129807692307692 0.0673076923076923 0.10096153846153846
0 0.49278846153846156 0.06009615384615385 0.06490384615384616 0.10576923076923077
0 0.5612980769230769 0.05889423076923077 0.06971153846153846 0.10576923076923077
0 0.7620192307692307 0.055288461538461536 0.06490384615384616 0.0985576923076923
0 0.828125 0.052884615384615384 0.06490384615384616 0.0985576923076923
0 0.8930288461538461 0.052884615384615384 0.06490384615384616 0.0985576923076923
0 0.390625 0.01201923076923077 0.0625 0.02403846153846154
0 0.9807692307692307 0.009615384615384616 0.038461538461538464 0.016826923076923076
0 0.4543269230769231 0.010817307692307692 0.06971153846153846 0.021634615384615384
0 0.5228365384615384 0.009615384615384616 0.0673076923076923 0.016826923076923076
0 0.7920673076923077 0.007211538461538462 0.06490384615384616 0.014423076923076924
0 0.859375 0.007211538461538462 0.06490384615384616 0.014423076923076924
0 0.9242788461538461 0.007211538461538462 0.06490384615384616 0.014423076923076924
0 0.7271634615384616 0.007211538461538462 0.06490384615384616 0.014423076923076924
0 0.5949519230769231 0.007211538461538462 0.06490384615384616 0.014423076923076924
0 0.5516826923076923 0.40625 0.07451923076923077 0.07932692307692307
0 0.4795673076923077 0.4050480769230769 0.0673076923076923 0.08173076923076923
0 0.4110576923076923 0.4050480769230769 0.0673076923076923 0.08173076923076923
0 0.027644230769230768 0.9278846153846154 0.055288461538461536 0.14423076923076922
0 0.04807692307692308 0.78125 0.09615384615384616 0.20432692307692307
0 0.019230769230769232 0.6141826923076923 0.038461538461538464 0.21875
0 0.03485576923076923 0.49038461538461536 0.06971153846153846 0.09134615384615384
0 0.07932692307692307 0.6141826923076923 0.10817307692307693 0.20192307692307693
0 0.10336538461538461 0.5 0.10096153846153846 0.11057692307692307
0 0.18509615384615385 0.5024038461538461 0.07932692307692307 0.11538461538461539
0 0.24879807692307693 0.5060096153846154 0.06971153846153846 0.12259615384615384
0 0.29927884615384615 0.5060096153846154 0.057692307692307696 0.12259615384615384
0 0.3401442307692308 0.5132211538461539 0.038461538461538464 0.125
0 0.1622596153846154 0.6141826923076923 0.0889423076923077 0.17307692307692307
0 0.2247596153846154 0.6117788461538461 0.06490384615384616 0.16105769230769232
0 0.28125 0.6141826923076923 0.06009615384615385 0.13221153846153846
0 0.3269230769230769 0.6105769230769231 0.04567307692307692 0.12980769230769232
0 0.12980769230769232 0.7740384615384616 0.0889423076923077 0.1778846153846154
0 0.20552884615384615 0.7475961538461539 0.07692307692307693 0.16346153846153846
0 0.265625 0.7331730769230769 0.0625 0.14423076923076922
0 0.09615384615384616 0.9182692307692307 0.10576923076923077 0.16346153846153846
0 0.17668269230769232 0.9014423076923077 0.08173076923076923 0.18028846153846154
0 0.24759615384615385 0.8737980769230769 0.08653846153846154 0.15625
0 0.31490384615384615 0.7295673076923077 0.057692307692307696 0.14423076923076922
0 0.3464034182692307 0.7224069134615385 0.02594316346153849 0.0845153701923078
0 0.296875 0.8509615384615384 0.05048076923076923 0.14182692307692307
0 0.33653846153846156 0.8317307692307693 0.04807692307692308 0.13942307692307693
0 0.2247596153846154 0.9735576923076923 0.08173076923076923 0.052884615384615384
0 0.28125 0.9543269230769231 0.0673076923076923 0.09134615384615384
0 0.3329326923076923 0.9411057692307693 0.052884615384615384 0.11778846153846154
0 0.33413461538461536 0.8317307692307693 0.05048076923076923 0.12259615384615384
0 0.3545673076923077 0.9326923076923077 0.01201923076923077 0.12980769230769232