0 0.9615384615384616 0.10817307692307693 0.038461538461538464 0.08173076923076923
0 0.8737980769230769 0.11658653846153846 0.021634615384615384 0.06009615384615385
0 0.9278846153846154 0.12980769230769232 0.028846153846153848 0.07692307692307693
0 0.8305288461538461 0.1466346153846154 0.021634615384615384 0.052884615384615384
0 0.9026442307692307 0.14903846153846154 0.026442307692307692 0.0673076923076923
0 0.8076923076923077 0.15985576923076922 0.019230769230769232 0.05048076923076923
0 0.875 0.16346153846153846 0.02403846153846154 0.0673076923076923
0 0.8581730769230769 0.1778846153846154 0.02403846153846154 0.0625
0 0.7764423076923077 0.1814903846153846 0.014423076923076924 0.04567307692307692
0 0.8317307692307693 0.18990384615384615 0.019230769230769232 0.0625
0 0.7620192307692307 0.19110576923076922 0.014423076923076924 0.04567307692307692
0 0.8100961538461539 0.20072115384615385 0.014423076923076924 0.055288461538461536
0 0.7415865384615384 0.2091346153846154 0.01201923076923077 0.04326923076923077
0 0.78125 0.21875 0.014423076923076924 0.052884615384615384
0 0.7704326923076923 0.22956730769230768 0.01201923076923077 0.04567307692307692
0 0.7463942307692307 0.24278846153846154 0.01201923076923077 0.04326923076923077
0 0.9747596153846154 0.29927884615384615 0.036057692307692304 0.06971153846153846
0 0.9471153846153846 0.31009615384615385 0.028846153846153848 0.0673076923076923
0 0.8918269230769231 0.32211538461538464 0.02403846153846154 0.057692307692307696
0 0.8725961538461539 0.328125 0.019230769230769232 0.055288461538461536
0 0.984375 0.3485576923076923 0.026442307692307692 0.052884615384615384
0 0.9519230769230769 0.3557692307692308 0.028846153846153848 0.04326923076923077
0 0.039663461538461536 0.4014423076923077 0.055288461538461536 0.08653846153846154
0 0.0889423076923077 0.40384615384615385 0.057692307692307696 0.09615384615384616
0 0.2091346153846154 0.40625 0.0625 0.09615384615384616
0 0.6081730769230769 0.40865384615384615 0.0625 0.09615384615384616
0 0.4050480769230769 0.40865384615384615 0.06490384615384616 0.10096153846153846
0 0.6778846153846154 0.40865384615384615 0.0625 0.09615384615384616
0 0.27884615384615385 0.40865384615384615 0.0673076923076923 0.10096153846153846
0 0.47115384615384615 0.4098557692307692 0.0673076923076923 0.10336538461538461
0 0.8173076923076923 0.4110576923076923 0.0625 0.09615384615384616
0 0.8786057692307693 0.4110576923076923 0.06009615384615385 0.09615384615384616
0 0.015625 0.47836538461538464 0.026442307692307692 0.09615384615384616
0 0.051682692307692304 0.4855769230769231 0.06009615384615385 0.10096153846153846
0 0.11538461538461539 0.4879807692307692 0.0625 0.09615384615384616
0 0.17668269230769232 0.49038461538461536 0.06490384615384616 0.10096153846153846
0 0.9014423076923077 0.49399038461538464 0.057692307692307696 0.09375
0 0.2439903846153846 0.49399038461538464 0.06490384615384616 0.10336538461538461
0 0.30649038461538464 0.49399038461538464 0.06490384615384616 0.10336538461538461
0 0.9651442307692307 0.4951923076923077 0.055288461538461536 0.08653846153846154
0 0.3701923076923077 0.4963942307692308 0.0673076923076923 0.10336538461538461
0 0.5072115384615384 0.4963942307692308 0.0625 0.0985576923076923
0 0.5733173076923077 0.49759615384615385 0.06490384615384616 0.10096153846153846
0 0.43990384615384615 0.49759615384615385 0.0673076923076923 0.10576923076923077
0 0.8389423076923077 0.49759615384615385 0.057692307692307696 0.09134615384615384
0 0.6418269230769231 0.49759615384615385 0.0625 0.10096153846153846
0 0.7091346153846154 0.4987980769230769 0.0625 0.09375
0 0.78125 0.5 0.0625 0.09615384615384616
0 0.9495192307692307 0.057692307692307696 0.03365384615384615 0.07692307692307693
0 0.05048076923076923 0.7223557692307693 0.0625 0.06971153846153846
0 0.11298076923076923 0.7235576923076923 0.057692307692307696 0.07211538461538461
0 0.22235576923076922 0.7307692307692307 0.055288461538461536 0.07692307692307693
0 0.27884615384615385 0.734375 0.0625 0.08413461538461539
0 0.46875 0.7391826923076923 0.0625 0.08413461538461539
0 0.4014423076923077 0.7427884615384616 0.0625 0.09134615384615384
0 0.8653846153846154 0.7584134615384616 0.0625 0.0889423076923077
0 0.5961538461538461 0.7584134615384616 0.0673076923076923 0.09375
0 0.6670673076923077 0.7644230769230769 0.06490384615384616 0.09615384615384616
0 0.8064903846153846 0.765625 0.06490384615384616 0.09375
0 0.02283653846153846 0.7908653846153846 0.040865384615384616 0.08653846153846154
0 0.07692307692307693 0.7956730769230769 0.057692307692307696 0.08653846153846154
0 0.1346153846153846 0.796875 0.052884615384615384 0.08413461538461539
0 0.3125 0.8040865384615384 0.057692307692307696 0.08413461538461539
0 0.18629807692307693 0.8076923076923077 0.06009615384615385 0.08653846153846154
0 0.2512019230769231 0.8088942307692307 0.06009615384615385 0.08413461538461539
0 0.36778846153846156 0.8161057692307693 0.0625 0.0889423076923077
0 0.49759615384615385 0.8173076923076923 0.057692307692307696 0.08173076923076923
0 0.4338942307692308 0.8173076923076923 0.06009615384615385 0.08653846153846154
0 0.6971153846153846 0.8197115384615384 0.0625 0.052884615384615384
0 0.5625 0.8245192307692307 0.0625 0.0625
0 0.6310096153846154 0.8257211538461539 0.06490384615384616 0.055288461538461536
0 0.8978365384615384 0.10096153846153846 0.026442307692307692 0.0673076923076923
0 0.984375 0.7596153846153846 0.03125 0.08653846153846154