0 0.07692307692307693 0.38221153846153844 0.09615384615384616 0.15384615384615385
0 0.17548076923076922 0.3942307692307692 0.08413461538461539 0.1466346153846154
0 0.12379807692307693 0.6286057692307693 0.08173076923076923 0.14182692307692307
0 0.2548076923076923 0.3942307692307692 0.08413461538461539 0.14182692307692307
0 0.203125 0.5120192307692307 0.06490384615384616 0.10576923076923077
0 0.2247596153846154 0.6165865384615384 0.07451923076923077 0.11538461538461539
0 0.2536057692307692 0.5168269230769231 0.07451923076923077 0.11538461538461539
0 0.2956730769230769 0.6141826923076923 0.06971153846153846 0.11778846153846154
0 0.3581730769230769 0.6237980769230769 0.08173076923076923 0.13221153846153846
0 0.32211538461538464 0.5108173076923077 0.07692307692307693 0.125
0 0.3125 0.36658653846153844 0.10817307692307693 0.17548076923076922
0 0.43028846153846156 0.38341346153846156 0.08653846153846154 0.15384615384615385
0 0.4050480769230769 0.5012019230769231 0.06971153846153846 0.11778846153846154
0 0.4411057692307692 0.5985576923076923 0.0673076923076923 0.11538461538461539
0 0.47596153846153844 0.4987980769230769 0.07451923076923077 0.1346153846153846
0 0.5168269230769231 0.36899038461538464 0.09134615384615384 0.15625
0 0.5108173076923077 0.6009615384615384 0.07451923076923077 0.125
0 0.5444711538461539 0.4987980769230769 0.0673076923076923 0.1201923076923077
0 0.5865384615384616 0.6033653846153846 0.07451923076923077 0.13221153846153846
0 0.6153846153846154 0.49278846153846156 0.07451923076923077 0.11778846153846154
0 0.6346153846153846 0.5805288461538461 0.055288461538461536 0.10576923076923077
0 0.7067307692307693 0.49038461538461536 0.07451923076923077 0.13221153846153846
0 0.7091346153846154 0.5793269230769231 0.0625 0.09615384615384616
0 0.7740384615384616 0.4723557692307692 0.06971153846153846 0.125
0 0.7596153846153846 0.5709134615384616 0.04326923076923077 0.0889423076923077
0 0.8185096153846154 0.5637019230769231 0.0673076923076923 0.10817307692307693
0 0.8617788461538461 0.5588942307692307 0.052884615384615384 0.10576923076923077
0 0.9338942307692307 0.5564903846153846 0.06490384615384616 0.11778846153846154