0 0.27109375 0.33125 0.075 0.0546875
0 0.34140625 0.3171875 0.075 0.059375
0 0.41796875 0.3140625 0.0796875 0.059375
0 0.496875 0.3140625 0.0625 0.053125
0 0.565625 0.309375 0.065625 0.0515625
0 0.64765625 0.3015625 0.078125 0.0671875
0 0.221875 0.3734375 0.0734375 0.0546875
0 0.290625 0.3859375 0.075 0.0546875
0 0.36328125 0.3734375 0.071875 0.053125
0 0.4359375 0.371875 0.0828125 0.0546875
0 0.5234375 0.36328125 0.065625 0.046875
0 0.61328125 0.3609375 0.08125 0.059375
0 0.6921875 0.35859375 0.078125 0.05625
0 0.1671875 0.41796875 0.071875 0.053125
0 0.24296875 0.42578125 0.078125 0.05625
0 0.31640625 0.440625 0.075 0.05625
0 0.390625 0.428125 0.075 0.0515625
0 0.48203125 0.4125 0.075 0.0546875
0 0.571875 0.4109375 0.0734375 0.0546875
0 0.65546875 0.4109375 0.078125 0.0578125
0 0.73203125 0.4078125 0.0828125 0.0546875
0 0.12734375 0.46640625 0.071875 0.05625
0 0.1984375 0.471875 0.075 0.0578125
0 0.27890625 0.4765625 0.075 0.0484375
0 0.34375 0.49140625 0.075 0.046875
0 0.41171875 0.48203125 0.0765625 0.05625
0 0.53203125 0.4578125 0.08125 0.053125
0 0.60546875 0.459375 0.0859375 0.0515625
0 0.68984375 0.4609375 0.0796875 0.053125
0 0.77109375 0.45859375 0.075 0.053125
0 0.09296875 0.5140625 0.06875 0.0515625
0 0.16015625 0.52109375 0.0796875 0.05
0 0.25234375 0.521875 0.065625 0.05625
0 0.309375 0.53203125 0.0734375 0.046875
0 0.384375 0.53359375 0.078125 0.05
0 0.49140625 0.5046875 0.071875 0.0515625
0 0.56796875 0.50625 0.071875 0.05625
0 0.64609375 0.5109375 0.08125 0.053125
0 0.72421875 0.5125 0.075 0.0546875
0 0.80078125 0.509375 0.0796875 0.0515625
0 0.82421875 0.559375 0.075 0.0515625
0 0.4578125 0.546875 0.065625 0.0515625
0 0.53046875 0.55 0.0703125 0.0515625
0 0.60390625 0.55625 0.071875 0.05
0 0.67421875 0.5578125 0.075 0.053125
0 0.75078125 0.56953125 0.078125 0.059375
0 0.0671875 0.55859375 0.071875 0.05
0 0.13515625 0.5578125 0.071875 0.046875
0 0.2046875 0.5703125 0.0640625 0.0484375
0 0.27109375 0.5765625 0.075 0.0546875
0 0.3484375 0.5796875 0.0765625 0.0546875
0 0.41796875 0.59375 0.0703125 0.05
0 0.490625 0.59296875 0.06875 0.053125
0 0.56328125 0.609375 0.078125 0.0578125
0 0.65234375 0.6140625 0.075 0.0578125
0 0.725 0.625 0.0671875 0.0578125
0 0.79609375 0.609375 0.0625 0.05625
0 0.0765625 0.609375 0.078125 0.0484375
0 0.14609375 0.6140625 0.071875 0.0515625
0 0.23046875 0.6203125 0.0703125 0.0484375
0 0.3078125 0.6234375 0.0765625 0.0515625
0 0.38203125 0.634375 0.075 0.0515625
0 0.45390625 0.640625 0.075 0.0484375
0 0.525 0.64453125 0.075 0.046875
0 0.59921875 0.65625 0.075 0.05
0 0.67265625 0.659375 0.078125 0.04375
0 0.75 0.66875 0.071875 0.05
0 0.109375 0.6578125 0.078125 0.0421875
0 0.18828125 0.65390625 0.071875 0.05
0 0.27578125 0.6609375 0.071875 0.0515625
0 0.34375 0.68125 0.071875 0.05
0 0.4109375 0.6875 0.0765625 0.0546875
0 0.4828125 0.6890625 0.0671875 0.046875
0 0.55546875 0.6953125 0.0703125 0.053125
0 0.62734375 0.696875 0.075 0.0453125
0 0.70546875 0.7078125 0.071875 0.0515625
0 0.16171875 0.690625 0.0671875 0.04375
0 0.23359375 0.69375 0.0625 0.05
0 0.30234375 0.734375 0.065625 0.0484375
0 0.37109375 0.721875 0.071875 0.0453125
0 0.44453125 0.7296875 0.065625 0.046875
0 0.5140625 0.734375 0.0703125 0.0515625
0 0.58203125 0.7375 0.06875 0.05
0 0.66171875 0.746875 0.06875 0.0484375
0 0.1953125 0.7390625 0.075 0.0484375
0 0.271875 0.75625 0.071875 0.0609375
0 0.3375 0.76953125 0.059375 0.053125
0 0.40390625 0.771875 0.06875 0.05
0 0.47265625 0.77421875 0.0640625 0.05
0 0.53984375 0.7890625 0.059375 0.053125
0 0.61484375 0.790625 0.071875 0.04375