0 0.80390625 0.769140625 0.0515625 0.05390625
0 0.0578125 0.670703125 0.053125 0.05703125
0 0.36015625 0.710546875 0.0546875 0.05546875
0 0.3890625 0.758984375 0.05625 0.05546875
0 0.30859375 0.721484375 0.0515625 0.05546875
0 0.28828125 0.660546875 0.0515625 0.04921875
0 0.3421875 0.667578125 0.05 0.04453125
0 0.4140625 0.708984375 0.04375 0.05234375
0 0.4609375 0.703515625 0.053125 0.05390625
0 0.53984375 0.653515625 0.0515625 0.05078125
0 0.47578125 0.484765625 0.0546875 0.05703125
0 0.43046875 0.443359375 0.0546875 0.05234375
0 0.4203125 0.495703125 0.05625 0.05703125
0 0.59453125 0.449609375 0.0546875 0.05546875
0 0.22578125 0.755859375 0.0578125 0.06171875
0 0.86484375 0.621484375 0.0578125 0.05546875
0 0.725 0.719921875 0.05625 0.05859375
0 0.93984375 0.66640625 0.0578125 0.0515625
0 0.49765625 0.751953125 0.0546875 0.06015625
0 0.56640625 0.376953125 0.0515625 0.05703125
0 0.51015625 0.38671875 0.0515625 0.0546875
0 0.54765625 0.437890625 0.0484375 0.05078125
0 0.4859375 0.439453125 0.053125 0.04453125
0 0.3625 0.447265625 0.046875 0.03515625
0 0.3046875 0.457421875 0.05 0.05234375
0 0.33359375 0.478515625 0.0578125 0.05703125
0 0.4015625 0.424609375 0.04375 0.04296875
0 0.1703125 0.669921875 0.05625 0.05546875
0 0.52734375 0.476171875 0.0453125 0.03984375
0 0.5203125 0.516796875 0.05625 0.04921875
0 0.37109375 0.522265625 0.0578125 0.05703125
0 0.31875 0.535546875 0.053125 0.05546875
0 0.28515625 0.559765625 0.0484375 0.05078125
0 0.375 0.58046875 0.053125 0.0515625
0 0.328125 0.590234375 0.046875 0.04921875
0 0.46640625 0.542578125 0.0546875 0.05703125
0 0.56796875 0.519921875 0.0421875 0.05234375
0 0.2984375 0.511328125 0.0375 0.03828125
0 0.1328125 0.659765625 0.046875 0.05390625
0 0.0546875 0.771484375 0.059375 0.05859375
0 0.1015625 0.720703125 0.065625 0.06640625
0 0.1640625 0.770703125 0.059375 0.06015625
0 0.0765625 0.824609375 0.0625 0.06171875
0 0.2796875 0.775390625 0.05625 0.05703125
0 0.63203125 0.672265625 0.0546875 0.05390625
0 0.765625 0.6265625 0.040625 0.0375
0 0.74296875 0.6671875 0.0515625 0.053125
0 0.7828125 0.715234375 0.053125 0.05859375
0 0.6640625 0.717578125 0.05 0.05703125
0 0.6125 0.730078125 0.05625 0.05703125
0 0.58828125 0.781640625 0.0578125 0.05703125
0 0.44375 0.757421875 0.05 0.05546875
0 0.787890625 0.667578125 0.04921875 0.04765625
0 0.86640625 0.762109375 0.0546875 0.05546875
0 0.8796875 0.662890625 0.05 0.04765625
0 0.87109375 0.711328125 0.0390625 0.04765625
0 0.82890625 0.71640625 0.0453125 0.0546875
0 0.85625 0.819140625 0.059375 0.06328125
0 0.91328125 0.816015625 0.0546875 0.05703125
0 0.74765625 0.766015625 0.0546875 0.05390625
0 0.64140625 0.769140625 0.0515625 0.05078125
0 0.6734375 0.816796875 0.05625 0.05546875
0 0.56171875 0.698046875 0.0453125 0.04921875
0 0.54296875 0.744140625 0.0421875 0.04765625
0 0.36796875 0.803515625 0.0515625 0.05078125
0 0.26484375 0.706640625 0.0453125 0.05078125
0 0.93828125 0.719921875 0.0546875 0.05234375
0 0.45234375 0.615234375 0.0484375 0.04921875
0 0.48515625 0.655078125 0.0515625 0.05078125
0 0.54921875 0.610546875 0.0453125 0.04296875