0 0.18629807692307693 0.42427884615384615 0.16826923076923078 0.057692307692307696
0 0.9014423076923077 0.08173076923076923 0.1971153846153846 0.16346153846153846
0 0.5661057692307693 0.9711538461538461 0.04807692307692308 0.057692307692307696
0 0.47115384615384615 0.9711538461538461 0.12259615384615384 0.057692307692307696
0 0.3485576923076923 0.9675480769230769 0.1201923076923077 0.06490384615384616
0 0.22596153846153846 0.9651442307692307 0.125 0.06971153846153846
0 0.09975961538461539 0.9639423076923077 0.12259615384615384 0.07211538461538461
0 0.53125 0.9026442307692307 0.11538461538461539 0.11057692307692307
0 0.4110576923076923 0.8966346153846154 0.1201923076923077 0.11538461538461539
0 0.28846153846153844 0.8918269230769231 0.1201923076923077 0.11538461538461539
0 0.16466346153846154 0.8882211538461539 0.12259615384615384 0.11538461538461539
0 0.051682692307692304 0.8810096153846154 0.10336538461538461 0.11538461538461539
0 0.5612980769230769 0.8076923076923077 0.055288461538461536 0.11057692307692307
0 0.47716346153846156 0.8004807692307693 0.11778846153846154 0.11057692307692307
0 0.34975961538461536 0.7956730769230769 0.11778846153846154 0.11298076923076923
0 0.2283653846153846 0.7824519230769231 0.12259615384615384 0.11538461538461539
0 0.10336538461538461 0.78125 0.125 0.1201923076923077
0 0.018028846153846152 0.7764423076923077 0.036057692307692304 0.1201923076923077
0 0.5336538461538461 0.7103365384615384 0.11057692307692307 0.10817307692307693
0 0.4170673076923077 0.6995192307692307 0.1201923076923077 0.11057692307692307
0 0.2920673076923077 0.6923076923076923 0.11778846153846154 0.11057692307692307
0 0.16466346153846154 0.6862980769230769 0.12259615384615384 0.11057692307692307
0 0.052884615384615384 0.6790865384615384 0.10576923076923077 0.11538461538461539
0 0.5649038461538461 0.6201923076923077 0.05048076923076923 0.10817307692307693
0 0.47716346153846156 0.609375 0.11538461538461539 0.10576923076923077
0 0.3581730769230769 0.5997596153846154 0.11778846153846154 0.11057692307692307
0 0.23076923076923078 0.5913461538461539 0.12259615384615384 0.11057692307692307
0 0.10336538461538461 0.5829326923076923 0.12259615384615384 0.11057692307692307
0 0.016826923076923076 0.5793269230769231 0.03365384615384615 0.11057692307692307
0 0.5384615384615384 0.5192307692307693 0.10336538461538461 0.10817307692307693
0 0.4182692307692308 0.5096153846153846 0.11298076923076923 0.10576923076923077
0 0.2920673076923077 0.5036057692307693 0.11538461538461539 0.10336538461538461
0 0.16826923076923078 0.49759615384615385 0.11538461538461539 0.0889423076923077
0 0.04927884615384615 0.49759615384615385 0.0985576923076923 0.0889423076923077
0 0.6622596153846154 0.78125 0.12740384615384615 0.23557692307692307
0 0.7836538461538461 0.7584134615384616 0.12259615384615384 0.2283653846153846
0 0.9206730769230769 0.7451923076923077 0.11538461538461539 0.22596153846153846
0 0.9891826923076923 0.71875 0.021634615384615384 0.22115384615384615
0 0.6165865384615384 0.5829326923076923 0.055288461538461536 0.2403846153846154
0 0.6947115384615384 0.5612980769230769 0.11538461538461539 0.21875
0 0.8161057692307693 0.5552884615384616 0.11538461538461539 0.20673076923076922
0 0.9639423076923077 0.5504807692307693 0.07211538461538461 0.19471153846153846