0 0.18629807692307693 0.0625 0.038461538461538464 0.0673076923076923
0 0.19110576923076922 0.14423076923076922 0.038461538461538464 0.06490384615384616
0 0.1935096153846154 0.22235576923076922 0.038461538461538464 0.0673076923076923
0 0.1971153846153846 0.2980769230769231 0.038461538461538464 0.0673076923076923
0 0.20192307692307693 0.39663461538461536 0.038461538461538464 0.0673076923076923
0 0.20432692307692307 0.4699519230769231 0.036057692307692304 0.0625
0 0.2091346153846154 0.5420673076923077 0.036057692307692304 0.06009615384615385
0 0.21153846153846154 0.609375 0.036057692307692304 0.0625
0 0.2247596153846154 0.06129807692307692 0.040865384615384616 0.07211538461538461
0 0.23317307692307693 0.14302884615384615 0.038461538461538464 0.0673076923076923
0 0.2403846153846154 0.2247596153846154 0.038461538461538464 0.06490384615384616
0 0.24519230769230768 0.3004807692307692 0.036057692307692304 0.0625
0 0.24639423076923078 0.40024038461538464 0.036057692307692304 0.06009615384615385
0 0.24879807692307693 0.4723557692307692 0.036057692307692304 0.06009615384615385
0 0.2512019230769231 0.5408653846153846 0.036057692307692304 0.06009615384615385
0 0.2536057692307692 0.6081730769230769 0.036057692307692304 0.06009615384615385
0 0.27884615384615385 0.06490384615384616 0.040865384615384616 0.06971153846153846
0 0.2824519230769231 0.1502403846153846 0.040865384615384616 0.06971153846153846
0 0.2848557692307692 0.22235576923076922 0.038461538461538464 0.0673076923076923
0 0.28846153846153844 0.3004807692307692 0.036057692307692304 0.0673076923076923
0 0.28846153846153844 0.4014423076923077 0.036057692307692304 0.06009615384615385
0 0.2920673076923077 0.4723557692307692 0.036057692307692304 0.0625
0 0.2932692307692308 0.5432692307692307 0.036057692307692304 0.06009615384615385
0 0.296875 0.609375 0.036057692307692304 0.0625
0 0.3401442307692308 0.6069711538461539 0.036057692307692304 0.0625
0 0.38100961538461536 0.6237980769230769 0.036057692307692304 0.06009615384615385
0 0.33774038461538464 0.5408653846153846 0.038461538461538464 0.06009615384615385
0 0.33653846153846156 0.47475961538461536 0.038461538461538464 0.057692307692307696
0 0.3329326923076923 0.40024038461538464 0.038461538461538464 0.057692307692307696
0 0.3317307692307692 0.3016826923076923 0.038461538461538464 0.06490384615384616
0 0.3293269230769231 0.2247596153846154 0.038461538461538464 0.0625
0 0.3293269230769231 0.1502403846153846 0.038461538461538464 0.06490384615384616
0 0.3269230769230769 0.06610576923076923 0.038461538461538464 0.0673076923076923
0 0.3701923076923077 0.06850961538461539 0.038461538461538464 0.0673076923076923
0 0.37259615384615385 0.14903846153846154 0.038461538461538464 0.0673076923076923
0 0.375 0.2247596153846154 0.038461538461538464 0.0673076923076923
0 0.3762019230769231 0.3004807692307692 0.038461538461538464 0.0673076923076923
0 0.37740384615384615 0.4074519230769231 0.038461538461538464 0.0673076923076923
0 0.3786057692307692 0.4807692307692308 0.036057692307692304 0.0625
0 0.3786057692307692 0.5516826923076923 0.036057692307692304 0.06490384615384616
0 0.4182692307692308 0.07091346153846154 0.036057692307692304 0.06490384615384616
0 0.4182692307692308 0.14903846153846154 0.036057692307692304 0.06490384615384616
0 0.4182692307692308 0.22956730769230768 0.036057692307692304 0.06490384615384616
0 0.4182692307692308 0.3016826923076923 0.036057692307692304 0.06490384615384616
0 0.421875 0.40865384615384615 0.036057692307692304 0.06490384615384616
0 0.4230769230769231 0.48197115384615385 0.036057692307692304 0.06490384615384616
0 0.4230769230769231 0.5552884615384616 0.036057692307692304 0.06490384615384616
0 0.4230769230769231 0.625 0.036057692307692304 0.06490384615384616
0 0.46634615384615385 0.625 0.036057692307692304 0.06490384615384616
0 0.4675480769230769 0.5516826923076923 0.036057692307692304 0.06490384615384616
0 0.4675480769230769 0.4807692307692308 0.036057692307692304 0.0625
0 0.4675480769230769 0.4098557692307692 0.036057692307692304 0.0625
0 0.46274038461538464 0.30288461538461536 0.038461538461538464 0.0625
0 0.46274038461538464 0.22956730769230768 0.038461538461538464 0.06490384615384616
0 0.46274038461538464 0.15144230769230768 0.036057692307692304 0.0673076923076923
0 0.46153846153846156 0.07091346153846154 0.036057692307692304 0.0673076923076923
0 0.5072115384615384 0.06971153846153846 0.036057692307692304 0.0673076923076923
0 0.5072115384615384 0.1502403846153846 0.038461538461538464 0.0673076923076923
0 0.5072115384615384 0.22956730769230768 0.038461538461538464 0.0673076923076923
0 0.5072115384615384 0.30528846153846156 0.038461538461538464 0.0673076923076923
0 0.5120192307692307 0.40865384615384615 0.038461538461538464 0.0673076923076923
0 0.5120192307692307 0.4831730769230769 0.038461538461538464 0.0673076923076923
0 0.5108173076923077 0.5552884615384616 0.038461538461538464 0.06490384615384616
0 0.5108173076923077 0.6286057692307693 0.036057692307692304 0.06490384615384616
0 0.5552884615384616 0.22956730769230768 0.03365384615384615 0.06490384615384616
0 0.5552884615384616 0.30528846153846156 0.03365384615384615 0.06490384615384616
0 0.5612980769230769 0.41947115384615385 0.038461538461538464 0.0673076923076923
0 0.5612980769230769 0.4987980769230769 0.038461538461538464 0.0673076923076923
0 0.5600961538461539 0.5793269230769231 0.038461538461538464 0.06490384615384616
0 0.5600961538461539 0.6574519230769231 0.038461538461538464 0.06490384615384616
0 0.5997596153846154 0.22956730769230768 0.038461538461538464 0.0673076923076923
0 0.5973557692307693 0.30649038461538464 0.038461538461538464 0.0625
0 0.6105769230769231 0.4206730769230769 0.038461538461538464 0.06971153846153846
0 0.6057692307692307 0.5012019230769231 0.038461538461538464 0.06971153846153846
0 0.6081730769230769 0.5805288461538461 0.038461538461538464 0.06971153846153846
0 0.6081730769230769 0.6586538461538461 0.038461538461538464 0.06971153846153846
0 0.6454326923076923 0.23197115384615385 0.036057692307692304 0.0625
0 0.6418269230769231 0.3088942307692308 0.038461538461538464 0.0673076923076923
0 0.6586538461538461 0.421875 0.040865384615384616 0.07211538461538461
0 0.6550480769230769 0.5024038461538461 0.038461538461538464 0.06971153846153846
0 0.6550480769230769 0.5805288461538461 0.038461538461538464 0.06490384615384616
0 0.6514423076923077 0.6586538461538461 0.038461538461538464 0.0673076923076923
0 0.7067307692307693 0.4230769230769231 0.038461538461538464 0.0673076923076923
0 0.7019230769230769 0.5036057692307693 0.038461538461538464 0.0673076923076923
0 0.7019230769230769 0.5817307692307693 0.038461538461538464 0.06490384615384616
0 0.6995192307692307 0.6598557692307693 0.038461538461538464 0.06490384615384616
0 0.6911057692307693 0.23317307692307693 0.038461538461538464 0.0673076923076923
0 0.6887019230769231 0.3088942307692308 0.036057692307692304 0.06009615384615385
0 0.7439903846153846 0.4182692307692308 0.036057692307692304 0.0625
0 0.7391826923076923 0.49278846153846156 0.036057692307692304 0.06490384615384616
0 0.7379807692307693 0.5697115384615384 0.03365384615384615 0.06490384615384616
0 0.7355769230769231 0.6418269230769231 0.03365384615384615 0.06009615384615385
0 0.7884615384615384 0.4170673076923077 0.038461538461538464 0.0673076923076923
0 0.7848557692307693 0.49278846153846156 0.038461538461538464 0.06490384615384616
0 0.7848557692307693 0.5685096153846154 0.038461538461538464 0.06490384615384616
0 0.7800480769230769 0.6394230769230769 0.03365384615384615 0.06490384615384616
0 0.8377403846153846 0.41947115384615385 0.040865384615384616 0.0673076923076923
0 0.8317307692307693 0.49399038461538464 0.038461538461538464 0.06971153846153846
0 0.8269230769230769 0.5697115384615384 0.036057692307692304 0.06490384615384616
0 0.8221153846153846 0.6394230769230769 0.036057692307692304 0.06490384615384616
0 0.8810096153846154 0.4170673076923077 0.038461538461538464 0.06971153846153846
0 0.8786057692307693 0.49278846153846156 0.036057692307692304 0.06490384615384616
0 0.8737980769230769 0.5697115384615384 0.038461538461538464 0.06009615384615385
0 0.8701923076923077 0.6430288461538461 0.036057692307692304 0.06490384615384616