0 0.3701923076923077 0.15264423076923078 0.052884615384615384 0.057692307692307696
0 0.8461538461538461 0.20673076923076922 0.15144230769230768 0.22596153846153846
0 0.96875 0.1814903846153846 0.0625 0.28365384615384615
0 0.7055288461538461 0.17908653846153846 0.17067307692307693 0.28846153846153844
0 0.8677884615384616 0.039663461538461536 0.1971153846153846 0.07932692307692307
0 0.6911057692307693 0.028846153846153848 0.14182692307692307 0.057692307692307696
0 0.19831730769230768 0.8569711538461539 0.07451923076923077 0.14903846153846154
0 0.12860576923076922 0.8497596153846154 0.07211538461538461 0.15144230769230768
0 0.009615384615384616 0.8473557692307693 0.019230769230769232 0.14182692307692307
0 0.056490384615384616 0.8425480769230769 0.07211538461538461 0.1466346153846154
0 0.5721153846153846 0.7560096153846154 0.09134615384615384 0.16346153846153846
0 0.4891826923076923 0.7439903846153846 0.08653846153846154 0.15865384615384615
0 0.40625 0.7391826923076923 0.08173076923076923 0.15865384615384615
0 0.33052884615384615 0.7319711538461539 0.08173076923076923 0.15144230769230768
0 0.2536057692307692 0.7259615384615384 0.07451923076923077 0.15384615384615385
0 0.1814903846153846 0.7199519230769231 0.07451923076923077 0.14903846153846154
0 0.11057692307692307 0.7163461538461539 0.06971153846153846 0.1466346153846154
0 0.042067307692307696 0.7127403846153846 0.07211538461538461 0.14423076923076922
0 0.6021634615384616 0.6141826923076923 0.03365384615384615 0.16826923076923078
0 0.5396634615384616 0.5985576923076923 0.09134615384615384 0.16346153846153846
0 0.4579326923076923 0.5985576923076923 0.0889423076923077 0.15865384615384615
0 0.2920673076923077 0.59375 0.06490384615384616 0.15144230769230768
0 0.15985576923076922 0.5913461538461539 0.07211538461538461 0.14903846153846154
0 0.2283653846153846 0.5913461538461539 0.07211538461538461 0.15144230769230768
0 0.09254807692307693 0.5901442307692307 0.06971153846153846 0.1466346153846154
0 0.028846153846153848 0.5877403846153846 0.057692307692307696 0.13942307692307693
0 0.33052884615384615 0.5685096153846154 0.08653846153846154 0.15865384615384615
0 0.5408653846153846 0.9927884615384616 0.09134615384615384 0.014423076923076924
0 0.021634615384615384 0.47115384615384615 0.04326923076923077 0.13221153846153846
0 0.21514423076923078 0.46875 0.07211538461538461 0.13221153846153846
0 0.06971153846153846 0.4651442307692308 0.07211538461538461 0.13221153846153846
0 0.14182692307692307 0.4651442307692308 0.07211538461538461 0.13701923076923078
0 0.27163461538461536 0.4651442307692308 0.052884615384615384 0.14903846153846154
0 0.43028846153846156 0.46033653846153844 0.08413461538461539 0.15384615384615385
0 0.5853365384615384 0.4543269230769231 0.06971153846153846 0.16105769230769232
0 0.5120192307692307 0.4519230769230769 0.08653846153846154 0.15865384615384615
0 0.31971153846153844 0.4375 0.08413461538461539 0.15384615384615385
0 0.46274038461538464 0.9855769230769231 0.08413461538461539 0.028846153846153848
0 0.013221153846153846 0.3713942307692308 0.026442307692307692 0.0985576923076923
0 0.05048076923076923 0.36778846153846156 0.06490384615384616 0.0889423076923077
0 0.11177884615384616 0.3641826923076923 0.07211538461538461 0.08413461538461539
0 0.18509615384615385 0.3629807692307692 0.07451923076923077 0.08173076923076923
0 0.25841346153846156 0.3641826923076923 0.07211538461538461 0.08413461538461539
0 0.4098557692307692 0.3581730769230769 0.08173076923076923 0.07211538461538461
0 0.49158653846153844 0.3605769230769231 0.08413461538461539 0.07451923076923077
0 0.33052884615384615 0.34975961538461536 0.08173076923076923 0.055288461538461536
0 0.5697115384615384 0.35697115384615385 0.09134615384615384 0.06971153846153846
0 0.38461538461538464 0.9711538461538461 0.08653846153846154 0.057692307692307696
0 0.2980769230769231 0.9663461538461539 0.08173076923076923 0.0673076923076923
0 0.22115384615384615 0.9591346153846154 0.07692307692307693 0.08173076923076923
0 0.1502403846153846 0.9555288461538461 0.07451923076923077 0.0889423076923077
0 0.020432692307692308 0.9543269230769231 0.040865384615384616 0.09134615384615384
0 0.07692307692307693 0.9507211538461539 0.07451923076923077 0.0985576923076923
0 0.5877403846153846 0.9170673076923077 0.06490384615384616 0.1658653846153846
0 0.5108173076923077 0.9086538461538461 0.08653846153846154 0.1658653846153846
0 0.43028846153846156 0.8846153846153846 0.08413461538461539 0.16105769230769232
0 0.3449519230769231 0.8762019230769231 0.07692307692307693 0.15865384615384615
0 0.27283653846153844 0.8641826923076923 0.07692307692307693 0.15625
0 0.6646634615384616 0.8016826923076923 0.09375 0.39663461538461536
0 0.8990384615384616 0.5492788461538461 0.1875 0.4519230769230769
0 0.7127403846153846 0.5204326923076923 0.18509615384615385 0.39663461538461536
0 0.9555288461538461 0.8713942307692307 0.0889423076923077 0.25721153846153844
0 0.8137019230769231 0.8401442307692307 0.1971153846153846 0.31971153846153844