0 0.07265625 0.21640625 0.0828125 0.1109375
0 0.15625 0.2140625 0.08125 0.1125
0 0.24296875 0.209375 0.0859375 0.1125
0 0.33125 0.205078125 0.084375 0.11328125
0 0.11015625 0.3125 0.0859375 0.115625
0 0.2 0.3109375 0.0875 0.115625
0 0.28984375 0.3046875 0.0859375 0.115625
0 0.37890625 0.297265625 0.0890625 0.11328125
0 0.0640625 0.41171875 0.084375 0.1171875
0 0.15390625 0.41015625 0.0859375 0.1171875
0 0.2453125 0.405078125 0.0875 0.11953125
0 0.3359375 0.401171875 0.0875 0.11796875
0 0.42734375 0.392578125 0.0890625 0.11640625
0 0.11015625 0.513671875 0.0859375 0.11796875
0 0.2 0.5078125 0.0875 0.11875
0 0.28984375 0.5078125 0.0859375 0.11875
0 0.37890625 0.505859375 0.0890625 0.12109375
0 0.46875 0.49765625 0.0875 0.1203125
0 0.0625 0.619140625 0.0875 0.11953125
0 0.15703125 0.611328125 0.0859375 0.11953125
0 0.246875 0.611328125 0.0875 0.11953125
0 0.34296875 0.615625 0.0890625 0.121875
0 0.43515625 0.6078125 0.0890625 0.121875
0 0.11484375 0.71484375 0.0859375 0.1203125
0 0.20234375 0.716015625 0.0859375 0.12265625
0 0.29296875 0.7140625 0.0890625 0.121875
0 0.39609375 0.71796875 0.0921875 0.1203125
0 0.06640625 0.820703125 0.0953125 0.12578125
0 0.15625 0.821875 0.090625 0.125
0 0.2484375 0.81953125 0.090625 0.1234375
0 0.34296875 0.813671875 0.0921875 0.12109375
0 0.675 0.214453125 0.08125 0.10703125
0 0.759375 0.21015625 0.08125 0.1078125
0 0.840625 0.20859375 0.075 0.1078125
0 0.9203125 0.20234375 0.075 0.1078125
0 0.7234375 0.307421875 0.084375 0.11171875
0 0.80703125 0.30390625 0.0828125 0.1109375
0 0.89140625 0.30078125 0.0796875 0.1109375
0 0.684375 0.406640625 0.084375 0.11640625
0 0.76953125 0.40546875 0.0796875 0.1140625
0 0.85390625 0.396484375 0.0828125 0.11171875
0 0.9359375 0.39765625 0.075 0.1109375
0 0.90234375 0.4953125 0.0796875 0.1125
0 0.81796875 0.49765625 0.0828125 0.1140625
0 0.73203125 0.505859375 0.0859375 0.11796875
0 0.6453125 0.510546875 0.084375 0.11796875
0 0.5578125 0.514453125 0.0875 0.11953125
0 0.59140625 0.623046875 0.0921875 0.11796875
0 0.6890625 0.610546875 0.09375 0.11796875
0 0.78125 0.598828125 0.084375 0.11640625
0 0.8640625 0.598046875 0.078125 0.11171875
0 0.9484375 0.595703125 0.090625 0.11328125
0 0.9125 0.691796875 0.084375 0.11484375
0 0.8296875 0.7 0.0875 0.11875
0 0.9578125 0.788671875 0.08125 0.11796875
0 0.87578125 0.797265625 0.0796875 0.11640625
0 0.790625 0.802734375 0.084375 0.12109375
0 0.70281982421875 0.80532455390625 0.0814208984375 0.10953521718749996
0 0.6390625 0.719140625 0.084375 0.11640625
0 0.5958633421874999 0.40887069687499994 0.08625793437500003 0.11096954375000001
0 0.6332626343750001 0.305831909375 0.08085632187499998 0.10385131875
0 0.7421875 0.703515625 0.0875 0.11640625