0 0.4579326923076923 0.5084134615384616 0.20192307692307693 0.2403846153846154
0 0.5372596153846154 0.8209134615384616 0.19230769230769232 0.30528846153846156
0 0.9326923076923077 0.4026442307692308 0.06009615384615385 0.028846153846153848
0 0.7067307692307693 0.40384615384615385 0.06490384615384616 0.03125
0 0.8533653846153846 0.40625 0.06009615384615385 0.036057692307692304
0 0.8245192307692307 0.44591346153846156 0.06490384615384616 0.11538461538461539
0 0.7415865384615384 0.46153846153846156 0.04567307692307692 0.11298076923076923
0 0.7007211538461539 0.4807692307692308 0.06971153846153846 0.1201923076923077
0 0.8762019230769231 0.5504807692307693 0.06490384615384616 0.11778846153846154
0 0.6538461538461539 0.5588942307692307 0.040865384615384616 0.125
0 0.8149038461538461 0.5709134615384616 0.0673076923076923 0.11538461538461539
0 0.7463942307692307 0.5829326923076923 0.06009615384615385 0.11538461538461539
0 0.6754807692307693 0.59375 0.06009615384615385 0.11538461538461539
0 0.8389423076923077 0.6706730769230769 0.055288461538461536 0.11298076923076923
0 0.6418269230769231 0.6826923076923077 0.016826923076923076 0.125
0 0.7896634615384616 0.6887019230769231 0.06490384615384616 0.1201923076923077
0 0.7259615384615384 0.7007211538461539 0.0673076923076923 0.11778846153846154
0 0.65625 0.7139423076923077 0.04567307692307692 0.11778846153846154
0 0.8882211538461539 0.7632211538461539 0.04807692307692308 0.10336538461538461
0 0.8149038461538461 0.7836538461538461 0.0673076923076923 0.11538461538461539
0 0.7524038461538461 0.8004807692307693 0.06971153846153846 0.11778846153846154
0 0.6826923076923077 0.8173076923076923 0.06971153846153846 0.1201923076923077
0 0.640625 0.8293269230769231 0.014423076923076924 0.1201923076923077
0 0.8509615384615384 0.875 0.057692307692307696 0.11778846153846154
0 0.6574519230769231 0.9014423076923077 0.04807692307692308 0.055288461538461536
0 0.7283653846153846 0.9098557692307693 0.0673076923076923 0.09375