0 0.9519230769230769 0.0829326923076923 0.09615384615384616 0.1658653846153846
0 0.78125 0.0829326923076923 0.21394230769230768 0.1658653846153846
0 0.47716346153846156 0.9375 0.10817307692307693 0.125
0 0.36177884615384615 0.9290865384615384 0.12259615384615384 0.14182692307692307
0 0.24759615384615385 0.9362980769230769 0.10336538461538461 0.12740384615384615
0 0.15625 0.9290865384615384 0.10576923076923077 0.14182692307692307
0 0.025240384615384616 0.9242788461538461 0.05048076923076923 0.15144230769230768
0 0.2932692307692308 0.8004807692307693 0.12259615384615384 0.18509615384615385
0 0.5 0.7992788461538461 0.06490384615384616 0.18269230769230768
0 0.18509615384615385 0.7956730769230769 0.10336538461538461 0.15144230769230768
0 0.4110576923076923 0.7956730769230769 0.10817307692307693 0.15384615384615385
0 0.06850961538461539 0.7764423076923077 0.12259615384615384 0.18028846153846154
0 0.1814903846153846 0.6298076923076923 0.1201923076923077 0.18028846153846154
0 0.5024038461538461 0.625 0.057692307692307696 0.16346153846153846
0 0.29086538461538464 0.625 0.10817307692307693 0.15865384615384615
0 0.4110576923076923 0.6225961538461539 0.12259615384615384 0.1875
0 0.06850961538461539 0.6069711538461539 0.10336538461538461 0.15625
0 0.1622596153846154 0.46634615384615385 0.10817307692307693 0.13701923076923078
0 0.39783653846153844 0.4651442307692308 0.10817307692307693 0.1346153846153846
0 0.2800480769230769 0.47115384615384615 0.125 0.1466346153846154
0 0.49278846153846156 0.4699519230769231 0.07932692307692307 0.14423076923076922
0 0.030048076923076924 0.46875 0.06009615384615385 0.14182692307692307
0 0.6646634615384616 0.8870192307692307 0.23317307692307693 0.22596153846153846
0 0.859375 0.9050480769230769 0.17067307692307693 0.18990384615384615
0 0.6586538461538461 0.6502403846153846 0.18509615384615385 0.2620192307692308
0 0.8629807692307693 0.6418269230769231 0.23076923076923078 0.3581730769230769
0 0.9855769230769231 0.6418269230769231 0.028846153846153848 0.2692307692307692
0 0.6610576923076923 0.46153846153846156 0.23557692307692307 0.12740384615384615
0 0.8545673076923077 0.43149038461538464 0.17067307692307693 0.06971153846153846