0 0.9603365384615384 0.31971153846153844 0.07692307692307693 0.20673076923076922
0 0.8786057692307693 0.32091346153846156 0.10096153846153846 0.21875
0 0.7896634615384616 0.35336538461538464 0.1658653846153846 0.24759615384615385
0 0.9459134615384616 0.5204326923076923 0.10576923076923077 0.20673076923076922
0 0.2824519230769231 0.5516826923076923 0.18269230769230768 0.2403846153846154
0 0.8389423076923077 0.5528846153846154 0.15384615384615385 0.22115384615384615
0 0.4879807692307692 0.5564903846153846 0.18269230769230768 0.2403846153846154
0 0.6814903846153846 0.5588942307692307 0.16346153846153846 0.23557692307692307
0 0.09014423076923077 0.5685096153846154 0.18028846153846154 0.2668269230769231
0 0.8858173076923077 0.7259615384615384 0.13942307692307693 0.19951923076923078
0 0.7391826923076923 0.7451923076923077 0.15384615384615385 0.21153846153846154
0 0.5649038461538461 0.7451923076923077 0.16346153846153846 0.22115384615384615
0 0.18509615384615385 0.7692307692307693 0.18990384615384615 0.23557692307692307
0 0.39302884615384615 0.7752403846153846 0.18269230769230768 0.23557692307692307
0 0.8990384615384616 0.859375 0.11057692307692307 0.16346153846153846
0 0.7848557692307693 0.8978365384615384 0.13942307692307693 0.18990384615384615
0 0.6358173076923077 0.9038461538461539 0.15144230769230768 0.1875
0 0.46033653846153844 0.9098557692307693 0.16105769230769232 0.17548076923076922
0 0.09254807692307693 0.9230769230769231 0.18509615384615385 0.14903846153846154