0 0.2421875 0.408203125 0.18125 0.12265625
0 0.0734375 0.4046875 0.146875 0.125
0 0.14921875 0.514453125 0.1828125 0.12890625
0 0.3359375 0.514453125 0.18125 0.12578125
0 0.51796875 0.512890625 0.1796875 0.12265625
0 0.61796875 0.632421875 0.1796875 0.13359375
0 0.428125 0.62265625 0.18125 0.1265625
0 0.24375 0.624609375 0.18125 0.12734375
0 0.075 0.628125 0.15 0.128125
0 0.15703125 0.733203125 0.1828125 0.12578125
0 0.24765625 0.845703125 0.1796875 0.12578125
0 0.4296875 0.835546875 0.178125 0.12421875
0 0.6171875 0.832421875 0.175 0.12109375
0 0.7953125 0.856640625 0.18125 0.12265625
0 0.70625 0.741796875 0.171875 0.12421875
0 0.5234375 0.7453125 0.178125 0.13125
0 0.340625 0.723828125 0.178125 0.12578125
0 0.07734375 0.844140625 0.1546875 0.12578125
0 0.24765625 0.845703125 0.1796875 0.12578125
0 0.42890625 0.836328125 0.1765625 0.12578125
0 0.6171875 0.832421875 0.175 0.12109375
0 0.7953125 0.856640625 0.18125 0.12265625
0 0.51875 0.94296875 0.171875 0.1140625
0 0.33984375 0.9421875 0.1734375 0.115625
0 0.1625 0.94296875 0.175 0.1140625
0 0.95625 0.745703125 0.065625 0.04453125
0 0.96953125 0.816015625 0.0609375 0.04765625
0 0.94921875 0.5879531250000001 0.1015625 0.09778125
0 0.9716875 0.4956875 0.056640625 0.09684374999999999
0 0.977546875 0.68459375 0.044921875 0.09184375
0 0.038093749999999996 0.9409218750000001 0.076171875 0.102515625
0 0.033203125 0.512140625 0.06640625 0.108546875