0 0.2956730769230769 0.019230769230769232 0.055288461538461536 0.038461538461538464
0 0.3293269230769231 0.9903846153846154 0.10096153846153846 0.019230769230769232
0 0.5685096153846154 0.9807692307692307 0.11538461538461539 0.038461538461538464
0 0.203125 0.9699519230769231 0.12740384615384615 0.06009615384615385
0 0.4387019230769231 0.9651442307692307 0.1346153846153846 0.06971153846153846
0 0.6550480769230769 0.9483173076923077 0.04326923076923077 0.10336538461538461
0 0.21875 0.8882211538461539 0.10336538461538461 0.14182692307692307
0 0.44711538461538464 0.8737980769230769 0.10817307692307693 0.14182692307692307
0 0.6526442307692307 0.8605769230769231 0.05048076923076923 0.13701923076923078
0 0.3245192307692308 0.8545673076923077 0.12980769230769232 0.18028846153846154
0 0.5612980769230769 0.84375 0.13221153846153846 0.18509615384615385
0 0.33774038461538464 0.7259615384615384 0.10336538461538461 0.13221153846153846
0 0.5600961538461539 0.7091346153846154 0.10817307692307693 0.12740384615384615
0 0.2127403846153846 0.6959134615384616 0.12259615384615384 0.17067307692307693
0 0.44350961538461536 0.6814903846153846 0.125 0.17307692307692307
0 0.6466346153846154 0.6478365384615384 0.0625 0.1778846153846154
0 0.7043269230769231 0.8125 0.055288461538461536 0.1658653846153846
0 0.8076923076923077 0.7644230769230769 0.13942307692307693 0.19471153846153846
0 0.7896634615384616 0.6310096153846154 0.11298076923076923 0.13701923076923078
0 0.7043269230769231 0.6129807692307693 0.055288461538461536 0.18509615384615385