0 0.0078125 0.2421875 0.0109375 0.0375
0 0.02109375 0.271875 0.0390625 0.0296875
0 0.0078125 0.2953125 0.015625 0.025
0 0.04921875 0.2921875 0.0375 0.0265625
0 0.02890625 0.31484375 0.0421875 0.025
0 0.0140625 0.340625 0.028125 0.025
0 0.07890625 0.31171875 0.0390625 0.0265625
0 0.15 0.30078125 0.040625 0.0296875
0 0.21015625 0.3015625 0.0390625 0.028125
0 0.0546875 0.340625 0.0375 0.0265625
0 0.10390625 0.3390625 0.040625 0.0296875
0 0.14609375 0.33828125 0.0375 0.0296875
0 0.18046875 0.33359375 0.0375 0.0265625
0 0.43671875 0.453125 0.0515625 0.0390625
0 0.48515625 0.44765625 0.05 0.0390625
0 0.5390625 0.44765625 0.05 0.0375
0 0.575 0.4125 0.053125 0.0359375
0 0.590625 0.4453125 0.0546875 0.034375
0 0.65234375 0.45078125 0.0515625 0.0328125
0 0.703125 0.409375 0.0546875 0.0390625
0 0.7046875 0.44609375 0.05 0.034375
0 0.95 0.3203125 0.04375 0.021875
0 0.9921875 0.37421875 0.0140625 0.040625
0 0.925 0.33828125 0.040625 0.03125
0 0.94296875 0.3703125 0.04375 0.0328125
0 0.8171875 0.5484375 0.034375 0.046875
0 0.86875 0.5390625 0.0390625 0.0375
0 0.9625 0.5875 0.0546875 0.0625
0 0.83671875 0.57421875 0.034375 0.0484375
0 0.87578125 0.5796875 0.0515625 0.0515625
0 0.85546875 0.59296875 0.0328125 0.0375
0 0.9234375 0.621875 0.046875 0.0515625
0 0.8625 0.63046875 0.046875 0.0515625
0 0.9703125 0.65390625 0.053125 0.0625
0 0.9203125 0.67890625 0.04375 0.0578125
0 0.9671875 0.71875 0.046875 0.0640625