0 0.1778846153846154 0.45552884615384615 0.055288461538461536 0.04326923076923077
0 0.5456730769230769 0.12259615384615384 0.036057692307692304 0.13221153846153846
0 0.7415865384615384 0.1502403846153846 0.07932692307692307 0.1346153846153846
0 0.625 0.171875 0.08173076923076923 0.12740384615384615
0 0.6862980769230769 0.25961538461538464 0.06971153846153846 0.10576923076923077
0 0.7584134615384616 0.2704326923076923 0.0625 0.10096153846153846
0 0.9326923076923077 0.2764423076923077 0.04567307692307692 0.07932692307692307
0 0.5985576923076923 0.2920673076923077 0.08653846153846154 0.1346153846153846
0 0.828125 0.35697115384615385 0.0625 0.10336538461538461
0 0.7475961538461539 0.36899038461538464 0.0673076923076923 0.11298076923076923
0 0.9783653846153846 0.3918269230769231 0.04326923076923077 0.055288461538461536
0 0.6490384615384616 0.41947115384615385 0.08413461538461539 0.11538461538461539
0 0.8137019230769231 0.4411057692307692 0.040865384615384616 0.07211538461538461
0 0.9507211538461539 0.45072115384615385 0.04807692307692308 0.055288461538461536
0 0.7704326923076923 0.44591346153846156 0.0625 0.06009615384615385
0 0.47836538461538464 0.4963942307692308 0.10096153846153846 0.038461538461538464
0 0.04447115384615385 0.4963942307692308 0.0889423076923077 0.038461538461538464
0 0.25841346153846156 0.4963942307692308 0.10817307692307693 0.038461538461538464
0 0.14423076923076922 0.49759615384615385 0.11057692307692307 0.040865384615384616
0 0.3713942307692308 0.4963942307692308 0.11057692307692307 0.038461538461538464
0 0.31490384615384615 0.5721153846153846 0.11298076923076923 0.16346153846153846
0 0.42788461538461536 0.5721153846153846 0.11298076923076923 0.16346153846153846
0 0.5060096153846154 0.5757211538461539 0.04326923076923077 0.16105769230769232
0 0.015625 0.5745192307692307 0.03125 0.16346153846153846
0 0.09014423076923077 0.5757211538461539 0.11057692307692307 0.16346153846153846
0 0.20192307692307693 0.5769230769230769 0.11298076923076923 0.1658653846153846
0 0.2548076923076923 0.7139423076923077 0.10817307692307693 0.16346153846153846
0 0.3701923076923077 0.7139423076923077 0.11298076923076923 0.16346153846153846
0 0.47836538461538464 0.7139423076923077 0.10096153846153846 0.16346153846153846
0 0.04326923076923077 0.7151442307692307 0.08653846153846154 0.1658653846153846
0 0.14302884615384615 0.7199519230769231 0.11298076923076923 0.16346153846153846
0 0.42427884615384615 0.8557692307692307 0.11298076923076923 0.1658653846153846
0 0.5060096153846154 0.8545673076923077 0.04326923076923077 0.16346153846153846
0 0.3125 0.8557692307692307 0.11057692307692307 0.16346153846153846
0 0.19951923076923078 0.8581730769230769 0.11057692307692307 0.16346153846153846
0 0.015625 0.859375 0.03125 0.16346153846153846
0 0.08653846153846154 0.8605769230769231 0.11057692307692307 0.16105769230769232
0 0.040865384615384616 0.9579326923076923 0.08173076923076923 0.08413461538461539
0 0.140625 0.9591346153846154 0.11298076923076923 0.08173076923076923
0 0.36658653846153844 0.9603365384615384 0.11057692307692307 0.07932692307692307
0 0.47596153846153844 0.9603365384615384 0.10576923076923077 0.07932692307692307
0 0.25600961538461536 0.9603365384615384 0.11057692307692307 0.07932692307692307
0 0.8317307692307693 0.8221153846153846 0.0625 0.07932692307692307
0 0.9423076923076923 0.9627403846153846 0.06009615384615385 0.07451923076923077
0 0.6394230769230769 0.6850961538461539 0.06009615384615385 0.08173076923076923
0 0.890625 0.8293269230769231 0.0625 0.07932692307692307
0 0.9711538461538461 0.9026442307692307 0.057692307692307696 0.07451923076923077
0 0.9170673076923077 0.8978365384615384 0.0625 0.07932692307692307
0 0.8882211538461539 0.9579326923076923 0.06009615384615385 0.07451923076923077
0 0.9471153846153846 0.8353365384615384 0.06009615384615385 0.07932692307692307
0 0.8605769230769231 0.8918269230769231 0.06009615384615385 0.07692307692307693
0 0.8040865384615384 0.8846153846153846 0.0625 0.07692307692307693
0 0.9747596153846154 0.7728365384615384 0.05048076923076923 0.08173076923076923
0 0.8605769230769231 0.7584134615384616 0.06490384615384616 0.08173076923076923
0 0.8569711538461539 0.9879807692307693 0.057692307692307696 0.02403846153846154
0 0.6706730769230769 0.7536057692307693 0.06009615384615385 0.08173076923076923
0 0.7752403846153846 0.9447115384615384 0.06009615384615385 0.07451923076923077
0 0.9206730769230769 0.765625 0.06009615384615385 0.07932692307692307
0 0.984375 0.9663461538461539 0.03125 0.0673076923076923
0 0.8317307692307693 0.9519230769230769 0.06009615384615385 0.07692307692307693
0 0.8004807692307693 0.9855769230769231 0.057692307692307696 0.028846153846153848
0 0.9110576923076923 0.9915865384615384 0.057692307692307696 0.016826923076923076
0 0.9891826923076923 0.7055288461538461 0.021634615384615384 0.08413461538461539
0 0.6334134615384616 0.5408653846153846 0.06490384615384616 0.08413461538461539
0 0.7307692307692307 0.7584134615384616 0.06490384615384616 0.07932692307692307
0 0.7439903846153846 0.8822115384615384 0.06490384615384616 0.07692307692307693
0 0.7151442307692307 0.9423076923076923 0.0625 0.07451923076923077
0 0.9759615384615384 0.6286057692307693 0.04807692307692308 0.0889423076923077
0 0.6658653846153846 0.6165865384615384 0.0625 0.08413461538461539
0 0.953125 0.6995192307692307 0.0625 0.08413461538461539
0 0.7704326923076923 0.8197115384615384 0.06490384615384616 0.07692307692307693
0 0.7043269230769231 0.8221153846153846 0.06490384615384616 0.07692307692307693
0 0.6057692307692307 0.6105769230769231 0.0625 0.08653846153846154
0 0.6454326923076923 0.8173076923076923 0.06009615384615385 0.07932692307692307
0 0.8930288461538461 0.6923076923076923 0.06490384615384616 0.08413461538461539
0 0.9783653846153846 0.49759615384615385 0.04326923076923077 0.040865384615384616
0 0.859375 0.6213942307692307 0.06971153846153846 0.08413461538461539
0 0.7463942307692307 0.9831730769230769 0.06009615384615385 0.03365384615384615
0 0.6778846153846154 0.8834134615384616 0.0625 0.07692307692307693
0 0.6201923076923077 0.8798076923076923 0.057692307692307696 0.07932692307692307
0 0.6129807692307693 0.75 0.06009615384615385 0.07932692307692307
0 0.7235576923076923 0.4963942307692308 0.06490384615384616 0.038461538461538464
0 0.7896634615384616 0.625 0.0673076923076923 0.08413461538461539
0 0.8497596153846154 0.4987980769230769 0.06971153846153846 0.04326923076923077
0 0.6935096153846154 0.5456730769230769 0.06490384615384616 0.08653846153846154
0 0.6502403846153846 0.9447115384615384 0.06490384615384616 0.07451923076923077
0 0.8293269230769231 0.6887019230769231 0.06490384615384616 0.08173076923076923
0 0.6995192307692307 0.6887019230769231 0.06490384615384616 0.08173076923076923
0 0.7560096153846154 0.5492788461538461 0.06490384615384616 0.08653846153846154
0 0.9867788461538461 0.8425480769230769 0.026442307692307692 0.07932692307692307
0 0.7271634615384616 0.6201923076923077 0.06490384615384616 0.08413461538461539
0 0.8197115384615384 0.5540865384615384 0.06971153846153846 0.08413461538461539
0 0.7980769230769231 0.7560096153846154 0.06490384615384616 0.07932692307692307
0 0.9915865384615384 0.5564903846153846 0.016826923076923076 0.0889423076923077
0 0.890625 0.5480769230769231 0.06971153846153846 0.08653846153846154
0 0.7872596153846154 0.4987980769230769 0.06490384615384616 0.04326923076923077
0 0.6189903846153846 0.984375 0.06009615384615385 0.03125
0 0.6862980769230769 0.9831730769230769 0.06009615384615385 0.03365384615384615
0 0.7584134615384616 0.6923076923076923 0.06490384615384616 0.08173076923076923
0 0.6598557692307693 0.49399038461538464 0.06490384615384616 0.03365384615384615
0 0.9230769230769231 0.6225961538461539 0.06490384615384616 0.08413461538461539
0 0.921875 0.49759615384615385 0.06971153846153846 0.040865384615384616
0 0.9555288461538461 0.5528846153846154 0.06490384615384616 0.08653846153846154