0 0.17427884615384615 0.36778846153846156 0.052884615384615384 0.028846153846153848
0 0.6490384615384616 0.22956730769230768 0.15865384615384615 0.30288461538461536
0 0.8545673076923077 0.234375 0.24519230769230768 0.2932692307692308
0 0.9326923076923077 0.06370192307692307 0.1346153846153846 0.12740384615384615
0 0.7307692307692307 0.0733173076923077 0.2403846153846154 0.1466346153846154
0 0.45913461538461536 0.5 0.22115384615384615 0.22115384615384615
0 0.013221153846153846 0.5036057692307693 0.026442307692307692 0.21394230769230768
0 0.18629807692307693 0.5060096153846154 0.3245192307692308 0.21634615384615385
0 0.08533653846153846 0.6887019230769231 0.17067307692307693 0.22115384615384615
0 0.3389423076923077 0.6923076923076923 0.33413461538461536 0.21875
0 0.5408653846153846 0.6947115384615384 0.055288461538461536 0.23076923076923078
0 0.1658653846153846 0.8762019230769231 0.3317307692307692 0.21394230769230768
0 0.45072115384615385 0.8858173076923077 0.23557692307692307 0.22596153846153846
0 0.0733173076923077 0.9723557692307693 0.1466346153846154 0.055288461538461536
0 0.328125 0.9759615384615384 0.30528846153846156 0.04807692307692308
0 0.5264423076923077 0.9759615384615384 0.08653846153846154 0.04807692307692308
0 0.9338942307692307 0.7620192307692307 0.12259615384615384 0.15865384615384615
0 0.8185096153846154 0.8966346153846154 0.14903846153846154 0.19471153846153846
0 0.9711538461538461 0.9122596153846154 0.057692307692307696 0.17067307692307693
0 0.984375 0.6682692307692307 0.03125 0.038461538461538464
0 0.9483173076923077 0.6622596153846154 0.03125 0.04807692307692308
0 0.8810096153846154 0.6790865384615384 0.03125 0.038461538461538464
0 0.8497596153846154 0.7403846153846154 0.028846153846153848 0.038461538461538464
0 0.8341346153846154 0.7680288461538461 0.03125 0.038461538461538464
0 0.8040865384615384 0.7860576923076923 0.03125 0.028846153846153848
0 0.7608173076923077 0.78125 0.03125 0.040865384615384616
0 0.875 0.7163461538461539 0.02403846153846154 0.03365384615384615