0 0.19591346153846154 0.34975961538461536 0.15384615384615385 0.21153846153846154
0 0.49038461538461536 0.3425480769230769 0.10336538461538461 0.15384615384615385
0 0.6887019230769231 0.33413461538461536 0.11057692307692307 0.1658653846153846
0 0.8990384615384616 0.3329326923076923 0.11538461538461539 0.1658653846153846
0 0.5961538461538461 0.3245192307692308 0.08653846153846154 0.1201923076923077
0 0.41586538461538464 0.3173076923076923 0.07692307692307693 0.11538461538461539
0 0.7836538461538461 0.31490384615384615 0.09134615384615384 0.12740384615384615
0 0.39903846153846156 0.19591346153846154 0.0985576923076923 0.15384615384615385
0 0.59375 0.1935096153846154 0.11298076923076923 0.16105769230769232
0 0.5036057692307693 0.18990384615384615 0.07692307692307693 0.12740384615384615
0 0.6887019230769231 0.1778846153846154 0.0889423076923077 0.13701923076923078
0 0.8822115384615384 0.171875 0.09134615384615384 0.1346153846153846
0 0.4098557692307692 0.057692307692307696 0.07451923076923077 0.11538461538461539
0 0.4891826923076923 0.06370192307692307 0.10336538461538461 0.12740384615384615
0 0.59375 0.055288461538461536 0.08653846153846154 0.11057692307692307
0 0.6899038461538461 0.05889423076923077 0.11538461538461539 0.11778846153846154
0 0.7860576923076923 0.04927884615384615 0.09134615384615384 0.0985576923076923
0 0.8990384615384616 0.051682692307692304 0.11057692307692307 0.10336538461538461
0 0.5901442307692307 0.4855769230769231 0.10576923076923077 0.15384615384615385
0 0.39783653846153844 0.48197115384615385 0.10096153846153846 0.15384615384615385
0 0.7896634615384616 0.4807692307692308 0.11057692307692307 0.16346153846153846
0 0.6875 0.4579326923076923 0.0889423076923077 0.11538461538461539
0 0.5084134615384616 0.453125 0.08173076923076923 0.11298076923076923
0 0.8774038461538461 0.45072115384615385 0.09134615384615384 0.12259615384615384
0 0.06009615384615385 0.859375 0.1201923076923077 0.1466346153846154
0 0.1778846153846154 0.8605769230769231 0.125 0.1346153846153846
0 0.27884615384615385 0.8617788461538461 0.10096153846153846 0.12740384615384615
0 0.04326923076923077 0.6538461538461539 0.08653846153846154 0.07211538461538461
0 0.14783653846153846 0.6610576923076923 0.12259615384615384 0.08653846153846154
0 0.26322115384615385 0.6694711538461539 0.10817307692307693 0.10336538461538461
0 0.3269230769230769 0.6778846153846154 0.02403846153846154 0.11538461538461539
0 0.36177884615384615 0.9471153846153846 0.04567307692307692 0.10576923076923077
0 0.5889423076923077 0.9387019230769231 0.10096153846153846 0.12259615384615384
0 0.7007211538461539 0.9338942307692307 0.11298076923076923 0.13221153846153846
0 0.4987980769230769 0.9350961538461539 0.0889423076923077 0.12980769230769232
0 0.7331730769230769 0.8233173076923077 0.125 0.14182692307692307
0 0.6117788461538461 0.8161057692307693 0.10817307692307693 0.13942307692307693
0 0.4963942307692308 0.8028846153846154 0.10096153846153846 0.14903846153846154
0 0.39903846153846156 0.7920673076923077 0.0889423076923077 0.13942307692307693
0 0.7139423076923077 0.6899038461538461 0.13942307692307693 0.14423076923076922
0 0.5757211538461539 0.6862980769230769 0.11778846153846154 0.13701923076923078
0 0.4651442307692308 0.6754807692307693 0.10336538461538461 0.11538461538461539
0 0.38100961538461536 0.6670673076923077 0.08413461538461539 0.0985576923076923