0 0.453125 0.63203125 0.1265625 0.184375
0 0.8828125 0.66015625 0.115625 0.1859375
0 0.39921875 0.89140625 0.1265625 0.171875
0 0.5265625 0.87890625 0.11875 0.1765625
0 0.6578125 0.87578125 0.1171875 0.1703125
0 0.78984375 0.87578125 0.1125 0.1765625
0 0.73046875 0.68046875 0.1203125 0.1796875
0 0.590625 0.684375 0.1328125 0.1859375
0 0.32578125 0.69296875 0.13125 0.1734375
0 0.19453125 0.69296875 0.1234375 0.1734375
0 0.0734375 0.6796875 0.1109375 0.18125
0 0.14140625 0.87109375 0.1109375 0.16875
0 0.91484375 0.853125 0.1171875 0.1671875
0 0.26589798984375 0.8938791328125 0.12536067968750003 0.17026704375
0 0.042962871875 0.8562328046875001 0.08592574375 0.16899665937500014