0 0.453125 0.6 0.1265625 0.19375
0 0.8828125 0.5984375 0.115625 0.19375
0 0.39921875 0.86328125 0.1265625 0.18125
0 0.5265625 0.8421875 0.11875 0.184375
0 0.6578125 0.8296875 0.1171875 0.178125
0 0.78984375 0.8203125 0.1125 0.184375
0 0.73046875 0.6296875 0.1203125 0.1875
0 0.590625 0.64296875 0.1328125 0.1953125
0 0.32578125 0.6703125 0.13125 0.1828125
0 0.19453125 0.6796875 0.1234375 0.1828125
0 0.0734375 0.67421875 0.1109375 0.1890625
0 0.14140625 0.8609375 0.1109375 0.1765625
0 0.91484375 0.7890625 0.1171875 0.175
0 0.26589798984375 0.87517358828125 0.12536067968750003 0.1773516953125
0 0.042962871875 0.8531600265625 0.08592574375 0.16312518750000002