0 0.1083092140625 0.19282243281249997 0.19680684375 0.181347121875
0 0.29237358515625 0.2074333453125 0.21574171718750002 0.1754922625
0 0.49061605546875003 0.22279762656250002 0.22315403593750002 0.19297195625000002
0 0.6888293601562501 0.24118245 0.24264825156250006 0.19863359375000003
0 0.88174570859375 0.2527358375 0.20829819531249996 0.20422008125
0 0.0981844671875 0.365640875 0.196368934375 0.17092057187500004
0 0.27310638828125 0.37775266640625 0.20911867343749999 0.1605593234375
0 0.45992249765625 0.39183270234375 0.21460018593749997 0.1760940171875
0 0.6485966140625 0.4113560648437501 0.22068717187499995 0.18021105468750004
0 0.8429698390624999 0.42788967343749995 0.2188281625 0.170195040625
0 0.09184365546875 0.5151028546875001 0.1836873109375 0.14379766562500002
0 0.26108756484375 0.52779397109375 0.20591961718750001 0.1592940171875
0 0.436812921875 0.54493012578125 0.19532962187499997 0.15423067343750008
0 0.6115447078124999 0.56317138671875 0.19982616250000004 0.15259335156250006
0 0.79547303359375 0.58149915078125 0.22040697343749996 0.1781476890625
0 0.08567838515625001 0.65198163359375 0.17135677031250002 0.12555053906249994
0 0.24516770625 0.6661793062499999 0.18539336875000004 0.13944641249999998
0 0.4100076421875 0.67953990703125 0.18871473437500003 0.1374768140625
0 0.578508359375 0.70130793203125 0.20113902187500007 0.15338234218749996
0 0.75009815 0.71768206640625 0.19910015624999994 0.14390398906249996
0 0.08099751875 0.7748688937500001 0.1619950375 0.12089449687500009
0 0.2317874296875 0.7862614335937499 0.17139830937500003 0.12453695781249996
0 0.39229791953125004 0.80284545703125 0.18243395468750007 0.1401701078125
0 0.5504454289062499 0.8216287203125001 0.1765920078125 0.1217258343750001
0 0.711964471875 0.8404551421874998 0.17963298125 0.13224845624999998