0 0.478125 0.2671875 0.034375 0.0453125
0 0.53359375 0.27734375 0.034375 0.0453125
0 0.56015625 0.33359375 0.034375 0.046875
0 0.58125 0.3921875 0.046875 0.05625
0 0.49453125 0.334375 0.034375 0.0515625
0 0.41796875 0.3421875 0.034375 0.0453125
0 0.459375 0.39609375 0.046875 0.059375
0 0.5171875 0.39140625 0.04375 0.059375
0 0.68203125 0.43984375 0.0421875 0.05625
0 0.37890625 0.3765625 0.040625 0.0546875
0 0.3234375 0.41328125 0.0359375 0.046875
0 0.4046875 0.45390625 0.0359375 0.05
0 0.3625 0.48515625 0.034375 0.0484375
0 0.26171875 0.5234375 0.034375 0.0453125
0 0.23203125 0.58203125 0.0390625 0.053125
0 0.32265625 0.55078125 0.0375 0.0453125
0 0.2109375 0.66015625 0.0328125 0.0453125
0 0.2546875 0.70859375 0.0390625 0.0484375
0 0.22890625 0.76875 0.0421875 0.053125
0 0.24140625 0.928125 0.0375 0.05
0 0.265625 0.86484375 0.0421875 0.0578125
0 0.31640625 0.90625 0.0421875 0.0578125
0 0.32734375 0.8203125 0.0421875 0.059375
0 0.28203125 0.7640625 0.0421875 0.05625
0 0.43203125 0.9078125 0.0359375 0.0484375
0 0.38515625 0.83125 0.0359375 0.0453125
0 0.4796875 0.896875 0.034375 0.0484375
0 0.44140625 0.821875 0.034375 0.0453125
0 0.40859375 0.73125 0.04375 0.0578125
0 0.328125 0.73046875 0.0453125 0.0578125
0 0.38125 0.66875 0.0375 0.0515625
0 0.3078125 0.63046875 0.0375 0.05
0 0.3578125 0.59765625 0.040625 0.0546875
0 0.39765625 0.55546875 0.034375 0.0484375
0 0.4265625 0.6125 0.034375 0.0453125
0 0.4375 0.51953125 0.034375 0.05
0 0.48203125 0.4671875 0.0359375 0.0484375
0 0.5328125 0.45703125 0.0390625 0.0484375
0 0.49375 0.53125 0.0421875 0.0546875
0 0.496875 0.60859375 0.04375 0.0546875
0 0.45546875 0.67421875 0.0328125 0.04375
0 0.47265625 0.74140625 0.0421875 0.0578125
0 0.496875 0.803125 0.0359375 0.046875
0 0.53828125 0.8984375 0.0359375 0.046875
0 0.58671875 0.896875 0.04375 0.0578125
0 0.55546875 0.8109375 0.04375 0.0546875
0 0.53046875 0.7421875 0.0375 0.05
0 0.5203125 0.68203125 0.0359375 0.0484375
0 0.63828125 0.89296875 0.0359375 0.05
0 0.61875 0.82578125 0.034375 0.0515625
0 0.60703125 0.76171875 0.0359375 0.0484375
0 0.58515625 0.7 0.0375 0.046875
0 0.55234375 0.6015625 0.0359375 0.0453125
0 0.5515625 0.51953125 0.04375 0.0546875
0 0.7 0.8984375 0.034375 0.05
0 0.69375 0.83515625 0.0390625 0.0515625
0 0.6703125 0.7765625 0.04375 0.0578125
0 0.62109375 0.6328125 0.0359375 0.046875
0 0.60390625 0.5515625 0.0359375 0.046875
0 0.6125 0.4671875 0.034375 0.0453125
0 0.65390625 0.49375 0.0453125 0.0578125
0 0.72109375 0.5015625 0.04375 0.05625
0 0.67890625 0.56640625 0.0421875 0.053125
0 0.7453125 0.58203125 0.0421875 0.0546875
0 0.69453125 0.63984375 0.0375 0.046875
0 0.97109375 0.88515625 0.046875 0.0640625
0 0.896875 0.88515625 0.04375 0.059375
0 0.815625 0.86640625 0.0375 0.05
0 0.7625 0.88515625 0.0390625 0.05
0 0.75234375 0.8234375 0.0359375 0.0453125
0 0.7828125 0.78671875 0.0359375 0.046875
0 0.865625 0.80390625 0.04375 0.0578125
0 0.8921875 0.784375 0.0328125 0.046875
0 0.9265625 0.69921875 0.040625 0.0546875
0 0.8359375 0.67109375 0.0375 0.0484375
0 0.8296875 0.709375 0.0421875 0.05
0 0.76953125 0.70859375 0.0453125 0.0546875
0 0.72578125 0.74609375 0.0359375 0.0484375
0 0.759375 0.65078125 0.046875 0.0546875
0 0.8046875 0.51875 0.034375 0.046875
0 0.146875 0.63359375 0.0375 0.046875
0 0.1203125 0.70625 0.0421875 0.0578125
0 0.1765625 0.72421875 0.0328125 0.0484375
0 0.12890625 0.7625 0.04375 0.05625
0 0.0625 0.79140625 0.0453125 0.05625
0 0.1859375 0.8421875 0.0421875 0.059375
0 0.13046875 0.8375 0.0359375 0.0484375
0 0.09140625 0.828125 0.0328125 0.0453125
0 0.06796875 0.93203125 0.04375 0.059375
0 0.12578125 0.92265625 0.034375 0.0484375
0 0.17734375 0.915625 0.04375 0.0578125
0 0.31015625 0.33359375 0.015625 0.021875