0 0.0609375 0.44140625 0.065625 0.0890625
0 0.10703125 0.34765625 0.059375 0.075
0 0.14921875 0.27578125 0.0578125 0.075
0 0.2296875 0.27109375 0.0578125 0.0796875
0 0.18046875 0.3515625 0.0609375 0.08125
0 0.1453125 0.4203125 0.05625 0.078125
0 0.146875 0.48828125 0.053125 0.0703125
0 0.09921875 0.52265625 0.053125 0.0703125
0 0.115625 0.5921875 0.053125 0.06875
0 0.11875 0.6609375 0.053125 0.0671875
0 0.16484375 0.5578125 0.05625 0.0734375
0 0.16171875 0.63046875 0.0546875 0.065625
0 0.16640625 0.696875 0.0515625 0.065625
0 0.225 0.75078125 0.05625 0.0703125
0 0.20078125 0.68046875 0.05625 0.0703125
0 0.25078125 0.68203125 0.0578125 0.065625
0 0.28984375 0.7328125 0.0515625 0.0640625
0 0.3359375 0.74765625 0.0609375 0.075
0 0.29609375 0.70078125 0.065625 0.0796875
0 0.27421875 0.61953125 0.05625 0.075
0 0.23828125 0.60078125 0.0515625 0.065625
0 0.2359375 0.54296875 0.0578125 0.06875
0 0.20234375 0.47890625 0.059375 0.0765625
0 0.28828125 0.12109375 0.059375 0.0796875
0 0.4265625 0.06875 0.0609375 0.0828125
0 0.37578125 0.11953125 0.0625 0.0828125
0 0.3234375 0.2078125 0.0578125 0.0796875
0 0.37734375 0.20703125 0.059375 0.078125
0 0.4328125 0.1734375 0.0578125 0.0796875
0 0.44140625 0.2546875 0.0546875 0.0796875
0 0.2875 0.31953125 0.053125 0.078125
0 0.3390625 0.2921875 0.05 0.0828125
0 0.253125 0.41171875 0.0609375 0.0828125
0 0.32421875 0.3875 0.0578125 0.078125
0 0.30390625 0.46796875 0.0578125 0.075
0 0.30234375 0.53671875 0.0578125 0.0671875
0 0.3546875 0.5421875 0.0609375 0.08125
0 0.32734375 0.62421875 0.0640625 0.0796875
0 0.36875 0.68046875 0.0671875 0.0890625
0 0.4 0.74609375 0.059375 0.075
0 0.44375 0.68671875 0.059375 0.0734375
0 0.396875 0.60703125 0.0625 0.075
0 0.35390625 0.5421875 0.0578125 0.08125
0 0.371875 0.45859375 0.05625 0.071875
0 0.396875 0.3890625 0.05625 0.0734375
0 0.4046875 0.3109375 0.053125 0.071875
0 0.45703125 0.33359375 0.059375 0.075
0 0.44609375 0.409375 0.0578125 0.0703125
0 0.4296875 0.47890625 0.0578125 0.071875
0 0.48671875 0.7265625 0.0546875 0.075
0 0.546875 0.73359375 0.0640625 0.078125
0 0.61171875 0.734375 0.0625 0.075
0 0.68203125 0.7515625 0.065625 0.0828125
0 0.740625 0.72421875 0.059375 0.0765625
0 0.80703125 0.7203125 0.0640625 0.0828125
0 0.87265625 0.67421875 0.0625 0.0828125
0 0.8890625 0.58984375 0.0609375 0.0859375
0 0.76328125 0.634375 0.05625 0.0796875
0 0.68515625 0.6296875 0.05 0.06875
0 0.64375 0.65234375 0.0671875 0.0796875
0 0.57265625 0.65859375 0.0515625 0.078125
0 0.515625 0.68046875 0.059375 0.075
0 0.47734375 0.6046875 0.05625 0.075
0 0.48125 0.53046875 0.0609375 0.0703125
0 0.5015625 0.4390625 0.053125 0.071875
0 0.5109375 0.36484375 0.0546875 0.071875
0 0.503125 0.29140625 0.053125 0.071875
0 0.55703125 0.1359375 0.0640625 0.084375
0 0.54296875 0.2203125 0.0609375 0.0859375
0 0.55703125 0.31953125 0.0578125 0.078125
0 0.64609375 0.09921875 0.0578125 0.08125
0 0.62421875 0.1703125 0.0546875 0.0828125
0 0.5984375 0.2515625 0.059375 0.0796875
0 0.71171875 0.1015625 0.059375 0.0828125
0 0.78203125 0.12109375 0.0640625 0.084375
0 0.68359375 0.178125 0.0609375 0.0796875
0 0.7984375 0.21015625 0.0625 0.0890625
0 0.853125 0.23046875 0.0609375 0.0890625
0 0.67421875 0.26328125 0.0625 0.084375
0 0.74296875 0.26875 0.0625 0.0890625
0 0.603125 0.3828125 0.0578125 0.0890625
0 0.640625 0.35625 0.05 0.0765625
0 0.7125 0.35 0.05625 0.071875
0 0.634375 0.42734375 0.0578125 0.075
0 0.69375 0.42578125 0.0515625 0.075
0 0.7671875 0.40390625 0.05625 0.0828125
0 0.8140625 0.31328125 0.0625 0.0828125
0 0.9078125 0.34453125 0.0640625 0.0828125
0 0.91875 0.421875 0.0609375 0.0828125
0 0.80546875 0.39609375 0.0546875 0.075
0 0.86875 0.49921875 0.059375 0.071875
0 0.8171875 0.47734375 0.0578125 0.075
0 0.746875 0.49140625 0.0609375 0.0765625
0 0.6734375 0.49609375 0.053125 0.071875
0 0.61953125 0.50078125 0.0546875 0.0765625
0 0.56015625 0.52890625 0.0578125 0.078125
0 0.53515625 0.5828125 0.053125 0.0703125
0 0.6 0.57265625 0.059375 0.075
0 0.79140625 0.546875 0.0578125 0.078125
0 0.7421875 0.58984375 0.0625 0.0828125
0 0.66484375 0.571875 0.0546875 0.078125