0 0.28725961538461536 0.41947115384615385 0.10576923076923077 0.22115384615384615
0 0.39302884615384615 0.4098557692307692 0.10817307692307693 0.21634615384615385
0 0.5 0.4098557692307692 0.10817307692307693 0.21634615384615385
0 0.6069711538461539 0.4014423076923077 0.10817307692307693 0.21634615384615385
0 0.7115384615384616 0.40865384615384615 0.10817307692307693 0.21634615384615385
0 0.8173076923076923 0.4098557692307692 0.10817307692307693 0.21634615384615385
0 0.9254807692307693 0.40865384615384615 0.10817307692307693 0.21634615384615385
0 0.06370192307692307 0.6274038461538461 0.10817307692307693 0.21634615384615385
0 0.16706730769230768 0.6322115384615384 0.10817307692307693 0.21634615384615385
0 0.27283653846153844 0.640625 0.10576923076923077 0.20673076923076922
0 0.38221153846153844 0.6394230769230769 0.10576923076923077 0.20673076923076922
0 0.4855769230769231 0.6334134615384616 0.10336538461538461 0.20432692307692307
0 0.5925480769230769 0.6213942307692307 0.11057692307692307 0.20432692307692307
0 0.6995192307692307 0.6346153846153846 0.11057692307692307 0.20673076923076922
0 0.8064903846153846 0.6346153846153846 0.10817307692307693 0.21153846153846154
0 0.9158653846153846 0.640625 0.11057692307692307 0.20432692307692307