0 0.3545673076923077 0.3293269230769231 0.15865384615384615 0.23557692307692307
0 0.9903846153846154 0.22716346153846154 0.019230769230769232 0.17307692307692307
0 0.8016826923076923 0.18990384615384615 0.09615384615384616 0.1778846153846154
0 0.7163461538461539 0.12980769230769232 0.10817307692307693 0.18509615384615385
0 0.6165865384615384 0.09014423076923077 0.11298076923076923 0.18028846153846154
0 0.9663461538461539 0.0733173076923077 0.0673076923076923 0.1466346153846154
0 0.8870192307692307 0.054086538461538464 0.10576923076923077 0.10817307692307693
0 0.7632211538461539 0.04447115384615385 0.10817307692307693 0.0889423076923077
0 0.4831730769230769 0.03245192307692308 0.0985576923076923 0.0625
0 0.6286057692307693 0.021634615384615384 0.10817307692307693 0.04326923076923077
0 0.7259615384615384 0.3473557692307692 0.08653846153846154 0.12259615384615384
0 0.9675480769230769 0.008413461538461538 0.06490384615384616 0.014423076923076924
0 0.22355769230769232 0.9891826923076923 0.21394230769230768 0.021634615384615384
0 0.34134615384615385 0.8461538461538461 0.18509615384615385 0.27163461538461536
0 0.12139423076923077 0.8545673076923077 0.24278846153846154 0.29086538461538464
0 0.6887019230769231 0.9735576923076923 0.21634615384615385 0.052884615384615384
0 0.8942307692307693 0.9134615384615384 0.21153846153846154 0.17307692307692307
0 0.4951923076923077 0.8233173076923077 0.12259615384615384 0.22596153846153846
0 0.6538461538461539 0.796875 0.2932692307692308 0.17307692307692307
0 0.9014423076923077 0.7956730769230769 0.1971153846153846 0.17067307692307693