0 0.14044943828125 0.5889830507812499 0.18851435781249998 0.23559322031249996
0 0.34394506796875 0.48389830468750006 0.15106117343750003 0.21525423750000003
0 0.48501872656249995 0.45932203359374996 0.12359550624999996 0.19661017031249997
0 0.5967540578125 0.43389830546874997 0.102372034375 0.1898305078125
0 0.70474406953125 0.40847457578125007 0.09862671718749993 0.1762711859375
0 0.29213483203125 0.68983050859375 0.1548064921875 0.21016949218750006
0 0.43570536875000004 0.6466101695312501 0.13233458125000003 0.19830508593750001
0 0.558052434375 0.605932203125 0.11235954999999995 0.18135593125
0 0.6641697882812501 0.5703389828125 0.09488139843750006 0.174576271875
0 0.7571785265625 0.5440677968750001 0.08614232187500007 0.15932203437499998
0 0.21847690390625002 0.8932203390625 0.17478152343749997 0.21016949062499996
0 0.38264669140625 0.84237288125 0.13857677968749998 0.20338983124999999
0 0.513732834375 0.78983050859375 0.11610486875 0.18983050781250005
0 0.6254681648437501 0.74067796640625 0.0998751546875 0.17966101718750008
0 0.72159800234375 0.7 0.08739076093749994 0.16610169374999995
0 0.8158551812500001 0.648305084375 0.08364544375000005 0.1542372875