0 0.090625 0.55859375 0.0484375 0.0671875
0 0.13671875 0.628125 0.0453125 0.0625
0 0.1765625 0.67890625 0.046875 0.0625
0 0.1859375 0.3828125 0.046875 0.0671875
0 0.1734375 0.5046875 0.0484375 0.0640625
0 0.16171875 0.4609375 0.046875 0.0625
0 0.13984375 0.5078125 0.0390625 0.0609375
0 0.18203125 0.5734375 0.0453125 0.0625
0 0.20625 0.6171875 0.05 0.0609375
0 0.23203125 0.66953125 0.04375 0.0609375
0 0.2234375 0.45625 0.0453125 0.0640625
0 0.2390625 0.38671875 0.05 0.0640625
0 0.2578125 0.5015625 0.04375 0.0578125
0 0.2375 0.5578125 0.0453125 0.0609375
0 0.25546875 0.6078125 0.0453125 0.059375
0 0.27421875 0.6609375 0.053125 0.0671875
0 0.32265625 0.334375 0.046875 0.059375
0 0.2984375 0.38828125 0.046875 0.0625
0 0.3234375 0.4390625 0.0453125 0.0609375
0 0.29609375 0.49140625 0.046875 0.0609375
0 0.35390625 0.415625 0.0515625 0.0671875
0 0.3484375 0.37890625 0.05 0.0609375
0 0.35 0.4890625 0.05 0.0625
0 0.271875 0.5453125 0.0484375 0.0671875
0 0.32421875 0.54453125 0.053125 0.0640625
0 0.3015625 0.60234375 0.046875 0.0625
0 0.44296875 0.259375 0.0453125 0.05625
0 0.5 0.2609375 0.0453125 0.0609375
0 0.546875 0.2625 0.046875 0.0640625
0 0.59453125 0.2578125 0.05 0.065625
0 0.3703125 0.3203125 0.046875 0.0609375
0 0.4203125 0.32421875 0.04375 0.059375
0 0.4671875 0.30546875 0.0484375 0.0625
0 0.51953125 0.32578125 0.05 0.065625
0 0.56875 0.31796875 0.05 0.0609375
0 0.6234375 0.32734375 0.046875 0.0625
0 0.67109375 0.3359375 0.046875 0.0578125
0 0.403125 0.38515625 0.046875 0.0578125
0 0.45 0.384375 0.0453125 0.05625
0 0.49609375 0.375 0.0453125 0.0640625
0 0.5421875 0.3703125 0.046875 0.0640625
0 0.5984375 0.35625 0.05 0.06875
0 0.65078125 0.371875 0.0484375 0.0625
0 0.7 0.37578125 0.046875 0.0625
0 0.42421875 0.434375 0.0484375 0.0640625
0 0.4734375 0.43125 0.0484375 0.0625
0 0.52109375 0.4328125 0.0484375 0.0640625
0 0.571875 0.4265625 0.05 0.0671875
0 0.7890625 0.35625 0.0546875 0.0640625
0 0.625 0.42265625 0.046875 0.065625
0 0.67265625 0.43515625 0.046875 0.065625
0 0.73125 0.421875 0.05 0.0625
0 0.78125 0.4234375 0.0515625 0.0625
0 0.8609375 0.4375 0.05 0.0640625
0 0.8171875 0.46953125 0.05 0.0625
0 0.88359375 0.49140625 0.0484375 0.059375
0 0.75234375 0.47890625 0.05 0.0640625
0 0.69921875 0.48515625 0.05 0.065625
0 0.6453125 0.484375 0.046875 0.059375
0 0.596875 0.4875 0.046875 0.0625
0 0.54765625 0.484375 0.0484375 0.065625
0 0.50078125 0.48984375 0.0453125 0.0625
0 0.45 0.48671875 0.05 0.0625
0 0.4046875 0.49375 0.0484375 0.0609375
0 0.38046875 0.5515625 0.046875 0.0609375
0 0.428125 0.546875 0.05 0.0609375
0 0.478125 0.5453125 0.0484375 0.0625
0 0.5265625 0.54453125 0.046875 0.065625
0 0.575 0.540625 0.046875 0.0625
0 0.62421875 0.53671875 0.046875 0.0640625
0 0.6734375 0.52890625 0.05 0.0625
0 0.72890625 0.5390625 0.0484375 0.0640625
0 0.7796875 0.5359375 0.05 0.065625
0 0.85 0.53203125 0.05 0.0703125
0 0.884375 0.5609375 0.0484375 0.0578125
0 0.9203125 0.63046875 0.053125 0.0671875
0 0.88359375 0.60625 0.053125 0.0703125
0 0.81796875 0.57890625 0.0515625 0.0671875
0 0.75390625 0.6015625 0.0546875 0.06875
0 0.6984375 0.59296875 0.0515625 0.065625
0 0.6484375 0.59453125 0.0484375 0.0625
0 0.60078125 0.5953125 0.046875 0.0625
0 0.55390625 0.60078125 0.0453125 0.0609375
0 0.49921875 0.60078125 0.0515625 0.0703125
0 0.4546875 0.60234375 0.0453125 0.0625
0 0.40703125 0.60625 0.046875 0.0625
0 0.3546875 0.60625 0.046875 0.0625
0 0.3265625 0.66171875 0.0453125 0.0625
0 0.38125 0.66640625 0.0484375 0.0640625
0 0.43125 0.66328125 0.0484375 0.065625
0 0.48046875 0.6625 0.05 0.0640625
0 0.5296875 0.6625 0.046875 0.0640625
0 0.57734375 0.65546875 0.046875 0.0671875
0 0.6265625 0.65859375 0.0484375 0.0671875
0 0.67421875 0.6515625 0.04375 0.0625
0 0.71953125 0.68046875 0.0515625 0.06875
0 0.76953125 0.66484375 0.05 0.0671875
0 0.81640625 0.64921875 0.0484375 0.0625
0 0.85703125 0.675 0.0484375 0.059375
0 0.94453125 0.53046875 0.0171875 0.0203125
0 0.9765625 0.534375 0.015625 0.0203125
0 0.9296875 0.55 0.0171875 0.0203125
0 0.9625 0.55703125 0.015625 0.0203125
0 0.91640625 0.57421875 0.015625 0.0203125
0 0.93359375 0.57109375 0.015625 0.0234375
0 0.94140625 0.553125 0.0140625 0.0203125
0 0.953125 0.53671875 0.0140625 0.021875
0 0.97109375 0.56015625 0.015625 0.0203125
0 0.98984375 0.5734375 0.015625 0.0203125
0 0.94296875 0.575 0.0125 0.01875
0 0.91484375 0.5921875 0.01875 0.0203125
0 0.934375 0.59375 0.0171875 0.0203125
0 0.95234375 0.59375 0.015625 0.021875
0 0.971875 0.59296875 0.0171875 0.021875
0 0.9890625 0.59453125 0.015625 0.0203125
0 0.9609375 0.61015625 0.0171875 0.01875
0 0.94453125 0.6125 0.015625 0.01875