0 0.060930053906250004 0.7231314515625 0.12186010781250001 0.16028527187500002
0 0.13816302109374998 0.8365241632812499 0.1247045640625 0.15459112031249997
0 0.09954634453125 0.95149591796875 0.12171760156250003 0.09700816406250005
0 0.04779893046875 0.8582231945312501 0.06822891718749999 0.15478919218750004
0 0.33584041249999996 0.9225512789062499 0.13980095937499998 0.1548974421875
0 0.44952598281250006 0.906476396875 0.12973995 0.14454487187500006
0 0.48800484609375 0.7716617625 0.1380626890625 0.16175762187499992
0 0.37124998828125 0.7918917140625 0.13547362656249998 0.15692632812499996
0 0.40857044218749994 0.65100943671875 0.137006846875 0.16624635156250003
0 0.29196576796875 0.67979456875 0.13307720468750003 0.1506775125
0 0.25742146640625 0.8161502734375 0.1340322578125 0.155449503125
0 0.66828514765625 0.8523930148437501 0.12469832656249995 0.15079361406249997
0 0.7759770625 0.8240281421875 0.12303648437499995 0.14487964062500006
0 0.80842458984375 0.692799934375 0.12014395781250001 0.14268950937499997
0 0.7128686203125 0.7251515898437499 0.11901776874999995 0.14617658281249996
0 0.74749407421875 0.5858198328124999 0.13551706406249994 0.16005260000000004
0 0.6381046484375 0.6106444507812501 0.13152449062499993 0.15771687656250002
0 0.59502064140625 0.74123851484375 0.12493318593750002 0.14653080468750002
0 0.9362784921875 0.7796184648437501 0.0482734562500001 0.13010653593750005
0 0.9078453109375 0.6738331671875001 0.11228106874999995 0.15545078124999998
0 0.9307660757812499 0.54444999765625 0.08443313906249994 0.14385264218750002
0 0.26824449921875 0.12537180234375 0.08896794531249999 0.10701790781249998
0 0.34311995937499995 0.11397024140625 0.08606235625000003 0.10479188281249999
0 0.4139139734375 0.098715215625 0.08270162187499999 0.104600959375
0 0.63034055546875 0.0689923859375 0.08359763906249995 0.09523805
0 0.69780546796875 0.06423305234375001 0.07373781406250002 0.0823052765625
0 0.76965894296875 0.06149003359375001 0.07434719531250007 0.0718221640625
0 0.580067696875 0.03366984765625 0.06980701874999999 0.029264589062500002
0 0.44523389609374997 0.03899771171875 0.0750343734375 0.0458445578125
0 0.3694819375 0.049949015624999996 0.07514749375000003 0.0504835
0 0.29644331015625003 0.06476735859375 0.0757497453125 0.05198661093749999
0 0.21466352421875 0.0833960234375 0.07599732031250002 0.052923840624999996