0 0.1296875 0.03515625 0.0640625 0.0703125
0 0.13046875 0.11328125 0.0703125 0.09375
0 0.0796875 0.09140625 0.0578125 0.0828125
0 0.03515625 0.15625 0.059375 0.0796875
0 0.06953125 0.23828125 0.053125 0.0671875
0 0.0875 0.26875 0.0640625 0.08125
0 0.15234375 0.225 0.0609375 0.0828125
0 0.0109375 0.29453125 0.021875 0.0859375
0 0.0921875 0.36171875 0.05625 0.0765625
0 0.2203125 0.0484375 0.059375 0.0765625
0 0.2796875 0.0921875 0.0515625 0.0703125
0 0.2625 0.1375 0.059375 0.0796875
0 0.2328125 0.13671875 0.0375 0.05
0 0.22109375 0.1984375 0.0578125 0.0796875
0 0.2734375 0.23359375 0.05625 0.0765625
0 0.22421875 0.28828125 0.0609375 0.078125
0 0.1859375 0.3296875 0.059375 0.078125
0 0.1484375 0.39375 0.0578125 0.0765625
0 0.2171875 0.3984375 0.05625 0.075
0 0.08359375 0.49375 0.0765625 0.0984375
0 0.22734375 0.48125 0.0609375 0.0828125
0 0.2671875 0.3640625 0.05625 0.0765625
0 0.3296875 0.05625 0.0515625 0.071875
0 0.36640625 0.06171875 0.0609375 0.0828125
0 0.38671875 0.03046875 0.05 0.0609375
0 0.32421875 0.11875 0.0546875 0.0671875
0 0.325 0.196875 0.0546875 0.0734375
0 0.4328125 0.07734375 0.053125 0.065625
0 0.49296875 0.03828125 0.0578125 0.0734375
0 0.5875 0.0359375 0.0546875 0.0703125
0 0.6484375 0.05234375 0.0515625 0.0734375
0 0.47109375 0.1046875 0.0515625 0.0734375
0 0.6078125 0.096875 0.0546875 0.071875
0 0.634375 0.13125 0.0546875 0.0796875
0 0.53203125 0.0921875 0.05625 0.0703125
0 0.38359375 0.19453125 0.0546875 0.0734375
0 0.428125 0.16484375 0.0484375 0.06875
0 0.46328125 0.19140625 0.0578125 0.071875
0 0.3140625 0.31171875 0.0546875 0.0734375
0 0.3625 0.25 0.05625 0.0734375
0 0.4203125 0.2421875 0.053125 0.0703125
0 0.48125 0.26171875 0.0546875 0.0734375
0 0.53203125 0.23125 0.046875 0.0765625
0 0.5109375 0.13359375 0.059375 0.0765625
0 0.5671875 0.14609375 0.0484375 0.0734375
0 0.59453125 0.20703125 0.0578125 0.071875
0 0.5765625 0.2796875 0.05625 0.078125
0 0.63203125 0.2625 0.0515625 0.0765625
0 0.38515625 0.3328125 0.0609375 0.078125
0 0.44375 0.31484375 0.053125 0.075
0 0.51640625 0.33203125 0.053125 0.0734375
0 0.62109375 0.32734375 0.05 0.075
0 0.66875 0.33671875 0.046875 0.0734375
0 0.56796875 0.3671875 0.05625 0.075
0 0.3078125 0.4375 0.05625 0.0703125
0 0.334375 0.3828125 0.0546875 0.0859375
0 0.38984375 0.409375 0.0625 0.08125
0 0.446875 0.43984375 0.0546875 0.078125
0 0.47109375 0.38125 0.0515625 0.0703125
0 0.51640625 0.42890625 0.05625 0.0765625
0 0.63125 0.3984375 0.04375 0.065625
0 0.59921875 0.43046875 0.0515625 0.0671875
0 0.640625 0.47109375 0.053125 0.075
0 0.56953125 0.48828125 0.0546875 0.0796875
0 0.4953125 0.50234375 0.0671875 0.071875
0 0.40234375 0.50078125 0.05625 0.0703125
0 0.36328125 0.45546875 0.0515625 0.0625
0 0.32734375 0.50625 0.0546875 0.0671875
0 0.059375 0.528125 0.0640625 0.0828125
0 0.0265625 0.546875 0.053125 0.090625
0 0.040625 0.6609375 0.065625 0.071875
0 0.05859375 0.74375 0.059375 0.078125
0 0.0234375 0.80078125 0.046875 0.075
0 0.06953125 0.9453125 0.090625 0.0625
0 0.084375 0.603125 0.0609375 0.0765625
0 0.1625 0.56328125 0.0578125 0.0734375
0 0.23203125 0.57265625 0.059375 0.08125
0 0.12734375 0.65859375 0.05625 0.0671875
0 0.19296875 0.62421875 0.05 0.0734375
0 0.228125 0.62109375 0.0578125 0.0671875
0 0.23671875 0.6640625 0.053125 0.0625
0 0.16484375 0.71484375 0.0546875 0.06875
0 0.11875 0.778125 0.059375 0.0734375
0 0.16484375 0.92578125 0.0609375 0.0703125
0 0.13125 0.95625 0.05625 0.06875
0 0.18203125 0.97265625 0.0578125 0.053125
0 0.18515625 0.7921875 0.0484375 0.0625
0 0.209375 0.759375 0.0796875 0.0328125
0 0.26484375 0.7296875 0.0578125 0.075
0 0.228125 0.83671875 0.053125 0.0625
0 0.240625 0.978125 0.0484375 0.04375
0 0.28984375 0.96953125 0.0578125 0.0609375
0 0.3453125 0.984375 0.0484375 0.03125
0 0.37109375 0.93984375 0.0515625 0.0640625
0 0.32890625 0.87890625 0.0546875 0.075
0 0.28203125 0.83984375 0.0515625 0.0640625
0 0.303125 0.78515625 0.0578125 0.0734375
0 0.28046875 0.6515625 0.053125 0.06875
0 0.31796875 0.5828125 0.053125 0.065625
0 0.3671875 0.56328125 0.0578125 0.0703125
0 0.34765625 0.65078125 0.0546875 0.0671875
0 0.365625 0.7390625 0.05625 0.0734375
0 0.353125 0.83671875 0.05625 0.071875
0 0.45078125 0.54921875 0.05625 0.071875
0 0.4203125 0.6 0.0515625 0.065625
0 0.403125 0.684375 0.0546875 0.071875
0 0.46015625 0.64453125 0.05 0.06875
0 0.43984375 0.6796875 0.0484375 0.0609375
0 0.409375 0.778125 0.0515625 0.06875
0 0.39921875 0.96328125 0.04375 0.065625
0 0.43359375 0.96015625 0.0484375 0.06875
0 0.51484375 0.9859375 0.0515625 0.028125
0 0.46015625 0.95078125 0.0640625 0.0984375
0 0.49375 0.93828125 0.0453125 0.0671875
0 0.40703125 0.875 0.053125 0.071875
0 0.4640625 0.7796875 0.0515625 0.065625
0 0.55234375 0.9421875 0.053125 0.071875
0 0.52578125 0.8046875 0.0578125 0.071875
0 0.57890625 0.9828125 0.04375 0.034375
0 0.62265625 0.9671875 0.053125 0.065625
0 0.6625 0.94453125 0.05 0.06875
0 0.715625 0.94765625 0.0515625 0.0640625
0 0.7671875 0.940625 0.0453125 0.06875
0 0.82421875 0.94453125 0.0484375 0.06875
0 0.79453125 0.9875 0.046875 0.025
0 0.86015625 0.984375 0.05625 0.03125
0 0.9546875 0.96875 0.0515625 0.0609375
0 0.87578125 0.93359375 0.046875 0.0640625
0 0.9140625 0.9109375 0.04375 0.0640625
0 0.98671875 0.91796875 0.0265625 0.0734375
0 0.5953125 0.871875 0.05 0.06875
0 0.48984375 0.6734375 0.0484375 0.0609375
0 0.4859375 0.5859375 0.059375 0.06875
0 0.51640625 0.625 0.0515625 0.065625
0 0.5328125 0.67890625 0.0390625 0.0546875
0 0.5578125 0.77109375 0.04375 0.065625
0 0.5265625 0.54140625 0.0546875 0.0734375
0 0.6 0.7640625 0.046875 0.059375
0 0.6375 0.8546875 0.04375 0.05625
0 0.715625 0.8609375 0.046875 0.065625
0 0.68125 0.8171875 0.0453125 0.0578125
0 0.66171875 0.76484375 0.0484375 0.071875
0 0.590625 0.71328125 0.05 0.05625
0 0.5859375 0.675 0.053125 0.06875
0 0.5796875 0.6046875 0.0515625 0.075
0 0.60703125 0.5328125 0.04375 0.071875
0 0.7578125 0.84375 0.04375 0.0640625
0 0.740625 0.8140625 0.053125 0.0671875
0 0.7859375 0.79609375 0.046875 0.065625
0 0.69453125 0.74140625 0.0390625 0.0578125
0 0.7328125 0.7265625 0.040625 0.046875
0 0.69296875 0.70234375 0.05 0.065625
0 0.72890625 0.6921875 0.0484375 0.0671875
0 0.6265625 0.6625 0.0484375 0.0640625
0 0.61640625 0.6046875 0.04375 0.071875
0 0.65390625 0.6015625 0.040625 0.065625
0 0.63828125 0.5359375 0.0359375 0.0609375
0 0.70078125 0.62421875 0.0484375 0.0625
0 0.8984375 0.81640625 0.040625 0.065625
0 0.93515625 0.775 0.0484375 0.0671875
0 0.9546875 0.803125 0.05 0.0609375
0 0.8234375 0.76015625 0.0421875 0.0609375
0 0.80625 0.7265625 0.0484375 0.0609375
0 0.7953125 0.68359375 0.0453125 0.0625
0 0.78359375 0.6265625 0.053125 0.071875
0 0.96328125 0.73828125 0.04375 0.065625
0 0.9390625 0.6984375 0.0515625 0.065625
0 0.84921875 0.6984375 0.0421875 0.046875
0 0.984375 0.665625 0.03125 0.071875
0 0.85859375 0.65859375 0.05 0.0703125
0 0.89453125 0.65 0.04375 0.0578125
0 0.9578125 0.61171875 0.05 0.071875
0 0.90625 0.60703125 0.053125 0.0671875
0 0.703125 0.56171875 0.05 0.0625
0 0.73984375 0.5109375 0.05625 0.0859375
0 0.709375 0.4171875 0.05 0.078125
0 0.80546875 0.590625 0.0453125 0.059375
0 0.7765625 0.51171875 0.0328125 0.071875
0 0.8 0.5328125 0.046875 0.06875
0 0.821875 0.51484375 0.0390625 0.0578125
0 0.92265625 0.55078125 0.0515625 0.0640625
0 0.9828125 0.48671875 0.034375 0.075
0 0.909375 0.45390625 0.046875 0.0703125
0 0.7953125 0.45703125 0.0484375 0.0734375
0 0.7296875 0.43671875 0.0421875 0.0625
0 0.6703125 0.27578125 0.0484375 0.0609375
0 0.68515625 0.18359375 0.0515625 0.078125
0 0.72734375 0.04296875 0.0578125 0.075
0 0.684375 0.11328125 0.046875 0.071875
0 0.7625 0.09921875 0.046875 0.0640625
0 0.73984375 0.146875 0.0453125 0.0765625
0 0.73125 0.228125 0.0515625 0.0734375
0 0.715625 0.3171875 0.0515625 0.065625
0 0.8265625 0.11328125 0.0484375 0.053125
0 0.8234375 0.1609375 0.0546875 0.084375
0 0.8140625 0.25 0.05625 0.0859375
0 0.83671875 0.21171875 0.0375 0.05625
0 0.8375 0.2703125 0.0390625 0.05625
0 0.79296875 0.3265625 0.05 0.0640625
0 0.77578125 0.36640625 0.046875 0.075
0 0.9640625 0.415625 0.0453125 0.071875
0 0.9140625 0.38359375 0.0390625 0.0734375
0 0.87578125 0.39296875 0.0484375 0.0734375
0 0.84453125 0.38515625 0.0546875 0.075
0 0.88359375 0.31796875 0.0484375 0.0765625
0 0.9765625 0.29296875 0.046875 0.0828125