0 0.12421875 0.4109375 0.0578125 0.0421875
0 0.1015625 0.43671875 0.05625 0.034375
0 0.11640625 0.4734375 0.0546875 0.0375
0 0.1125 0.5125 0.05625 0.0375
0 0.121875 0.55 0.05625 0.0390625
0 0.209375 0.3546875 0.0484375 0.0390625
0 0.4390625 0.2984375 0.0546875 0.0453125
0 0.3375 0.3234375 0.0546875 0.040625
0 0.3921875 0.3265625 0.0546875 0.04375
0 0.29765625 0.33359375 0.0515625 0.0390625
0 0.26796875 0.36328125 0.0546875 0.040625
0 0.23828125 0.39453125 0.0609375 0.040625
0 0.1953125 0.41484375 0.053125 0.0390625
0 0.1625 0.44296875 0.053125 0.0359375
0 0.16953125 0.48125 0.053125 0.040625
0 0.16484375 0.51953125 0.053125 0.0421875
0 0.17578125 0.56328125 0.053125 0.040625
0 0.20859375 0.45390625 0.0578125 0.0375
0 0.2578125 0.43125 0.0578125 0.040625
0 0.26328125 0.46484375 0.0515625 0.0390625
0 0.22734375 0.49375 0.059375 0.040625
0 0.22109375 0.53046875 0.0546875 0.040625
0 0.2296875 0.56953125 0.053125 0.0359375
0 0.26015625 0.5296875 0.053125 0.040625
0 0.33125 0.36875 0.053125 0.0390625
0 0.3765625 0.36640625 0.046875 0.0359375
0 0.44921875 0.3609375 0.05 0.0390625
0 0.48828125 0.32578125 0.053125 0.0421875
0 0.540625 0.3125 0.05 0.04375
0 0.59140625 0.3015625 0.0546875 0.046875
0 0.6484375 0.31015625 0.0578125 0.040625
0 0.7140625 0.3140625 0.0625 0.0421875
0 0.76796875 0.3296875 0.0515625 0.04375
0 0.8296875 0.3453125 0.0546875 0.04375
0 0.8609375 0.37421875 0.0515625 0.0421875
0 0.90546875 0.4046875 0.05625 0.0484375
0 0.909375 0.44296875 0.059375 0.0359375
0 0.9375 0.47890625 0.05625 0.0421875
0 0.8265625 0.39140625 0.0546875 0.0421875
0 0.83984375 0.42578125 0.05 0.0375
0 0.86171875 0.45859375 0.0546875 0.0390625
0 0.86640625 0.496875 0.05625 0.040625
0 0.8953125 0.51015625 0.046875 0.0359375
0 0.56953125 0.34609375 0.053125 0.040625
0 0.62109375 0.346875 0.05625 0.046875
0 0.6765625 0.35859375 0.05625 0.04375
0 0.72890625 0.353125 0.059375 0.04375
0 0.76015625 0.4 0.053125 0.04375
0 0.70546875 0.39375 0.05625 0.04375
0 0.6578125 0.3984375 0.0640625 0.0421875
0 0.60234375 0.3828125 0.053125 0.0421875
0 0.51484375 0.36796875 0.05 0.0375
0 0.31640625 0.409375 0.0578125 0.040625
0 0.309375 0.45390625 0.0484375 0.0359375
0 0.29375 0.49140625 0.0546875 0.0375
0 0.28984375 0.5703125 0.0609375 0.0328125
0 0.31484375 0.53125 0.0515625 0.0390625
0 0.3453125 0.478125 0.0484375 0.0375
0 0.3609375 0.4359375 0.046875 0.0375
0 0.371875 0.4015625 0.05 0.0390625
0 0.4328125 0.4 0.05 0.0359375
0 0.53984375 0.3984375 0.0515625 0.040625
0 0.59453125 0.421875 0.0546875 0.040625
0 0.640625 0.43828125 0.053125 0.0390625
0 0.703125 0.434375 0.053125 0.0390625
0 0.7578125 0.44453125 0.053125 0.046875
0 0.8046875 0.46796875 0.0515625 0.0390625
0 0.84765625 0.52890625 0.0453125 0.0359375
0 0.809375 0.5421875 0.05625 0.0359375
0 0.8 0.50625 0.0515625 0.0359375
0 0.75703125 0.47890625 0.0484375 0.0359375
0 0.740625 0.51328125 0.0515625 0.0390625
0 0.75 0.5421875 0.05 0.0359375
0 0.70859375 0.475 0.05 0.0390625
0 0.4109375 0.43046875 0.046875 0.0375
0 0.45703125 0.4296875 0.0546875 0.0375
0 0.50546875 0.4234375 0.0484375 0.0375
0 0.53984375 0.44609375 0.053125 0.040625
0 0.58828125 0.45859375 0.053125 0.040625
0 0.65703125 0.4703125 0.053125 0.0390625
0 0.67421875 0.5046875 0.0453125 0.034375
0 0.70234375 0.53828125 0.0484375 0.034375
0 0.65625 0.54140625 0.046875 0.0390625
0 0.61015625 0.48671875 0.046875 0.0296875
0 0.6296875 0.5109375 0.05 0.03125
0 0.4875 0.45703125 0.0515625 0.034375
0 0.509375 0.48125 0.0421875 0.03125
0 0.55703125 0.484375 0.05 0.0359375
0 0.58203125 0.5109375 0.046875 0.034375
0 0.61171875 0.5421875 0.046875 0.0359375
0 0.56875 0.55546875 0.0484375 0.0359375
0 0.53671875 0.5140625 0.04375 0.0359375
0 0.490625 0.5203125 0.0484375 0.0359375
0 0.5125 0.5484375 0.046875 0.0359375
0 0.40703125 0.4953125 0.0515625 0.0390625
0 0.46484375 0.48828125 0.0515625 0.0375
0 0.44375 0.52265625 0.05 0.0375
0 0.46484375 0.55546875 0.05 0.0390625
0 0.41484375 0.559375 0.0515625 0.0390625
0 0.3671875 0.559375 0.0484375 0.0375
0 0.3625 0.5171875 0.0546875 0.0421875