0 0.23537860156250004 0.5464900046875 0.066893140625 0.11411182812499998
0 0.23832976953124999 0.6484510382812501 0.0649256953125 0.0940366015625
0 0.30817408046875 0.57871603046875 0.05508847031249999 0.09614978281250001
0 0.25603677734375 0.73350661484375 0.060990804687499976 0.08664046093749996
0 0.3183392140625 0.6790921765625001 0.058367543750000014 0.0940366
0 0.3888393390625 0.52324500234375 0.06426988125 0.10354592031250007
0 0.4078579765625 0.41494442421875 0.06295825000000002 0.10037614531250001
0 0.47803019453125 0.39698237578124995 0.0642698796875 0.10671569218749996
0 0.45278131171874997 0.49313215859375 0.0623024359375 0.10671569218750002
0 0.3937579515625 0.64950762890625 0.06623732499999999 0.10460251093749999
0 0.45835573984375005 0.6014327375 0.06689314218750005 0.1056591
0 0.5183628234375 0.47728329296874994 0.06361406562499994 0.11305523593749997
0 0.633458375 0.42022737890625006 0.06558151250000002 0.10037614531250005
0 0.7049422218749999 0.42128396953124997 0.06033499062500001 0.09826296406250004
0 0.6177188124999999 0.5206035250000001 0.06558151250000002 0.11094205625000005
0 0.679693340625 0.51637716171875 0.058367543750000014 0.09826296406249994
0 0.73674925546875 0.5142639796875 0.060990804687499976 0.10037614687500004
0 0.56820477109375 0.60618739609375 0.0623024359375 0.0940366015625
0 0.50032790703125 0.70022399765625 0.06558151093750002 0.11094205468749996
0 0.44458362265625 0.76414775390625 0.06689314218749995 0.11199864843750004
0 0.37113233046875 0.745129115625 0.06820477031249998 0.10143273750000006
0 0.29997639140625 0.8687502640624999 0.05049776406249999 0.08030091562500008
0 0.2586600390625 0.8227885546875001 0.04787450312499999 0.07713114375000005
0 0.356704396875 0.8645239 0.05115357812499997 0.07818773437500007
0 0.41244868281249997 0.8470901476562499 0.05115357812499997 0.07713114531249995
0 0.5511535796875 0.70022399765625 0.051809393749999974 0.10671569218750002
0 0.63313046796875 0.602489328125 0.06361406718750003 0.08875364687499995
0 0.73215855 0.617281603125 0.06361406562500002 0.10354591875000008
0 0.6642816851562501 0.6738092218749999 0.056400098437500025 0.09192341874999999
0 0.63706535859375 0.7298085453125001 0.06886058593750004 0.10037614687499996
0 0.46655342890624996 0.86558049140625 0.04918613281250002 0.08030091718750007
0 0.56918849453125 0.77260048125 0.019674451562500028 0.027471365625000032
0 0.5 0.8322978750000001 0.016395378124999915 0.026414775000000112
0 0.52524888125 0.82859980625 0.026232603124999976 0.027471368749999846
0 0.5521373015625 0.8275432148437499 0.018362821875 0.02958455156249986
0 0.57738618359375 0.82648662421875 0.02033027031249999 0.03169773281249988
0 0.5977164523437499 0.76837411796875 0.020330267187499994 0.031697729687500065
0 0.6059141406249999 0.8101094632812501 0.019674453125000026 0.03275432031250007
0 0.5872234093750001 0.78792105234375 0.019018637500000057 0.030641139062500055
0 0.67280728203125 0.74618570546875 0.01705119531249997 0.033810910937499994
0 0.6364095429687501 0.81486412265625 0.016395376562500008 0.031697729687499974
0 0.6573956273437499 0.82648662421875 0.02033027031249999 0.03169773281249988
0 0.68100497109375 0.8264866234374999 0.01770700781250003 0.029584550000000043
0 0.70297477734375 0.81592071328125 0.022297714062499984 0.03803727656249993
0 0.21996694687499999 0.8624107179687499 0.020330268750000036 0.031697729687500065
0 0.64887003046875 0.7932040062500001 0.019018639062499964 0.01796204687499996
0 0.665593315625 0.7821098015624999 0.018362821875 0.03381091249999999