0 0.29609375 0.22734375 0.0609375 0.0953125
0 0.35703125 0.26171875 0.0671875 0.1
0 0.4625 0.27265625 0.06875 0.09375
0 0.53359375 0.2609375 0.065625 0.09375
0 0.609375 0.2234375 0.0703125 0.09375
0 0.6890625 0.2546875 0.071875 0.09375
0 0.75 0.22109375 0.06875 0.09375
0 0.16640625 0.2890625 0.065625 0.0875
0 0.234375 0.27265625 0.065625 0.090625
0 0.28828125 0.32265625 0.065625 0.090625
0 0.3546875 0.3546875 0.06875 0.09375
0 0.44140625 0.36328125 0.065625 0.0875
0 0.5375 0.35390625 0.06875 0.09375
0 0.603125 0.31484375 0.06875 0.09375
0 0.6671875 0.34453125 0.065625 0.0875
0 0.74375 0.31328125 0.071875 0.096875
0 0.81171875 0.275 0.071875 0.0953125
0 0.07734375 0.38125 0.0640625 0.084375
0 0.146875 0.371875 0.0625 0.084375
0 0.20703125 0.3734375 0.065625 0.0875
0 0.26875 0.41953125 0.0625 0.084375
0 0.4015625 0.42265625 0.0609375 0.08125
0 0.4953125 0.41953125 0.0625 0.084375
0 0.5625 0.44296875 0.06875 0.084375
0 0.66484375 0.4359375 0.0671875 0.084375
0 0.7296875 0.41015625 0.0703125 0.0890625
0 0.840625 0.36640625 0.071875 0.0890625
0 0.90625 0.33203125 0.06875 0.0921875
0 0.95625 0.38359375 0.0703125 0.0921875
0 0.04375 0.46171875 0.0625 0.0828125
0 0.1171875 0.45 0.0640625 0.08125
0 0.196875 0.440625 0.0625 0.078125
0 0.3484375 0.471875 0.0625 0.08125
0 0.4484375 0.48515625 0.065625 0.0875
0 0.5109375 0.50625 0.0640625 0.0859375
0 0.575 0.52421875 0.0640625 0.0828125
0 0.70546875 0.52265625 0.065625 0.084375
0 0.7546875 0.47890625 0.0625 0.0828125
0 0.8375 0.45859375 0.06875 0.090625
0 0.8875 0.42890625 0.0640625 0.0875
0 0.034375 0.53671875 0.059375 0.078125
0 0.1078125 0.51640625 0.0609375 0.078125
0 0.178125 0.509375 0.059375 0.075
0 0.23359375 0.50625 0.059375 0.08125
0 0.284375 0.50078125 0.0625 0.078125
0 0.4 0.51640625 0.0625 0.08125
0 0.93671875 0.49453125 0.0640625 0.0828125
0 0.028125 0.61171875 0.05625 0.075
0 0.075 0.59765625 0.0625 0.078125
0 0.15546875 0.58046875 0.05625 0.078125
0 0.1921875 0.59453125 0.0609375 0.0828125
0 0.2625 0.58203125 0.0609375 0.075
0 0.325 0.56015625 0.059375 0.075
0 0.3859375 0.590625 0.0578125 0.075
0 0.48125 0.5734375 0.0640625 0.08125
0 0.546875 0.60078125 0.065625 0.078125
0 0.6078125 0.57890625 0.059375 0.078125
0 0.6859375 0.59296875 0.0640625 0.078125
0 0.7546875 0.571875 0.0625 0.0828125
0 0.8140625 0.55 0.0640625 0.08125
0 0.88515625 0.5234375 0.0671875 0.084375
0 0.9140625 0.57421875 0.0640625 0.0828125
0 0.71953125 0.61796875 0.0578125 0.078125
0 0.0453125 0.68828125 0.0578125 0.071875
0 0.1109375 0.6640625 0.0625 0.075
0 0.17734375 0.65859375 0.0625 0.075
0 0.2703125 0.65390625 0.05625 0.075
0 0.3234375 0.65859375 0.0625 0.078125
0 0.3828125 0.68671875 0.0578125 0.0828125
0 0.4390625 0.6296875 0.0609375 0.08125
0 0.50234375 0.6484375 0.0625 0.0828125
0 0.4609375 0.709375 0.0625 0.078125
0 0.528125 0.68984375 0.0578125 0.0734375
0 0.5765625 0.6640625 0.059375 0.08125
0 0.61875 0.71171875 0.0578125 0.071875
0 0.6625 0.66796875 0.0625 0.078125
0 0.803125 0.63671875 0.0625 0.08125
0 0.89375 0.65625 0.0640625 0.075
0 0.1 0.75234375 0.059375 0.075
0 0.2234375 0.71640625 0.05625 0.075
0 0.2890625 0.73046875 0.059375 0.0734375
0 0.34609375 0.734375 0.0625 0.078125
0 0.4109375 0.7484375 0.059375 0.075
0 0.49140625 0.77890625 0.0625 0.075
0 0.5734375 0.78203125 0.0625 0.078125
0 0.6546875 0.7984375 0.059375 0.075
0 0.70234375 0.75703125 0.0640625 0.078125
0 0.765625 0.7296875 0.06875 0.08125
0 0.84296875 0.71015625 0.0640625 0.078125
0 0.209375 0.765625 0.05625 0.065625
0 0.259375 0.7921875 0.05625 0.071875
0 0.3140625 0.81328125 0.0625 0.071875
0 0.3765625 0.8078125 0.0609375 0.071875
0 0.4421875 0.8125 0.0609375 0.071875
0 0.5296875 0.8296875 0.0578125 0.065625
0 0.60546875 0.84296875 0.059375 0.0625
0 0.7078125 0.8578125 0.065625 0.071875
0 0.8078125 0.8625 0.059375 0.078125
0 0.7921875 0.784375 0.0625 0.075
0 0.859375 0.79296875 0.0609375 0.078125