0 0.10967636328125001 0.6465037 0.16036616718750002 0.192960309375
0 0.069257471875 0.7923357945312499 0.13851494375 0.17690998281249995
0 0.1552078234375 0.48622824062500003 0.15539536874999998 0.19915001250000003
0 0.31757285078124997 0.44147496093750005 0.18305123906249995 0.218485275
0 0.50329552265625 0.39752849921874994 0.21992130468749999 0.25197662031249995
0 0.257535915625 0.6185405749999999 0.162284665625 0.19958927812500002
0 0.4280392359375 0.585846021875 0.19985664687500004 0.22817569375
0 0.62774597734375 0.54564981875 0.22630398906250004 0.24867089062500006
0 0.20516525625 0.7748620703125 0.141227128125 0.17844630937500003
0 0.36526912265625 0.7564295289062499 0.17850645468749998 0.1996153234375
0 0.5417235890625 0.7333309906250001 0.20453810937499997 0.22566521250000005
0 0.75359169921875 0.707580584375 0.23244796093750003 0.24212346562500003