0 0.27265625 0.3359375 0.09375 0.0703125
0 0.3671875 0.3421875 0.090625 0.0703125
0 0.45703125 0.34140625 0.0921875 0.071875
0 0.55078125 0.3421875 0.0953125 0.0734375
0 0.6421875 0.34296875 0.090625 0.071875
0 0.73515625 0.34375 0.09375 0.0703125
0 0.228125 0.396875 0.0921875 0.06875
0 0.31640625 0.4 0.0921875 0.0703125
0 0.41484375 0.403125 0.09375 0.0703125
0 0.50546875 0.40234375 0.0953125 0.06875
0 0.59765625 0.4046875 0.0921875 0.0703125
0 0.6890625 0.40390625 0.090625 0.06875
0 0.78515625 0.4 0.09375 0.06875
0 0.18203125 0.45703125 0.09375 0.06875
0 0.27421875 0.4625 0.0953125 0.06875
0 0.36640625 0.46015625 0.0921875 0.06875
0 0.46015625 0.46171875 0.09375 0.06875
0 0.553125 0.4625 0.09375 0.06875
0 0.6453125 0.4640625 0.09375 0.0703125
0 0.74140625 0.4609375 0.09375 0.06875
0 0.83125 0.45703125 0.090625 0.0671875
0 0.1359375 0.515625 0.0921875 0.0671875
0 0.2296875 0.52109375 0.09375 0.0671875
0 0.32265625 0.5203125 0.090625 0.06875
0 0.41328125 0.51953125 0.0921875 0.0671875
0 0.5046875 0.5203125 0.090625 0.0671875
0 0.59921875 0.521875 0.09375 0.0671875
0 0.6953125 0.5203125 0.0953125 0.06875
0 0.7875 0.5203125 0.0921875 0.0703125
0 0.88203125 0.5171875 0.0890625 0.06875
0 0.08984375 0.575 0.0921875 0.0671875
0 0.1828125 0.58203125 0.0953125 0.06875
0 0.27578125 0.58046875 0.09375 0.0671875
0 0.36796875 0.5796875 0.090625 0.0671875
0 0.4578125 0.578125 0.0890625 0.0671875
0 0.55078125 0.578125 0.09375 0.0671875
0 0.64765625 0.578125 0.09375 0.0671875
0 0.73984375 0.57890625 0.09375 0.0671875
0 0.834375 0.578125 0.0921875 0.06875
0 0.928125 0.5765625 0.09375 0.0671875
0 0.05078125 0.6328125 0.090625 0.065625
0 0.14140625 0.63984375 0.0921875 0.0671875
0 0.23125 0.6375 0.09375 0.0671875
0 0.32265625 0.6375 0.09375 0.0671875
0 0.41328125 0.6359375 0.090625 0.0671875
0 0.50546875 0.6359375 0.09375 0.0671875
0 0.6 0.63828125 0.090625 0.065625
0 0.69375 0.6375 0.090625 0.0671875
0 0.7859375 0.640625 0.09375 0.065625
0 0.88203125 0.6390625 0.09375 0.0671875
0 0.9640625 0.63515625 0.0703125 0.065625
0 0.090625 0.690625 0.090625 0.065625
0 0.18046875 0.696875 0.090625 0.0640625
0 0.26953125 0.69609375 0.0890625 0.0640625
0 0.35703125 0.6984375 0.090625 0.065625
0 0.45859375 0.69140625 0.090625 0.0640625
0 0.54921875 0.690625 0.090625 0.065625
0 0.65625 0.69609375 0.090625 0.065625
0 0.75234375 0.7015625 0.090625 0.065625
0 0.84765625 0.7 0.09375 0.0671875
0 0.93828125 0.69765625 0.0890625 0.0671875
0 0.134375 0.75 0.0875 0.0640625
0 0.22734375 0.75234375 0.0875 0.065625
0 0.315625 0.753125 0.0875 0.0625
0 0.41484375 0.74453125 0.0890625 0.0609375
0 0.50390625 0.74453125 0.090625 0.0625
0 0.59609375 0.7453125 0.090625 0.0671875
0 0.6953125 0.7546875 0.0890625 0.0625
0 0.80390625 0.7578125 0.0890625 0.0625
0 0.89921875 0.7578125 0.084375 0.0640625
0 0.178125 0.8046875 0.0859375 0.0625
0 0.2734375 0.8046875 0.0890625 0.0640625
0 0.37265625 0.8 0.0875 0.0625
0 0.4609375 0.80234375 0.0890625 0.0640625
0 0.5484375 0.80390625 0.0875 0.065625
0 0.63515625 0.79765625 0.0875 0.0625
0 0.74140625 0.8015625 0.0859375 0.0640625
0 0.84765625 0.8078125 0.090625 0.0625
0 0.23125 0.85078125 0.0859375 0.059375
0 0.3296875 0.85390625 0.0859375 0.0640625
0 0.41796875 0.85234375 0.0875 0.0625
0 0.50390625 0.85625 0.0859375 0.0625
0 0.59296875 0.853125 0.090625 0.0609375
0 0.684375 0.8546875 0.090625 0.0609375
0 0.79140625 0.859375 0.0859375 0.0578125
0 0.28515625 0.91171875 0.0890625 0.0578125
0 0.371875 0.93125 0.0875 0.0625
0 0.46328125 0.90078125 0.0859375 0.0609375
0 0.55234375 0.909375 0.090625 0.0609375
0 0.640625 0.90234375 0.0859375 0.0625
0 0.73359375 0.915625 0.0859375 0.059375
0 0.64921875 0.95234375 0.0671875 0.0484375
0 0.721875 0.965625 0.0734375 0.046875
0 0.79296875 0.9484375 0.0671875 0.0578125
0 0.81640625 0.978125 0.075 0.0421875
0 0.88984375 0.965625 0.071875 0.053125
0 0.96640625 0.965625 0.065625 0.0515625
0 0.04296875 0.9796875 0.071875 0.040625