0 0.117568590625 0.43603668437500004 0.191493246875 0.12264516875
0 0.29100776484375 0.43030244609375 0.1707390265625 0.14033242968749998
0 0.46062641171875 0.4237316 0.17438362343749997 0.14496008749999997
0 0.64721895703125 0.412884246875 0.19025008906250002 0.13270439062499997
0 0.14196082890625 0.5662277578125 0.16818447343749998 0.10729236249999996
0 0.30074251953125 0.55802804453125 0.16624595156249997 0.11703788281250001
0 0.46247710625000005 0.5525072039062501 0.15843864062500002 0.11697763593750006
0 0.6251284601562499 0.544852365625 0.17868383906249993 0.11700489374999998
0 0.7985818171875 0.534797103125 0.17910200624999995 0.10944166874999998
0 0.15973058515625 0.67078689453125 0.15363272968750002 0.0954507890625
0 0.30971757421875 0.6647157609375001 0.1502205546875 0.09294641249999999
0 0.4565415328125 0.65695730390625 0.15467651562499998 0.10456588906250008
0 0.61094865 0.6514465664062501 0.15511293750000005 0.10879519531250006
0 0.77493016796875 0.644828296875 0.16495290156249992 0.100962946875
0 0.17489676328124998 0.76969541328125 0.1382851390625 0.08954942968750004
0 0.31222771796875 0.7640933421875 0.1455386484375 0.09786370000000008
0 0.45663374609375007 0.75499453671875 0.15953980781250002 0.08974665781249999
0 0.60655293828125 0.74660367734375 0.1467897265625 0.10212127031250003
0 0.7540992953125001 0.7460041976562499 0.142980290625 0.10013578593750001
0 0.19242320078125 0.8512747171874999 0.1417902984375 0.08833125937500004
0 0.32726145546875 0.8456562398437499 0.13451330156250002 0.08054536406250001
0 0.45859387187500006 0.8437748632812501 0.14105169687499997 0.08826009218750004
0 0.5969248640625 0.8409929664062501 0.15236571562500006 0.09514512656250007
0 0.737803809375 0.8419698070312499 0.14516057499999996 0.09986322343750001