0 0.19140625 0.21640625 0.065625 0.0921875
0 0.253125 0.2140625 0.0625 0.0859375
0 0.3234375 0.19609375 0.059375 0.0828125
0 0.1640625 0.296875 0.0640625 0.0859375
0 0.3109375 0.2890625 0.0671875 0.0859375
0 0.375 0.27734375 0.0640625 0.0875
0 0.103125 0.32734375 0.065625 0.0859375
0 0.15703125 0.3796875 0.0640625 0.0859375
0 0.2203125 0.34375 0.065625 0.0875
0 0.284375 0.36640625 0.065625 0.084375
0 0.35 0.35859375 0.0640625 0.084375
0 0.4140625 0.35078125 0.0625 0.084375
0 0.4796875 0.36953125 0.059375 0.08125
0 0.525 0.31796875 0.0609375 0.0875
0 0.61484375 0.225 0.0578125 0.0828125
0 0.675 0.240625 0.059375 0.084375
0 0.73046875 0.28984375 0.0609375 0.0828125
0 0.7859375 0.28046875 0.05625 0.08125
0 0.8484375 0.278125 0.05 0.084375
0 0.58671875 0.29453125 0.0609375 0.084375
0 0.57109375 0.37109375 0.059375 0.078125
0 0.63203125 0.35 0.0625 0.0859375
0 0.6953125 0.36171875 0.059375 0.0765625
0 0.7515625 0.36015625 0.0578125 0.08125
0 0.8140625 0.34921875 0.0578125 0.075
0 0.8703125 0.38125 0.0625 0.0734375
0 0.08984375 0.415625 0.0625 0.084375
0 0.15 0.46953125 0.065625 0.084375
0 0.21171875 0.4296875 0.0625 0.084375
0 0.3234375 0.44140625 0.065625 0.0828125
0 0.409375 0.4328125 0.0609375 0.0796875
0 0.471875 0.44921875 0.059375 0.078125
0 0.52890625 0.42890625 0.05625 0.078125
0 0.6109375 0.428125 0.0609375 0.0796875
0 0.675 0.4515625 0.0578125 0.075
0 0.7359375 0.4375 0.0578125 0.075
0 0.81875 0.43359375 0.05625 0.0796875
0 0.8734375 0.46171875 0.05625 0.0734375
0 0.08125 0.50078125 0.0640625 0.084375
0 0.1390625 0.5515625 0.0625 0.0859375
0 0.2078125 0.515625 0.0640625 0.0875
0 0.2671875 0.55625 0.0609375 0.0796875
0 0.32265625 0.53203125 0.0625 0.08125
0 0.375 0.5703125 0.0609375 0.075
0 0.4109375 0.5171875 0.0609375 0.0796875
0 0.4625 0.571875 0.05625 0.075
0 0.5 0.51171875 0.0578125 0.0765625
0 0.56640625 0.4859375 0.05625 0.0734375
0 0.528125 0.58125 0.0609375 0.0671875
0 0.58515625 0.559375 0.0578125 0.0734375
0 0.625 0.5015625 0.05625 0.0734375
0 0.76875 0.51015625 0.0625 0.0828125
0 0.8390625 0.52890625 0.0546875 0.071875
0 0.70625 0.53515625 0.0546875 0.0734375
0 0.6625 0.59765625 0.05625 0.071875
0 0.76328125 0.584375 0.0578125 0.075
0 0.8171875 0.60625 0.053125 0.0703125
0 0.07734375 0.5875 0.065625 0.0796875
0 0.19453125 0.5953125 0.0609375 0.0796875
0 0.2546875 0.63046875 0.059375 0.078125
0 0.31875 0.6125 0.0625 0.0734375
0 0.421875 0.6265625 0.0578125 0.071875
0 0.490625 0.63828125 0.0578125 0.0765625
0 0.5546875 0.6578125 0.059375 0.078125
0 0.60703125 0.62734375 0.05625 0.0703125
0 0.6953125 0.64765625 0.05625 0.075
0 0.7859375 0.66953125 0.0546875 0.075
0 0.1328125 0.6421875 0.0609375 0.075
0 0.190625 0.6625 0.059375 0.0734375
0 0.2390625 0.70390625 0.059375 0.075
0 0.3 0.690625 0.0609375 0.075
0 0.36015625 0.6671875 0.0609375 0.075
0 0.41796875 0.70703125 0.0578125 0.075
0 0.5578125 0.7359375 0.0578125 0.0703125
0 0.615625 0.71171875 0.05625 0.0734375
0 0.5953125 0.75859375 0.0515625 0.0671875
0 0.6796875 0.73125 0.0546875 0.0703125
0 0.778125 0.753125 0.05625 0.0671875
0 0.109375 0.71484375 0.05625 0.075
0 0.165625 0.746875 0.05625 0.071875
0 0.11171875 0.79296875 0.059375 0.071875
0 0.1734375 0.825 0.040625 0.08125
0 0.23203125 0.7828125 0.0578125 0.08125
0 0.2859375 0.75546875 0.059375 0.078125
0 0.3515625 0.74296875 0.0609375 0.078125
0 0.4 0.78359375 0.059375 0.0734375
0 0.46328125 0.7921875 0.05625 0.075
0 0.22734375 0.85703125 0.0546875 0.0703125
0 0.2796875 0.84921875 0.05625 0.0703125
0 0.3265625 0.81171875 0.0578125 0.075
0 0.3734375 0.86171875 0.05625 0.078125
0 0.43125 0.86015625 0.059375 0.0734375
0 0.484375 0.8953125 0.053125 0.06875
0 0.509375 0.82890625 0.0546875 0.0703125
0 0.56328125 0.8484375 0.053125 0.08125
0 0.6203125 0.84453125 0.0546875 0.065625
0 0.6640625 0.79921875 0.05625 0.0703125
0 0.67734375 0.86796875 0.053125 0.065625
0 0.7234375 0.81953125 0.05 0.0671875