0 0.33093906953124996 0.0980235421875 0.0669453140625 0.179276034375
0 0.25408060078125 0.12988746171874999 0.06778019531249999 0.1511804578125
0 0.16537528906249999 0.15103899375000002 0.06032948125 0.13908681562500003
0 0.085826653125 0.17216900078125003 0.055316387499999994 0.12794812656250001
0 0.0371927046875 0.22741978437499996 0.06165215312500001 0.1205036125
0 0.05637912421875 0.39069015234375 0.0560665515625 0.12079502031249997
0 0.10941983749999999 0.3613838671875 0.05624580625000001 0.12716773750000004
0 0.1732632734375 0.3491175375 0.0530583375 0.13280418437500002
0 0.25988180078124995 0.33579236953125 0.0608936828125 0.13993026718749996
0 0.35232609765625 0.31928919921875 0.062194610937500006 0.1409711390625
0 0.37829538281249997 0.534959384375 0.07857343750000001 0.15243013125000004
0 0.28039329375 0.5337219734375 0.058384299999999986 0.13127088125000003
0 0.1916239421875 0.5333239445312501 0.051365196875000005 0.1285995296875
0 0.11359790781249998 0.5376386765625 0.05399815312499999 0.12265716874999999
0 0.061852949218749995 0.5590589125 0.051992295312500006 0.11098958750000003
0 0.0103113609375 0.5500570203125 0.020622721875 0.10310608124999998
0 0.021808428125 0.689418246875 0.04361685625 0.10572412499999997
0 0.06189714453124999 0.70789189765625 0.045628542187499996 0.11612147031249993
0 0.14089386796875 0.70697045234375 0.0490099921875 0.12370993281249998
0 0.22562366875 0.7099180765625001 0.05175623437499999 0.12895498437499997
0 0.30228778203125 0.7322889828125 0.06785272031250003 0.13464775624999997
0 0.37235268984375003 0.75232331171875 0.08297526093749999 0.1511001796875
0 0.355737528125 0.9285904195312501 0.07554765 0.11136123906249988
0 0.287190071875 0.9197126507812499 0.06807633749999997 0.13426229531249997
0 0.21296115000000002 0.8989486796874999 0.05197900624999998 0.12668638125000004
0 0.1408995640625 0.8818056164062501 0.048958681250000004 0.12345704531250004
0 0.06875353515625 0.84672783984375 0.045735407812500004 0.11385346093750001
0 0.0287766828125 0.8277585500000001 0.04606489375 0.10733463125000009