0 0.35189108984375 0.0844363171875 0.06997064218749997 0.168872634375
0 0.2735696328125 0.10860602109374999 0.06606972187500001 0.1470726859375
0 0.18372201953124997 0.12718696796875 0.06541192343749998 0.14050515156249999
0 0.10383747187499999 0.1481776546875 0.05328087499999999 0.12865765312499997
0 0.0535984640625 0.202730928125 0.0485113625 0.11991251250000001
0 0.0067057406250000005 0.20302673437500002 0.013411481250000001 0.11496276875000003
0 0.00596063359375 0.36600381015625 0.0119212671875 0.11131008593750003
0 0.06287308671875 0.36628097734375 0.0486805109375 0.12067015781249997
0 0.11790391953124998 0.33801646484375 0.0521245953125 0.1252409140625
0 0.18201505234374998 0.3268087765625 0.0508509390625 0.13449180000000002
0 0.26885326953125 0.31549368359374996 0.05867416093750002 0.1432075421875
0 0.3619173640625 0.30111784296875 0.0633847125 0.1432851453125
0 0.3767134703125 0.5180093796875 0.06350393125000005 0.15005687187499994
0 0.278105371875 0.5140875250000001 0.06577581562499998 0.13361230624999995
0 0.19007389921875 0.5124349234375 0.050393126562500015 0.127924446875
0 0.11262148203125 0.515796728125 0.04801453593750001 0.12342105625000004
0 0.05993992578125 0.535789684375 0.0422857234375 0.11033162499999997
0 0.01123150078125 0.52438396171875 0.0224630015625 0.10352845781250002
0 0.015614416406250001 0.66529417890625 0.031228832812500003 0.10469567656249996
0 0.0520026578125 0.6839505562499999 0.040823428125000005 0.11534691562499999
0 0.13177786249999998 0.6853449828125 0.04234318750000001 0.12301413750000005
0 0.21508953828125002 0.6903194218750001 0.04537468593749998 0.128525334375
0 0.28999957187500003 0.7145496671875 0.05919983750000002 0.13252748125
0 0.35818906640625003 0.7368641265625 0.07057429218750003 0.15006725624999992
0 0.33285075390625 0.91711161953125 0.05867416093750002 0.11599985468749985
0 0.26510420390625 0.9037685671875 0.06164332343749997 0.13777258437499995
0 0.19293113359375 0.87975679296875 0.04967746093750001 0.12853081093750002
0 0.12132072109375 0.8602849796875001 0.049596379687500004 0.12400022500000007
0 0.05221872734375001 0.824491790625 0.045081735937500006 0.11194068125000003
0 0.01761664140625 0.804194228125 0.0352332828125 0.10675605624999998