0 0.2984892421875 0.14306187499999998 0.109944521875 0.182234540625
0 0.22935649218750004 0.17775395 0.103287090625 0.15267890312500002
0 0.14580739296875 0.20480338046875 0.0830009265625 0.1386971734375
0 0.0717213609375 0.23026410859375002 0.08471347500000001 0.12935035156250002
0 0.04554384453125 0.28719697421875 0.0638562890625 0.12120929531249999
0 0.0386544890625 0.45912511328125005 0.02997068125 0.10548307656249997
0 0.09308488671875 0.448620540625 0.0711921296875 0.122171403125
0 0.13930435703125 0.41658600078124997 0.08161884843749999 0.12767160156249996
0 0.19969169843749998 0.400492015625 0.08494585312499998 0.13640419687499997
0 0.28359863281250003 0.38251369296875 0.08644484062499998 0.14349512656249996
0 0.37098118671875 0.3616648390625 0.08963580156250002 0.14254024062499998
0 0.44598985234375005 0.57301447734375 0.10305626093750005 0.15176656718749992
0 0.3490417828125 0.57791237578125 0.090789565625 0.13362729218750005
0 0.2603692140625 0.582666275 0.08819067500000002 0.13038201875000005
0 0.18353933984375 0.59168185078125 0.08321420781250002 0.12455010468749998
0 0.13762417890625 0.61513177265625 0.07214103281249999 0.11211465781249999
0 0.076700409375 0.6099443859375 0.065327109375 0.10708610937499996
0 0.128356725 0.7487806499999999 0.059183815625000004 0.10725120312499996
0 0.17229062890625 0.7627850546875 0.06383512031250001 0.11579375625000007
0 0.25062183203125 0.75786023515625 0.07436980468750001 0.12458989218749998
0 0.33505647187500004 0.75786058671875 0.07791225625 0.13102293906250004
0 0.41687303671875 0.7745155945312501 0.08649919531249997 0.1357172421875
0 0.49129413046875003 0.790809490625 0.1093703953125 0.1530770812500001
0 0.5135809546875001 0.9550164156250001 0.09014931562500009 0.08996716874999997
0 0.44291444296875004 0.94667023828125 0.08903142656250003 0.10665952343750007
0 0.36696833359375003 0.9396554695312499 0.08965228906250004 0.12068906093749998
0 0.29032167734375 0.9315076140624999 0.07808123281250001 0.12431818124999996
0 0.21060044765625002 0.90040704453125 0.07231539843750001 0.11457831718749993
0 0.16750399843750002 0.8841205070312501 0.055693178125000006 0.10642256406249988