0 0.0859375 0.171875 0.0734375 0.1265625
0 0.15703125 0.15390625 0.075 0.13125
0 0.2421875 0.1484375 0.0734375 0.1265625
0 0.315625 0.16171875 0.071875 0.128125
0 0.3859375 0.1609375 0.075 0.1328125
0 0.4609375 0.18125 0.075 0.1296875
0 0.53125 0.1671875 0.071875 0.1265625
0 0.615625 0.17421875 0.0625 0.134375
0 0.69375 0.21171875 0.071875 0.1234375
0 0.7609375 0.19921875 0.065625 0.115625
0 0.82109375 0.16796875 0.0640625 0.103125
0 0.91484375 0.203125 0.0703125 0.1265625
0 0.0640625 0.3140625 0.075 0.11875
0 0.15546875 0.26015625 0.0671875 0.1078125
0 0.21484375 0.24765625 0.06875 0.1171875
0 0.2796875 0.27421875 0.071875 0.1234375
0 0.3515625 0.2828125 0.0703125 0.121875
0 0.4375 0.27734375 0.0640625 0.1171875
0 0.5046875 0.29296875 0.0703125 0.11875
0 0.57734375 0.30390625 0.0671875 0.1171875
0 0.64765625 0.30390625 0.0703125 0.1171875
0 0.73359375 0.31953125 0.0703125 0.1125
0 0.82421875 0.35234375 0.0734375 0.125
0 0.859375 0.296875 0.0625 0.1109375
0 0.91484375 0.29765625 0.0671875 0.103125
0 0.07890625 0.440625 0.0734375 0.115625
0 0.16875 0.390625 0.071875 0.11875
0 0.23828125 0.371875 0.0703125 0.1171875
0 0.32578125 0.4015625 0.071875 0.115625
0 0.40234375 0.35625 0.0625 0.1015625
0 0.46796875 0.4015625 0.06875 0.115625
0 0.53359375 0.35390625 0.059375 0.1
0 0.68046875 0.403125 0.0671875 0.1125
0 0.7578125 0.421875 0.06875 0.1125
0 0.83359375 0.41875 0.0671875 0.1015625
0 0.89765625 0.41015625 0.0640625 0.1046875
0 0.06015625 0.51484375 0.065625 0.1015625
0 0.12890625 0.525 0.06875 0.1078125
0 0.21328125 0.49375 0.0671875 0.1078125
0 0.28046875 0.46328125 0.06875 0.109375
0 0.36015625 0.50390625 0.06875 0.1125
0 0.4296875 0.4953125 0.065625 0.1078125
0 0.49609375 0.5 0.06875 0.1078125
0 0.565625 0.5046875 0.065625 0.109375
0 0.63515625 0.49296875 0.08125 0.125
0 0.70625 0.50078125 0.0625 0.109375
0 0.771875 0.484375 0.0578125 0.1015625
0 0.78828125 0.58359375 0.0640625 0.090625
0 0.85546875 0.53671875 0.0671875 0.10625
0 0.928125 0.52734375 0.065625 0.103125
0 0.8796875 0.60625 0.0625 0.1015625
0 0.659375 0.5578125 0.0734375 0.1140625
0 0.66796875 0.6125 0.0671875 0.09375
0 0.10078125 0.62109375 0.0671875 0.1046875
0 0.1828125 0.6015625 0.06875 0.109375
0 0.25234375 0.59375 0.06875 0.103125
0 0.315625 0.571875 0.0671875 0.10625
0 0.39375 0.5828125 0.0640625 0.1015625
0 0.4640625 0.61640625 0.0671875 0.10625
0 0.53359375 0.60703125 0.0671875 0.1015625
0 0.59453125 0.57890625 0.0625 0.1015625
0 0.06796875 0.7203125 0.0671875 0.103125
0 0.1578125 0.6953125 0.06875 0.0953125
0 0.1390625 0.75 0.0625 0.09375
0 0.225 0.690625 0.0671875 0.0984375
0 0.2078125 0.75859375 0.0640625 0.0953125
0 0.29765625 0.66796875 0.065625 0.1
0 0.271875 0.75703125 0.0640625 0.09375
0 0.33671875 0.7359375 0.059375 0.090625
0 0.36484375 0.6953125 0.0671875 0.1015625
0 0.43046875 0.67734375 0.065625 0.096875
0 0.4984375 0.6609375 0.059375 0.0984375
0 0.46484375 0.71015625 0.0578125 0.0828125
0 0.5203125 0.709375 0.0515625 0.090625
0 0.39765625 0.77734375 0.0671875 0.0953125
0 0.571875 0.728125 0.0640625 0.103125
0 0.590625 0.775 0.0609375 0.096875
0 0.628125 0.67890625 0.059375 0.0984375
0 0.6546875 0.7953125 0.0625 0.0953125
0 0.70234375 0.71328125 0.0640625 0.1046875
0 0.765625 0.71015625 0.0640625 0.1015625
0 0.7359375 0.82265625 0.0640625 0.096875
0 0.84765625 0.7328125 0.065625 0.0984375
0 0.92734375 0.75703125 0.0625 0.0984375
0 0.790625 0.77890625 0.05625 0.0984375
0 0.86171875 0.809375 0.0625 0.0953125
0 0.1 0.825 0.0625 0.0890625
0 0.17890625 0.83203125 0.0578125 0.090625
0 0.24375 0.8375 0.0609375 0.0859375
0 0.30703125 0.81953125 0.0609375 0.0859375
0 0.3609375 0.9078125 0.0671875 0.09375
0 0.43359375 0.84921875 0.0609375 0.09375
0 0.4953125 0.84375 0.0625 0.0921875
0 0.565625 0.9125 0.065625 0.09375
0 0.62890625 0.91875 0.0640625 0.09375
0 0.68671875 0.86328125 0.0546875 0.090625
0 0.75078125 0.8640625 0.0609375 0.0859375
0 0.80859375 0.8609375 0.0578125 0.0921875
0 0.87578125 0.884375 0.0609375 0.090625