0 0.4455107257142857 0.49948293499999996 0.014009854285714352 0.13819930999999996
0 0.46130404999999997 0.50771344 0.01484262571428571 0.14499954000000004
0 0.45395867928571426 0.63597185 0.014300144285714233 0.14298840000000004
0 0.43869834785714285 0.621590745 0.013377889999999946 0.13343788999999995
0 0.47038538999999996 0.6520495199999999 0.015233222857142842 0.14504080000000003
0 0.4116321314285714 0.49948293499999996 0.014009854285714352 0.13819930999999996
0 0.6973464171428572 0.49948293499999996 0.014009854285714352 0.13819930999999996
0 0.15979643999999998 0.49948293499999996 0.014009854285714291 0.13819930999999996
0 0.7312250114285713 0.49948293499999996 0.01400985428571427 0.13819930999999996
0 0.12591784571428571 0.49948293499999996 0.014009854285714291 0.13819930999999996
0 0.9830607028571428 0.49948293499999996 0.01400985428571419 0.13819930999999996
0 0.3958388071428572 0.50771344 0.01484262571428571 0.14499954000000004
0 0.6815530928571429 0.50771344 0.01484262571428571 0.14499954000000004
0 0.1755897642857143 0.50771344 0.01484262571428571 0.14499954000000004
0 0.7470183357142857 0.50771344 0.014842625714285792 0.14499954000000004
0 0.11012452142857143 0.50771344 0.01484262571428571 0.14499954000000004
0 0.9672673785714286 0.50771344 0.014842625714285792 0.14499954000000004
0 0.4031841778571429 0.63597185 0.014300144285714233 0.14298840000000004
0 0.6888984635714286 0.63597185 0.014300144285714233 0.14298840000000004
0 0.16824439357142856 0.63597185 0.014300144285714295 0.14298840000000004
0 0.7396729650000001 0.63597185 0.014300144285714233 0.14298840000000004
0 0.11746989214285715 0.63597185 0.014300144285714295 0.14298840000000004
0 0.9746127492857142 0.63597185 0.014300144285714233 0.14298840000000004
0 0.4184445092857143 0.621590745 0.013377889999999946 0.13343788999999995
0 0.704158795 0.621590745 0.013377889999999946 0.13343788999999995
0 0.15298406214285715 0.621590745 0.013377890000000009 0.13343788999999995
0 0.7244126335714286 0.621590745 0.013377889999999946 0.13343788999999995
0 0.13273022357142858 0.621590745 0.013377890000000009 0.13343788999999995
0 0.9898730807142858 0.621590745 0.01337789000000011 0.13343788999999995
0 0.38675746714285714 0.6520495199999999 0.015233222857142842 0.14504080000000003
0 0.6724717528571429 0.6520495199999999 0.015233222857142842 0.14504080000000003
0 0.18467110428571432 0.6520495199999999 0.015233222857142863 0.14504080000000003
0 0.7560996757142857 0.6520495199999999 0.015233222857142924 0.14504080000000003
0 0.10104318142857142 0.6520495199999999 0.015233222857142842 0.14504080000000003
0 0.9581860385714286 0.6520495199999999 0.015233222857142924 0.14504080000000003