0 0.15077196406249999 0.5191770140624999 0.02361089999999999 0.05857397187499993
0 0.17794887109375002 0.50590353359375 0.021732995312499993 0.06044317656249998
0 0.20686332968750004 0.49248047421874996 0.03116283750000002 0.06264949218750004
0 0.24976591718750002 0.48063359453124993 0.033440262500000005 0.07432438906250001
0 0.2847553078125 0.46570976562500005 0.034116662500000006 0.07628799375000002
0 0.33214008906250003 0.44334825703125 0.038841293750000006 0.07803826093749996
0 0.38552428984375 0.42866221015625 0.043750001562499995 0.08874437031249997
0 0.46258053281250006 0.4072272734375 0.04948670312500001 0.0889381625
0 0.5294713890625 0.38027352890625 0.059184384375000045 0.09976475156250002
0 0.60038195 0.3372368390625 0.06876047187499994 0.11502805
0 0.14505598828125 0.60075163203125 0.029123423437500007 0.0641283546875
0 0.13703950468749998 0.6850711484375 0.026777531249999997 0.07353741562499998
0 0.13666609296874999 0.77293837109375 0.02536533593750001 0.06975111406249992
0 0.16081406875 0.6812995453124999 0.02396552812499999 0.0717800875
0 0.171145896875 0.59541222734375 0.024032896874999987 0.06261782343750007
0 0.17049505546875002 0.7790073484375 0.03468759218749999 0.0735247062500001
0 0.21386517890625 0.58823229609375 0.030473957812499997 0.07111790781250002
0 0.19778648125 0.676410971875 0.031848625000000005 0.07274269687499997
0 0.20437442734375 0.78156825703125 0.029530373437500024 0.08140347343749994
0 0.22933007265625002 0.784060890625 0.029612192187500018 0.08609887499999998
0 0.243305965625 0.5781766898437499 0.030452075000000002 0.07293652656249998
0 0.24136600703125 0.67588230234375 0.03470788593750003 0.08051106406250001
0 0.29120331015625 0.56954401875 0.0382089578125 0.08140940625000007
0 0.28016349609375 0.67547916640625 0.037893932812499996 0.08507043593749994
0 0.27924426015625 0.7882567937499999 0.04530160781250001 0.09391996874999994
0 0.32757372734375 0.55984424921875 0.034634645312500024 0.08251141406250007
0 0.32482519765625 0.6713160281249999 0.04577061093749997 0.09397676562500008
0 0.3259807984375 0.7966065835937499 0.042245690624999985 0.09345906406249993
0 0.3829229015625 0.547425509375 0.04722944687499999 0.09200273750000001
0 0.38495443984375 0.66754326640625 0.053808385937499995 0.09912897031250001
0 0.3860184125 0.8032927601562501 0.0453125 0.09949882968750004
0 0.45324992109375 0.53145513125 0.053133092187499995 0.09984550312499998
0 0.45903381875000004 0.66306578515625 0.05912516562500007 0.1058958171875
0 0.453306159375 0.8122853640625 0.05572916875000002 0.11033419687499997
0 0.53260860234375 0.51756917109375 0.07012040156250006 0.11329987343749996
0 0.54322545 0.65747109921875 0.0671875 0.11499638281250002
0 0.5357006421875 0.8202885328124999 0.0703125 0.12684228750000007
0 0.6268832234375 0.4952356078125 0.07016589062499996 0.11472781562499997
0 0.65815244453125 0.65260844609375 0.08653640781250002 0.12923328281249996
0 0.637080625 0.83351842265625 0.08821134375000002 0.13913428281249995