0 0.28046875 0.20234375 0.075 0.05625
0 0.22265625 0.24609375 0.0734375 0.0578125
0 0.1453125 0.27421875 0.071875 0.0609375
0 0.10078125 0.32109375 0.0703125 0.0578125
0 0.05390625 0.36796875 0.0734375 0.05625
0 0.0515625 0.4203125 0.071875 0.059375
0 0.35234375 0.2203125 0.0765625 0.0625
0 0.28984375 0.25625 0.078125 0.0609375
0 0.234375 0.3015625 0.075 0.0625
0 0.16171875 0.33359375 0.078125 0.0609375
0 0.109375 0.38046875 0.0734375 0.0625
0 0.10859375 0.4546875 0.0734375 0.0640625
0 0.16796875 0.41328125 0.078125 0.0625
0 0.21796875 0.36171875 0.078125 0.0640625
0 0.28046875 0.31875 0.08125 0.0625
0 0.34453125 0.27734375 0.08125 0.059375
0 0.40859375 0.23359375 0.0828125 0.059375
0 0.48359375 0.1984375 0.0859375 0.05
0 0.48125 0.24453125 0.0875 0.065625
0 0.4140625 0.28984375 0.0875 0.0640625
0 0.3546875 0.340625 0.084375 0.0640625
0 0.29296875 0.38359375 0.084375 0.06875
0 0.23125 0.44140625 0.078125 0.0640625
0 0.1734375 0.48515625 0.0796875 0.0671875
0 0.6265625 0.2296875 0.08125 0.0625
0 0.703125 0.21796875 0.1 0.0671875
0 0.7953125 0.26171875 0.103125 0.0640625
0 0.5625 0.26328125 0.0890625 0.065625
0 0.49609375 0.3109375 0.0875 0.06875
0 0.38046875 0.40859375 0.0796875 0.0640625
0 0.3203125 0.44921875 0.078125 0.0625
0 0.2453125 0.50546875 0.078125 0.0703125
0 0.6578125 0.2953125 0.0890625 0.0625
0 0.58828125 0.33828125 0.090625 0.0640625
0 0.51796875 0.38125 0.0859375 0.0640625
0 0.4546875 0.428125 0.090625 0.065625
0 0.39453125 0.471875 0.078125 0.0609375
0 0.32734375 0.51328125 0.0828125 0.06875
0 0.40390625 0.5359375 0.084375 0.06875
0 0.465625 0.48828125 0.0859375 0.065625
0 0.5359375 0.44921875 0.0859375 0.065625
0 0.6 0.40234375 0.09375 0.0671875
0 0.67109375 0.35390625 0.0921875 0.06875
0 0.75234375 0.32265625 0.09375 0.06875
0 0.8453125 0.315625 0.10625 0.0703125
0 0.890625 0.40625 0.1171875 0.08125
0 0.68984375 0.41953125 0.0953125 0.0703125
0 0.77578125 0.38984375 0.1046875 0.0765625
0 0.61875 0.46796875 0.096875 0.06875
0 0.5484375 0.5125 0.090625 0.0734375
0 0.4859375 0.55625 0.0875 0.0671875
0 0.79453125 0.4578125 0.1046875 0.071875
0 0.70703125 0.48984375 0.1015625 0.075
0 0.63515625 0.53828125 0.096875 0.071875
0 0.57421875 0.58671875 0.0953125 0.0703125
0 0.4984375 0.621875 0.090625 0.0703125
0 0.8671875 0.50546875 0.1109375 0.078125
0 0.77265625 0.540625 0.1046875 0.071875
0 0.64453125 0.63515625 0.0953125 0.0734375
0 0.565625 0.6703125 0.096875 0.0734375
0 0.86171875 0.58125 0.1046875 0.08125
0 0.76171875 0.61484375 0.10625 0.0765625
0 0.8484375 0.6578125 0.10625 0.078125
0 0.725 0.6765625 0.0984375 0.0734375
0 0.63984375 0.71484375 0.0984375 0.078125
0 0.72265625 0.7578125 0.1015625 0.0796875
0 0.80703125 0.72265625 0.1078125 0.0828125