0 0.120703125 0.4888888888888889 0.06640625 0.08611111111111111
0 0.119140625 0.5881944444444445 0.06640625 0.09027777777777778
0 0.130078125 0.6986111111111111 0.0671875 0.08888888888888889
0 0.12890625 0.8 0.0671875 0.09166666666666666
0 0.1859375 0.49027777777777776 0.065625 0.08888888888888889
0 0.186328125 0.5875 0.065625 0.08888888888888889
0 0.196484375 0.6979166666666666 0.06484375 0.09027777777777778
0 0.195703125 0.8 0.06796875 0.09444444444444444
0 0.262890625 0.7986111111111112 0.06640625 0.09305555555555556
0 0.262890625 0.6972222222222222 0.06640625 0.09166666666666666
0 0.25234375 0.5888888888888889 0.065625 0.08888888888888889
0 0.25234375 0.49027777777777776 0.065625 0.08888888888888889
0 0.3171875 0.49236111111111114 0.0640625 0.0875
0 0.3171875 0.5881944444444445 0.0640625 0.08888888888888889
0 0.329296875 0.6965277777777777 0.065625 0.09027777777777778
0 0.330078125 0.7965277777777777 0.06796875 0.09305555555555556
0 0.4578125 0.49375 0.0640625 0.08611111111111111
0 0.451171875 0.5902777777777778 0.0640625 0.08611111111111111
0 0.454296875 0.6979166666666666 0.0640625 0.0875
0 0.453125 0.7958333333333333 0.065625 0.09166666666666666
0 0.5171875 0.7972222222222223 0.0640625 0.09166666666666666
0 0.51875 0.7006944444444444 0.0640625 0.08888888888888889
0 0.515234375 0.5923611111111111 0.06484375 0.0875
0 0.521484375 0.49583333333333335 0.0625 0.08611111111111111
0 0.5796875 0.59375 0.0640625 0.09027777777777778
0 0.586328125 0.4979166666666667 0.06640625 0.0875
0 0.5828125 0.7020833333333333 0.06484375 0.09027777777777778
0 0.581640625 0.7993055555555556 0.0640625 0.09027777777777778
0 0.64765625 0.8027777777777778 0.065625 0.09444444444444444
0 0.64765625 0.7034722222222223 0.06484375 0.09027777777777778
0 0.644140625 0.5958333333333333 0.06484375 0.08611111111111111
0 0.651171875 0.5006944444444444 0.06328125 0.0875
0 0.752734375 0.5055555555555555 0.06640625 0.08888888888888889
0 0.748828125 0.6013888888888889 0.06640625 0.09166666666666666
0 0.7515625 0.7069444444444445 0.065625 0.08888888888888889
0 0.7609375 0.8048611111111111 0.065625 0.09027777777777778
0 0.819921875 0.50625 0.0671875 0.08888888888888889
0 0.816015625 0.6034722222222222 0.0671875 0.08888888888888889
0 0.816796875 0.7076388888888889 0.06640625 0.08888888888888889
0 0.8265625 0.80625 0.065625 0.09027777777777778
0 0.885546875 0.50625 0.06640625 0.09027777777777778
0 0.8828125 0.6048611111111111 0.0671875 0.09027777777777778
0 0.883203125 0.7097222222222223 0.065625 0.09166666666666666
0 0.891796875 0.8076388888888889 0.065625 0.09027777777777778
0 0.958984375 0.8104166666666667 0.06796875 0.09027777777777778
0 0.948828125 0.7118055555555556 0.06796875 0.09166666666666666
0 0.95 0.6048611111111111 0.06875 0.0875
0 0.95234375 0.5076388888888889 0.0671875 0.0875