0 0.4543269230769231 0.0733173076923077 0.15384615384615385 0.1466346153846154
0 0.7331730769230769 0.296875 0.2403846153846154 0.24278846153846154
0 0.9278846153846154 0.29447115384615385 0.14423076923076922 0.24759615384615385
0 0.65625 0.11538461538461539 0.1346153846153846 0.23076923076923078
0 0.8449519230769231 0.11177884615384616 0.2283653846153846 0.22355769230769232
0 0.07692307692307693 0.9771634615384616 0.04807692307692308 0.04567307692307692
0 0.02403846153846154 0.9771634615384616 0.04807692307692308 0.04567307692307692
0 0.13221153846153846 0.9759615384615384 0.04807692307692308 0.04807692307692308
0 0.18629807692307693 0.9747596153846154 0.05048076923076923 0.05048076923076923
0 0.10576923076923077 0.9206730769230769 0.04807692307692308 0.08173076923076923
0 0.04807692307692308 0.9194711538461539 0.04807692307692308 0.08173076923076923
0 0.008413461538461538 0.9194711538461539 0.016826923076923076 0.07932692307692307
0 0.21634615384615385 0.9194711538461539 0.052884615384615384 0.08413461538461539
0 0.15745192307692307 0.9170673076923077 0.05048076923076923 0.08413461538461539
0 0.32091346153846156 0.8509615384615384 0.05048076923076923 0.07932692307692307
0 0.37740384615384615 0.8485576923076923 0.05048076923076923 0.07932692307692307
0 0.4338942307692308 0.8473557692307693 0.05048076923076923 0.08173076923076923
0 0.49399038461538464 0.8461538461538461 0.052884615384615384 0.08413461538461539
0 0.5528846153846154 0.84375 0.055288461538461536 0.08653846153846154
0 0.021634615384615384 0.8425480769230769 0.04326923076923077 0.07932692307692307
0 0.07692307692307693 0.8425480769230769 0.04807692307692308 0.08173076923076923
0 0.18870192307692307 0.8413461538461539 0.05048076923076923 0.08413461538461539
0 0.12980769230769232 0.8413461538461539 0.04807692307692308 0.08173076923076923
0 0.3473557692307692 0.7728365384615384 0.05048076923076923 0.07932692307692307
0 0.009615384615384616 0.7680288461538461 0.019230769230769232 0.07932692307692307
0 0.40384615384615385 0.7692307692307693 0.05048076923076923 0.08173076923076923
0 0.4651442307692308 0.7680288461538461 0.052884615384615384 0.08413461538461539
0 0.04927884615384615 0.7668269230769231 0.04807692307692308 0.08173076923076923
0 0.10096153846153846 0.765625 0.04807692307692308 0.07932692307692307
0 0.5216346153846154 0.7644230769230769 0.052884615384615384 0.08653846153846154
0 0.15625 0.7632211538461539 0.04807692307692308 0.08413461538461539
0 0.21754807692307693 0.7608173076923077 0.052884615384615384 0.08413461538461539
0 0.5721153846153846 0.7596153846153846 0.03365384615384615 0.08653846153846154
0 0.3173076923076923 0.6995192307692307 0.05048076923076923 0.08173076923076923
0 0.3762019230769231 0.6935096153846154 0.04807692307692308 0.07692307692307693
0 0.021634615384615384 0.6899038461538461 0.04326923076923077 0.08173076923076923
0 0.43149038461538464 0.6899038461538461 0.05048076923076923 0.08413461538461539
0 0.07451923076923077 0.6899038461538461 0.04807692307692308 0.08413461538461539
0 0.49278846153846156 0.6862980769230769 0.05048076923076923 0.08173076923076923
0 0.12980769230769232 0.6862980769230769 0.04807692307692308 0.08173076923076923
0 0.18509615384615385 0.6850961538461539 0.052884615384615384 0.08413461538461539
0 0.5528846153846154 0.6814903846153846 0.052884615384615384 0.08413461538461539
0 0.3485576923076923 0.6165865384615384 0.04807692307692308 0.07932692307692307
0 0.40625 0.6141826923076923 0.05048076923076923 0.07932692307692307
0 0.46033653846153844 0.609375 0.05048076923076923 0.07932692307692307
0 0.04807692307692308 0.6081730769230769 0.04567307692307692 0.08173076923076923
0 0.008413461538461538 0.6057692307692307 0.016826923076923076 0.08173076923076923
0 0.10096153846153846 0.6069711538461539 0.04807692307692308 0.08173076923076923
0 0.2127403846153846 0.6057692307692307 0.05048076923076923 0.08413461538461539
0 0.15745192307692307 0.5985576923076923 0.04807692307692308 0.08413461538461539
0 0.5709134615384616 0.5985576923076923 0.036057692307692304 0.08173076923076923
0 0.5216346153846154 0.5961538461538461 0.05048076923076923 0.08413461538461539
0 0.013221153846153846 0.4807692307692308 0.026442307692307692 0.08173076923076923
0 0.052884615384615384 0.4735576923076923 0.04567307692307692 0.07932692307692307
0 0.10576923076923077 0.46875 0.04567307692307692 0.08173076923076923
0 0.15985576923076922 0.4651442307692308 0.04807692307692308 0.07932692307692307
0 0.2247596153846154 0.45552884615384615 0.05048076923076923 0.07451923076923077
0 0.36177884615384615 0.4567307692307692 0.05048076923076923 0.07692307692307693
0 0.4230769230769231 0.45552884615384615 0.052884615384615384 0.07451923076923077
0 0.48197115384615385 0.4519230769230769 0.055288461538461536 0.0673076923076923
0 0.5408653846153846 0.4483173076923077 0.052884615384615384 0.06009615384615385
0 0.027644230769230768 0.42908653846153844 0.04567307692307692 0.021634615384615384
0 0.078125 0.4266826923076923 0.05048076923076923 0.016826923076923076
0 0.9242788461538461 0.9651442307692307 0.15144230769230768 0.06971153846153846
0 0.6478365384615384 0.9543269230769231 0.11778846153846154 0.09134615384615384
0 0.7415865384615384 0.8329326923076923 0.30528846153846156 0.21394230769230768
0 0.6141826923076923 0.7764423076923077 0.05048076923076923 0.16346153846153846
0 0.9711538461538461 0.7740384615384616 0.057692307692307696 0.16346153846153846
0 0.8990384615384616 0.6574519230769231 0.20192307692307693 0.21394230769230768
0 0.7211538461538461 0.6081730769230769 0.24759615384615385 0.16826923076923078
0 0.6887019230769231 0.5012019230769231 0.19951923076923078 0.1658653846153846
0 0.8088942307692307 0.9543269230769231 0.17548076923076922 0.09134615384615384