0 0.66226117265625 0.15119035625 0.11738416718749996 0.134541409375
0 0.69256281875 0.26548544140625 0.13041208750000005 0.14126196406249997
0 0.5983795781250001 0.24818790234375002 0.12147431249999992 0.1328151015625
0 0.48784639921875 0.2161200875 0.11290702656249998 0.127044015625
0 0.46178558046875 0.11303894531249999 0.1058170171875 0.123422878125
0 0.3978648515625 0.19729646875 0.10800979687500001 0.12360799062500001
0 0.33437952578124996 0.17273950937500002 0.09409263593750002 0.111532803125
0 0.3237807625 0.07337937578125 0.10230715937500001 0.12475068281250001
0 0.2597176375 0.14216799375 0.09615598437499999 0.11022964375000002
0 0.1692509125 0.1166638578125 0.08959049999999999 0.11228834062500001
0 0.10818316796875001 0.123474596875 0.0733971015625 0.09981196875000001
0 0.152051290625 0.045125882812500004 0.08530717187499999 0.087294559375
0 0.14209361484375 0.21225801328125 0.0946991609375 0.10904349218750001
0 0.05649265859375 0.29171327890625004 0.0569547109375 0.0952575328125
0 0.09374223749999999 0.28977329531249996 0.07523699687499999 0.09685697812499998
0 0.15661290156250002 0.306848703125 0.08996743125000002 0.10852218124999999
0 0.29006066796874996 0.27563079375 0.10465837968750002 0.11721247500000001
0 0.22958225390624998 0.35782948281250004 0.10028111093749999 0.11873771249999998
0 0.30910716875 0.37603265234375 0.09695401874999998 0.11688550156249997
0 0.38737788515625005 0.41595289921875 0.10229302656250003 0.12263271406249995
0 0.48048571796875006 0.4393208796875 0.11030932343749997 0.12994309062500004
0 0.45196922421875 0.32803190703125 0.10802856718750005 0.12301751406250001
0 0.05624093593749999 0.38506104921875 0.0777699375 0.09317954531250003
0 0.02568075546875 0.46355652265625 0.0513615109375 0.09835727656250004
0 0.07179937578125 0.47799753593750005 0.0828464140625 0.104112540625
0 0.12139033046874999 0.512927190625 0.09333302031249999 0.11516135000000008
0 0.14196868671875001 0.4101067203125 0.0868253640625 0.10212432812499998
0 0.1916315 0.4803010757812499 0.092959296875 0.10654569218749996
0 0.230760646875 0.55607331484375 0.10231420624999998 0.11249395468750008
0 0.30269366953125 0.49399398359374996 0.1279728984375 0.13622903906249997
0 0.47433070703125 0.5604474679687501 0.12042009218750005 0.1342702734375
0 0.31494765625000004 0.6016541015625 0.11862903125000002 0.12818125937500008
0 0.40223349296875 0.62588128359375 0.12158572031249996 0.13759457343750006
0 0.48031485859374995 0.67785076015625 0.12085302968749997 0.13321767343749996
0 0.6885199320312501 0.62746948203125 0.1482033109375 0.15200694218750002
0 0.614812165625 0.7056586484375 0.12977325000000003 0.128717940625
0 0.72313622734375 0.7506560171875 0.14379367656250003 0.15022639687500003
0 0.03128151640625 0.5688972492187501 0.0625630328125 0.10283189531249999
0 0.033945732812500004 0.6680193125 0.06789146562500001 0.11019980937499999
0 0.08961329296875001 0.6973654937499999 0.09544962031250001 0.122045725
0 0.14834528515625 0.6320483687499999 0.0895461546875 0.11410606250000006
0 0.15829692265625 0.7360317914062501 0.09826072968750002 0.12076204218750002
0 0.29620485468749996 0.7075317632812499 0.100638546875 0.12168062343750004
0 0.23614379140625 0.7789095414062499 0.0977868703125 0.11538653593749996
0 0.31398744921875005 0.8246485523437499 0.1120016734375 0.1372130765625
0 0.40665932265625004 0.8794680757812501 0.11594386406250004 0.13084041718750009
0 0.48143360468749996 0.7997937054687501 0.129818571875 0.14955450468749998
0 0.5028587382812499 0.92622240859375 0.13806307968749998 0.14755518281250007