0 0.1125 0.228515625 0.215625 0.33828125
0 0.2953125 0.454296875 0.196875 0.28359375
0 0.49921875 0.422265625 0.2265625 0.33203125
0 0.76796875 0.349609375 0.1859375 0.28359375
0 0.82578125 0.597265625 0.1578125 0.25078125
0 0.6515625 0.633984375 0.2 0.28984375
0 0.44453125 0.678515625 0.1984375 0.26328125
0 0.2453125 0.737109375 0.190625 0.25546875
0 0.073921875 0.7571875 0.147859375 0.276109375
0 0.942390625 0.40268750000000003 0.115234375 0.30928125
0 0.078125 0.44312500000000005 0.15625 0.273890625
0 0.961921875 0.686140625 0.076171875 0.266796875