0 0.42734375 0.03359375 0.05 0.0671875
0 0.48984375 0.02265625 0.053125 0.0453125
0 0.40703125 0.12890625 0.0484375 0.0984375
0 0.45625 0.1375 0.040625 0.0921875
0 0.49375 0.11796875 0.0515625 0.1078125
0 0.521875 0.16484375 0.0375 0.0921875
0 0.31875 0.2078125 0.0453125 0.0921875
0 0.3796875 0.20390625 0.0421875 0.0875
0 0.43046875 0.20703125 0.04375 0.1
0 0.48359375 0.209375 0.0453125 0.0984375
0 0.5703125 0.18359375 0.046875 0.1046875
0 0.6125 0.23828125 0.0453125 0.10625
0 0.30703125 0.29609375 0.0421875 0.0875
0 0.35859375 0.3109375 0.04375 0.090625
0 0.40546875 0.28515625 0.0421875 0.0875
0 0.4484375 0.29765625 0.0453125 0.090625
0 0.5203125 0.2921875 0.04375 0.0953125
0 0.5703125 0.3234375 0.0484375 0.1015625
0 0.60546875 0.2984375 0.0328125 0.06875
0 0.6734375 0.33046875 0.04375 0.1
0 0.27265625 0.37578125 0.0421875 0.09375
0 0.321875 0.38515625 0.0453125 0.0859375
0 0.3921875 0.36171875 0.0390625 0.0890625
0 0.42578125 0.36796875 0.04375 0.09375
0 0.48984375 0.3546875 0.0421875 0.0921875
0 0.5328125 0.3765625 0.04375 0.0859375
0 0.5828125 0.396875 0.046875 0.096875
0 0.653125 0.41796875 0.0421875 0.09375
0 0.70546875 0.37421875 0.04375 0.090625
0 0.73984375 0.421875 0.040625 0.09375
0 0.684375 0.4515625 0.046875 0.0890625
0 0.61015625 0.43828125 0.04375 0.08125
0 0.55 0.43671875 0.0375 0.0796875
0 0.5078125 0.44609375 0.0453125 0.0859375
0 0.46484375 0.41640625 0.040625 0.0828125
0 0.41796875 0.4390625 0.040625 0.090625
0 0.3671875 0.44921875 0.046875 0.0875
0 0.3 0.446875 0.0421875 0.0796875
0 0.259375 0.4359375 0.0390625 0.0875
0 0.215625 0.52578125 0.040625 0.0796875
0 0.259375 0.51796875 0.040625 0.0828125
0 0.30078125 0.52578125 0.040625 0.0828125
0 0.34140625 0.51640625 0.0421875 0.08125
0 0.390625 0.52734375 0.04375 0.0796875
0 0.44765625 0.50234375 0.0390625 0.0828125
0 0.484375 0.55234375 0.0421875 0.084375
0 0.528125 0.54765625 0.04375 0.090625
0 0.55703125 0.5515625 0.0328125 0.0765625
0 0.5765625 0.503125 0.0390625 0.078125
0 0.609375 0.56171875 0.0421875 0.08125
0 0.64140625 0.5109375 0.04375 0.08125
0 0.68125 0.528125 0.04375 0.090625
0 0.71171875 0.5671875 0.0390625 0.084375
0 0.75625 0.5421875 0.0390625 0.096875
0 0.78125 0.475 0.0421875 0.090625
0 0.8078125 0.5328125 0.040625 0.08125
0 0.82265625 0.61484375 0.040625 0.0859375
0 0.78359375 0.66015625 0.040625 0.0796875
0 0.74765625 0.69296875 0.04375 0.084375
0 0.69140625 0.65390625 0.0421875 0.0828125
0 0.6484375 0.59765625 0.04375 0.0828125
0 0.63359375 0.690625 0.04375 0.0859375
0 0.6734375 0.73671875 0.028125 0.11875
0 0.58203125 0.6296875 0.040625 0.08125
0 0.59296875 0.671875 0.0390625 0.071875
0 0.6234375 0.7734375 0.0359375 0.0875
0 0.58359375 0.78203125 0.0375 0.075
0 0.559375 0.7640625 0.0421875 0.0796875
0 0.5421875 0.66328125 0.0421875 0.078125
0 0.51640625 0.5921875 0.0375 0.071875
0 0.48984375 0.7 0.040625 0.0875
0 0.5140625 0.7171875 0.0359375 0.0765625
0 0.44765625 0.63125 0.0375 0.08125
0 0.425 0.5796875 0.0421875 0.0796875
0 0.428125 0.6953125 0.0390625 0.0828125
0 0.4671875 0.7578125 0.0453125 0.08125
0 0.3953125 0.65078125 0.0421875 0.0875
0 0.3640625 0.59453125 0.040625 0.0828125
0 0.328125 0.584375 0.0390625 0.084375
0 0.38125 0.72109375 0.040625 0.0765625
0 0.4046875 0.7859375 0.040625 0.071875
0 0.446875 0.77109375 0.03125 0.0734375
0 0.34375 0.69296875 0.040625 0.084375
0 0.3375 0.725 0.040625 0.0578125
0 0.31484375 0.653125 0.0375 0.078125
0 0.29453125 0.57734375 0.0359375 0.0625
0 0.27578125 0.64296875 0.0375 0.0734375
0 0.25625 0.578125 0.04375 0.0671875
0 0.22578125 0.66328125 0.040625 0.0828125
0 0.18203125 0.62109375 0.040625 0.08125
0 0.18515625 0.68046875 0.0375 0.065625
0 0.221875 0.71640625 0.0359375 0.0671875
0 0.25546875 0.725 0.040625 0.075
0 0.2953125 0.7234375 0.0390625 0.078125
0 0.32734375 0.76640625 0.0359375 0.0671875
0 0.36171875 0.79765625 0.040625 0.075
0 0.16484375 0.73515625 0.0375 0.0734375
0 0.12421875 0.790625 0.0359375 0.0671875
0 0.15703125 0.7796875 0.0359375 0.06875
0 0.1890625 0.80703125 0.0390625 0.071875
0 0.2453125 0.7875 0.0390625 0.075
0 0.2296875 0.84921875 0.0390625 0.0765625
0 0.09921875 0.8796875 0.0390625 0.071875
0 0.13125 0.940625 0.0296875 0.0828125
0 0.15859375 0.9703125 0.0390625 0.05625
0 0.1515625 0.84375 0.0375 0.0796875
0 0.1828125 0.85390625 0.0390625 0.06875
0 0.19609375 0.9625 0.0390625 0.0734375
0 0.2421875 0.946875 0.0390625 0.06875
0 0.265625 0.86328125 0.0390625 0.0765625
0 0.28359375 0.95078125 0.0390625 0.0734375
0 0.27578125 0.815625 0.0390625 0.078125
0 0.31015625 0.840625 0.0359375 0.071875
0 0.346875 0.84765625 0.040625 0.075
0 0.365625 0.93828125 0.0390625 0.0765625
0 0.40703125 0.9265625 0.0390625 0.0765625
0 0.453125 0.92734375 0.040625 0.0765625
0 0.3921875 0.8265625 0.0359375 0.06875
0 0.428125 0.83046875 0.0390625 0.0734375
0 0.4734375 0.846875 0.040625 0.0765625
0 0.490625 0.78984375 0.0359375 0.0765625
0 0.53046875 0.80234375 0.0390625 0.078125
0 0.509375 0.8953125 0.040625 0.08125
0 0.49296875 0.928125 0.040625 0.0765625
0 0.534375 0.9265625 0.0390625 0.075
0 0.559375 0.88515625 0.0390625 0.0734375
0 0.58203125 0.94765625 0.0421875 0.075
0 0.60703125 0.8484375 0.040625 0.0796875
0 0.6515625 0.8203125 0.0390625 0.0734375
0 0.63359375 0.925 0.0359375 0.0765625
0 0.67421875 0.91484375 0.0375 0.075
0 0.71484375 0.903125 0.040625 0.0890625
0 0.74375 0.95703125 0.040625 0.0765625
0 0.77578125 0.89296875 0.04375 0.0859375
0 0.784375 0.93515625 0.040625 0.0703125
0 0.7375 0.809375 0.0453125 0.0828125
0 0.68203125 0.77265625 0.0390625 0.0734375
0 0.76015625 0.71953125 0.0359375 0.0609375
0 0.8078125 0.6921875 0.0375 0.0859375
0 0.8546875 0.67734375 0.046875 0.078125
0 0.790625 0.78828125 0.04375 0.08125
0 0.8453125 0.7890625 0.0390625 0.0796875
0 0.88203125 0.77734375 0.0421875 0.0828125
0 0.81640625 0.8484375 0.0421875 0.0828125
0 0.8375 0.934375 0.040625 0.0765625
0 0.8703125 0.87578125 0.0421875 0.08125
0 0.890625 0.95234375 0.040625 0.071875
0 0.925 0.91328125 0.0328125 0.075
0 0.009375 0.96171875 0.01875 0.0734375