0 0.02810456953125 0.54786923359375 0.0562091390625 0.0939544609375
0 0.0655156125 0.47034935390624993 0.065292428125 0.10406477968750005
0 0.12608319453125 0.4769954921875 0.06518020156250001 0.10023401874999997
0 0.0897672078125 0.55346239296875 0.06148548125000001 0.08929060156249999
0 0.18771323515625 0.44664784687500003 0.05496866093749999 0.046134231249999935
0 0.22136015156249997 0.5844734453125 0.184613015625 0.28191132812499997
0 0.12227695468750002 0.81866652265625 0.18827873437500003 0.2642071703125001
0 0.31062453125 0.3468210578125 0.20667793750000002 0.29460655625000004
0 0.43198686718749996 0.56574794609375 0.20136239374999998 0.28775212968749997
0 0.32435714453125 0.8084760875000001 0.19705464843749998 0.28247410000000006
0 0.5220181273437501 0.81175566015625 0.2028396328125 0.2753521390625
0 0.5681612914062499 0.35767043515625 0.1992648734375 0.2895975046875
0 0.6565599093750001 0.6149087132812501 0.22194308437499996 0.3127381140625
0 0.7748755351562501 0.36473933125 0.21399264843750004 0.313704025
0 0.8688539953125 0.6221342265625001 0.20121522499999997 0.29004644687500003
0 0.75478407734375 0.8184595109374999 0.21018032656250005 0.22117877187499993