0 0.13671875 0.57734375 0.0265625 0.0328125
0 0.15703125 0.58984375 0.028125 0.0359375
0 0.19609375 0.58515625 0.0296875 0.0328125
0 0.225 0.58828125 0.0265625 0.034375
0 0.25390625 0.596875 0.0265625 0.034375
0 0.2828125 0.59765625 0.025 0.034375
0 0.30859375 0.60703125 0.028125 0.0328125
0 0.3375 0.6078125 0.028125 0.034375
0 0.3640625 0.6125 0.0265625 0.03125
0 0.38828125 0.59765625 0.028125 0.0328125
0 0.41796875 0.56953125 0.028125 0.0359375
0 0.38828125 0.56015625 0.0296875 0.0359375
0 0.3625 0.57578125 0.028125 0.034375
0 0.3484375 0.5453125 0.028125 0.034375
0 0.334375 0.56953125 0.028125 0.0359375
0 0.31484375 0.54765625 0.028125 0.0359375
0 0.296875 0.58046875 0.028125 0.034375
0 0.28515625 0.54296875 0.028125 0.0375
0 0.27265625 0.56484375 0.021875 0.0328125
0 0.2578125 0.5375 0.028125 0.0328125
0 0.23984375 0.56953125 0.028125 0.034375
0 0.2359375 0.52265625 0.03125 0.053125
0 0.203125 0.56171875 0.028125 0.034375
0 0.1921875 0.525 0.0328125 0.034375
0 0.18046875 0.55234375 0.0234375 0.0359375
0 0.1671875 0.51484375 0.028125 0.034375
0 0.16015625 0.53984375 0.0203125 0.03125
0 0.1296875 0.54140625 0.028125 0.034375
0 0.125 0.51484375 0.0296875 0.0375
0 0.1453125 0.4828125 0.028125 0.0390625
0 0.11953125 0.46875 0.028125 0.0359375
0 0.09453125 0.43984375 0.03125 0.04375
0 0.11484375 0.4 0.028125 0.0359375
0 0.140625 0.4046875 0.0296875 0.0375
0 0.15 0.44296875 0.0171875 0.03125
0 0.1640625 0.44375 0.03125 0.0375
0 0.1890625 0.47890625 0.0203125 0.034375
0 0.20859375 0.4953125 0.028125 0.0375
0 0.25703125 0.49375 0.0265625 0.0328125
0 0.275 0.50703125 0.0265625 0.0375
0 0.30703125 0.5046875 0.0234375 0.0359375
0 0.33046875 0.51484375 0.028125 0.0359375
0 0.3765625 0.52734375 0.028125 0.0328125
0 0.40546875 0.53515625 0.028125 0.0375
0 0.43828125 0.5421875 0.028125 0.0375
0 0.45 0.509375 0.025 0.0375
0 0.41953125 0.50859375 0.028125 0.0375
0 0.390625 0.50390625 0.0265625 0.0375
0 0.36171875 0.4953125 0.028125 0.0359375
0 0.3453125 0.465625 0.0265625 0.0390625
0 0.31328125 0.478125 0.028125 0.0390625
0 0.2890625 0.471875 0.0265625 0.034375
0 0.2515625 0.46875 0.0296875 0.0375
0 0.234375 0.4578125 0.0140625 0.0234375
0 0.2015625 0.45625 0.028125 0.0375
0 0.21640625 0.415625 0.028125 0.0375
0 0.17109375 0.384375 0.0296875 0.0359375
0 0.13515625 0.36328125 0.03125 0.0390625
0 0.16171875 0.34296875 0.0328125 0.0390625
0 0.1984375 0.32421875 0.0265625 0.0375
0 0.2203125 0.34140625 0.028125 0.0390625
0 0.215625 0.38203125 0.0296875 0.0375
0 0.2484375 0.36640625 0.0265625 0.0375
0 0.2625 0.39921875 0.028125 0.0375
0 0.24140625 0.4328125 0.0265625 0.0375
0 0.2796875 0.43203125 0.028125 0.0359375
0 0.30625 0.4390625 0.0296875 0.034375
0 0.3375 0.4265625 0.0234375 0.0359375
0 0.35859375 0.40078125 0.0296875 0.0359375
0 0.3625 0.4390625 0.0296875 0.0390625
0 0.38203125 0.4671875 0.0265625 0.0390625
0 0.4109375 0.46640625 0.025 0.034375
0 0.43671875 0.4765625 0.028125 0.0375
0 0.4671875 0.4796875 0.0265625 0.0375
0 0.45546875 0.44296875 0.028125 0.0375
0 0.42421875 0.44296875 0.028125 0.0359375
0 0.39765625 0.4328125 0.0265625 0.040625
0 0.415625 0.40390625 0.0296875 0.0390625
0 0.38984375 0.3953125 0.028125 0.0359375
0 0.4546875 0.40546875 0.0296875 0.0375
0 0.4796875 0.4265625 0.0296875 0.0375
0 0.48203125 0.384375 0.028125 0.0359375
0 0.4625 0.3546875 0.0296875 0.0375
0 0.43515625 0.37265625 0.028125 0.040625
0 0.4421875 0.32734375 0.0296875 0.0375
0 0.415625 0.3046875 0.0296875 0.0390625
0 0.39140625 0.31953125 0.028125 0.034375
0 0.37734375 0.359375 0.0296875 0.040625
0 0.35234375 0.36171875 0.028125 0.0390625
0 0.35859375 0.32265625 0.03125 0.0359375
0 0.36953125 0.28203125 0.028125 0.0390625
0 0.325 0.34375 0.03125 0.0390625
0 0.3234375 0.38359375 0.0296875 0.0359375
0 0.30703125 0.4 0.028125 0.0359375
0 0.28203125 0.37578125 0.021875 0.0453125
0 0.30390625 0.36171875 0.0296875 0.0390625
0 0.28359375 0.328125 0.03125 0.0390625
0 0.25546875 0.3296875 0.028125 0.0390625
0 0.25859375 0.28984375 0.03125 0.040625
0 0.23125 0.303125 0.03125 0.0390625
0 0.44765625 0.6203125 0.025 0.03125
0 0.4765625 0.63671875 0.0265625 0.03125
0 0.50390625 0.659375 0.028125 0.0328125
0 0.5359375 0.64453125 0.0234375 0.0328125
0 0.56171875 0.64609375 0.0234375 0.034375
0 0.5875 0.65703125 0.025 0.0359375
0 0.61953125 0.678125 0.0265625 0.034375
0 0.6421875 0.67265625 0.0265625 0.0375
0 0.671875 0.684375 0.0265625 0.034375
0 0.69140625 0.67421875 0.0234375 0.028125
0 0.71328125 0.671875 0.025 0.0296875
0 0.746875 0.66171875 0.0265625 0.0328125
0 0.75234375 0.69375 0.0265625 0.034375
0 0.775 0.69296875 0.025 0.0328125
0 0.8109375 0.69140625 0.0265625 0.034375
0 0.79765625 0.646875 0.03125 0.034375
0 0.8203125 0.63828125 0.0265625 0.034375
0 0.76953125 0.63359375 0.0265625 0.0328125
0 0.7421875 0.621875 0.0265625 0.034375
0 0.72109375 0.646875 0.025 0.0296875
0 0.7109375 0.6109375 0.025 0.034375
0 0.68984375 0.6421875 0.0234375 0.028125
0 0.665625 0.63984375 0.0265625 0.034375
0 0.63984375 0.62890625 0.0265625 0.0359375
0 0.61328125 0.62734375 0.0234375 0.03125
0 0.58515625 0.61640625 0.0265625 0.0265625
0 0.55859375 0.6078125 0.0234375 0.028125
0 0.53359375 0.609375 0.0265625 0.0328125
0 0.50859375 0.6 0.0265625 0.0359375
0 0.478125 0.59765625 0.0265625 0.03125
0 0.45078125 0.590625 0.0265625 0.0359375
0 0.46484375 0.55546875 0.028125 0.0375
0 0.49140625 0.56796875 0.0265625 0.0359375
0 0.51796875 0.57109375 0.0265625 0.0359375
0 0.54609375 0.584375 0.028125 0.034375
0 0.578125 0.59609375 0.028125 0.0359375
0 0.60390625 0.590625 0.025 0.034375
0 0.63359375 0.59140625 0.028125 0.03125
0 0.65625 0.59765625 0.0265625 0.0328125
0 0.6875 0.6 0.0265625 0.034375
0 0.70625 0.5765625 0.0265625 0.0328125
0 0.734375 0.59140625 0.03125 0.0359375
0 0.76328125 0.5953125 0.03125 0.034375
0 0.8125 0.6140625 0.0265625 0.0359375
0 0.84375 0.6078125 0.0265625 0.034375
0 0.834375 0.57734375 0.0296875 0.034375
0 0.85859375 0.5765625 0.025 0.034375
0 0.86640625 0.54375 0.0265625 0.0359375
0 0.8421875 0.53984375 0.028125 0.0359375
0 0.8125 0.5421875 0.03125 0.0359375
0 0.7984375 0.56953125 0.025 0.03125
0 0.778125 0.54296875 0.028125 0.034375
0 0.74453125 0.55546875 0.0265625 0.03125
0 0.72421875 0.55078125 0.028125 0.0359375
0 0.690625 0.53828125 0.0234375 0.0328125
0 0.66796875 0.5625 0.025 0.028125
0 0.64453125 0.559375 0.028125 0.03125
0 0.65390625 0.52265625 0.0265625 0.0328125
0 0.6296875 0.5296875 0.0265625 0.0359375
0 0.61796875 0.559375 0.0265625 0.03125
0 0.58984375 0.55546875 0.028125 0.028125
0 0.59453125 0.52421875 0.0265625 0.034375
0 0.56796875 0.52421875 0.028125 0.0359375
0 0.5609375 0.55234375 0.025 0.0328125
0 0.5375 0.540625 0.028125 0.0359375
0 0.50703125 0.54140625 0.0265625 0.034375
0 0.4828125 0.51796875 0.0296875 0.0359375
0 0.52890625 0.49765625 0.028125 0.0359375
0 0.4984375 0.49375 0.0265625 0.0390625
0 0.525 0.459375 0.028125 0.03125
0 0.55703125 0.45390625 0.0265625 0.0359375
0 0.58125 0.42578125 0.0265625 0.0359375
0 0.596875 0.45625 0.028125 0.0375
0 0.57421875 0.4828125 0.025 0.0328125
0 0.60078125 0.490625 0.028125 0.034375
0 0.64375 0.49921875 0.0265625 0.034375
0 0.625 0.4609375 0.028125 0.0375
0 0.61015625 0.42109375 0.028125 0.034375
0 0.63203125 0.39765625 0.028125 0.0375
0 0.6640625 0.39921875 0.028125 0.0375
0 0.64921875 0.4375 0.028125 0.040625
0 0.665625 0.4546875 0.0265625 0.0359375
0 0.67578125 0.5 0.028125 0.0359375
0 0.70390625 0.50546875 0.028125 0.034375
0 0.70078125 0.46796875 0.0296875 0.040625
0 0.6890625 0.42890625 0.03125 0.0390625
0 0.71796875 0.4265625 0.028125 0.0375
0 0.728125 0.4671875 0.028125 0.040625
0 0.73046875 0.50625 0.0265625 0.034375
0 0.7578125 0.5234375 0.028125 0.0375
0 0.7578125 0.478125 0.0296875 0.0390625
0 0.7515625 0.43125 0.0296875 0.0390625
0 0.78125 0.43515625 0.028125 0.0375
0 0.78359375 0.4703125 0.028125 0.0375
0 0.821875 0.434375 0.0296875 0.0359375
0 0.8203125 0.475 0.0265625 0.0328125
0 0.8484375 0.4765625 0.0296875 0.0375
0 0.8546875 0.50625 0.028125 0.0328125
0 0.81875 0.50390625 0.0265625 0.0296875