0 0.24519230769230768 0.2548076923076923 0.1658653846153846 0.22596153846153846
0 0.6995192307692307 0.016826923076923076 0.13942307692307693 0.03365384615384615
0 0.9338942307692307 0.026442307692307692 0.13221153846153846 0.052884615384615384
0 0.8533653846153846 0.0889423076923077 0.12259615384615384 0.1778846153846154
0 0.7451923076923077 0.15745192307692307 0.13701923076923078 0.23557692307692307
0 0.953125 0.19230769230769232 0.09375 0.2692307692307692
0 0.8930288461538461 0.28125 0.1201923076923077 0.18269230769230768
0 0.7319711538461539 0.3269230769230769 0.14182692307692307 0.0889423076923077
0 0.13341346153846154 0.40024038461538464 0.07211538461538461 0.055288461538461536
0 0.056490384615384616 0.40024038461538464 0.07211538461538461 0.055288461538461536
0 0.28125 0.6334134615384616 0.07692307692307693 0.15144230769230768
0 0.2091346153846154 0.640625 0.07451923076923077 0.15384615384615385
0 0.0625 0.6418269230769231 0.07211538461538461 0.1466346153846154
0 0.1346153846153846 0.6490384615384616 0.07451923076923077 0.14903846153846154
0 0.015625 0.6502403846153846 0.03125 0.1466346153846154
0 0.01201923076923077 0.40865384615384615 0.02403846153846154 0.07451923076923077
0 0.5600961538461539 0.75 0.055288461538461536 0.16105769230769232
0 0.49399038461538464 0.7548076923076923 0.08173076923076923 0.16105769230769232
0 0.41586538461538464 0.7620192307692307 0.08173076923076923 0.15384615384615385
0 0.33774038461538464 0.7680288461538461 0.07692307692307693 0.15625
0 0.05048076923076923 0.7728365384615384 0.07211538461538461 0.14182692307692307
0 0.26322115384615385 0.7740384615384616 0.07692307692307693 0.15144230769230768
0 0.18990384615384615 0.7776442307692307 0.07211538461538461 0.14903846153846154
0 0.007211538461538462 0.7764423076923077 0.014423076923076924 0.13942307692307693
0 0.1201923076923077 0.7824519230769231 0.07451923076923077 0.1466346153846154
0 0.5432692307692307 0.8990384615384616 0.08653846153846154 0.16105769230769232
0 0.37740384615384615 0.9038461538461539 0.0673076923076923 0.15384615384615385
0 0.03365384615384615 0.9026442307692307 0.0673076923076923 0.14182692307692307
0 0.24158653846153846 0.90625 0.07451923076923077 0.15144230769230768
0 0.3112980769230769 0.90625 0.07451923076923077 0.15384615384615385
0 0.171875 0.9074519230769231 0.07211538461538461 0.14903846153846154
0 0.10096153846153846 0.9086538461538461 0.06971153846153846 0.14423076923076922
0 0.41586538461538464 0.9242788461538461 0.08653846153846154 0.15144230769230768
0 0.030048076923076924 0.9783653846153846 0.06009615384615385 0.04326923076923077
0 0.08774038461538461 0.9807692307692307 0.06490384615384616 0.038461538461538464
0 0.2956730769230769 0.9819711538461539 0.07451923076923077 0.036057692307692304
0 0.14783653846153846 0.9831730769230769 0.07451923076923077 0.03365384615384615
0 0.22235576923076922 0.9819711538461539 0.07451923076923077 0.036057692307692304
0 0.3545673076923077 0.9795673076923077 0.055288461538461536 0.040865384615384616
0 0.5180288461538461 0.9807692307692307 0.0889423076923077 0.038461538461538464
0 0.40384615384615385 0.9915865384615384 0.08653846153846154 0.016826923076923076
0 0.5492788461538461 0.44350961538461536 0.07692307692307693 0.14423076923076922
0 0.4735576923076923 0.46153846153846156 0.0889423076923077 0.16826923076923078
0 0.38221153846153844 0.4735576923076923 0.08173076923076923 0.16346153846153846
0 0.30408653846153844 0.4891826923076923 0.07932692307692307 0.15865384615384615
0 0.23076923076923078 0.49759615384615385 0.07692307692307693 0.15625
0 0.08173076923076923 0.5036057692307693 0.07692307692307693 0.15144230769230768
0 0.15745192307692307 0.5120192307692307 0.07692307692307693 0.15144230769230768
0 0.026442307692307692 0.5120192307692307 0.052884615384615384 0.14423076923076922
0 0.5721153846153846 0.5793269230769231 0.03125 0.16826923076923078
0 0.5180288461538461 0.6045673076923077 0.0889423076923077 0.16346153846153846
0 0.43028846153846156 0.6141826923076923 0.07932692307692307 0.1658653846153846
0 0.35697115384615385 0.6274038461538461 0.07932692307692307 0.15865384615384615
0 0.20673076923076922 0.39302884615384615 0.0625 0.04326923076923077
0 0.27283653846153844 0.39663461538461536 0.08173076923076923 0.05048076923076923
0 0.7752403846153846 0.6502403846153846 0.37259615384615385 0.5576923076923077