0 0.4481794157142857 0.56722703 0.017700942857142892 0.24537665999999994
0 0.4722578935714286 0.567998645 0.01744061857142859 0.23457397000000008
0 0.49256191 0.5973204099999999 0.01874216857142853 0.23766041999999993
0 0.5122802335714286 0.61583939 0.01887232999999997 0.24074694000000002
0 0.4354469585714285 0.789455015 0.013751060000000004 0.24537679000000012
0 0.45683464928571427 0.796399885 0.01939293857142851 0.23457403
0 0.47876558999999996 0.8195484500000001 0.01718031428571432 0.2314873999999999
0 0.5008266785714285 0.84501198 0.017831085714285645 0.2330307400000001
0 0.5230179278571429 0.85504313 0.02160554142857141 0.25309304
0 0.40896344142857144 0.56722703 0.017700942857142892 0.24537665999999994
0 0.6946777271428571 0.56722703 0.017700942857142892 0.24537665999999994
0 0.16246513 0.56722703 0.01770094285714287 0.24537665999999994
0 0.7338937014285715 0.56722703 0.017700942857142892 0.24537665999999994
0 0.1232491557142857 0.56722703 0.01770094285714287 0.24537665999999994
0 0.9803920128571428 0.56722703 0.017700942857142892 0.24537665999999994
0 0.38488496357142854 0.567998645 0.01744061857142859 0.23457397000000008
0 0.6705992492857142 0.567998645 0.01744061857142859 0.23457397000000008
0 0.18654360785714286 0.567998645 0.01744061857142857 0.23457397000000008
0 0.7579721792857144 0.567998645 0.01744061857142859 0.23457397000000008
0 0.09917067785714287 0.567998645 0.01744061857142857 0.23457397000000008
0 0.9563135349999999 0.567998645 0.01744061857142859 0.23457397000000008
0 0.3645809471428571 0.5973204099999999 0.01874216857142853 0.23766041999999993
0 0.6502952328571429 0.5973204099999999 0.01874216857142853 0.23766041999999993
0 0.2068476242857143 0.5973204099999999 0.01874216857142857 0.23766041999999993
0 0.7782761957142859 0.5973204099999999 0.018742168571428693 0.23766041999999993
0 0.07886666142857143 0.5973204099999999 0.01874216857142857 0.23766041999999993
0 0.9360095185714284 0.5973204099999999 0.018742168571428693 0.23766041999999993
0 0.3448626235714286 0.61583939 0.01887233000000001 0.24074694000000002
0 0.6305769092857143 0.61583939 0.01887232999999997 0.24074694000000002
0 0.22656594785714285 0.61583939 0.01887233000000001 0.24074694000000002
0 0.7979945192857143 0.61583939 0.01887232999999989 0.24074694000000002
0 0.05914833785714285 0.61583939 0.01887233 0.24074694000000002
0 0.916291195 0.61583939 0.01887232999999989 0.24074694000000002
0 0.4216958985714286 0.789455015 0.013751060000000004 0.24537679000000012
0 0.7074101842857143 0.789455015 0.013751060000000004 0.24537679000000012
0 0.14973267285714287 0.789455015 0.013751060000000004 0.24537679000000012
0 0.7211612442857143 0.789455015 0.013751060000000004 0.24537679000000012
0 0.13598161285714286 0.789455015 0.013751060000000004 0.24537679000000012
0 0.99312447 0.789455015 0.013751059999999923 0.24537679000000012
0 0.4003082078571429 0.796399885 0.01939293857142851 0.23457403
0 0.6860224935714286 0.796399885 0.01939293857142851 0.23457403
0 0.17112036357142857 0.796399885 0.019392938571428573 0.23457403
0 0.742548935 0.796399885 0.019392938571428594 0.23457403
0 0.11459392214285714 0.796399885 0.019392938571428573 0.23457403
0 0.9717367792857143 0.796399885 0.019392938571428594 0.23457403
0 0.3783772671428572 0.8195484500000001 0.01718031428571432 0.2314873999999999
0 0.6640915528571429 0.8195484500000001 0.01718031428571432 0.2314873999999999
0 0.19305130428571432 0.8195484500000001 0.017180314285714277 0.2314873999999999
0 0.7644798757142858 0.8195484500000001 0.017180314285714402 0.2314873999999999
0 0.09266298142857142 0.8195484500000001 0.017180314285714277 0.2314873999999999
0 0.9498058385714284 0.8195484500000001 0.017180314285714402 0.2314873999999999
0 0.35631617857142855 0.84501198 0.017831085714285728 0.2330307400000001
0 0.6420304642857143 0.84501198 0.017831085714285645 0.2330307400000001
0 0.21511239285714287 0.84501198 0.017831085714285728 0.2330307400000001
0 0.7865409642857143 0.84501198 0.017831085714285728 0.2330307400000001
0 0.07060189285714286 0.84501198 0.017831085714285717 0.2330307400000001
0 0.92774475 0.84501198 0.017831085714285728 0.2330307400000001
0 0.3341249292857143 0.85504313 0.02160554142857141 0.25309304
0 0.619839215 0.85504313 0.02160554142857141 0.25309304
0 0.23730364214285715 0.85504313 0.02160554142857141 0.25309304
0 0.8087322135714285 0.85504313 0.02160554142857141 0.25309304
0 0.048410643571428574 0.85504313 0.02160554142857143 0.25309304
0 0.9055535007142858 0.85504313 0.02160554142857141 0.25309304