0 0.63046875 0.135546875 0.1640625 0.21796875
0 0.7921875 0.190625 0.11875 0.190625
0 0.915625 0.223828125 0.09375 0.16953125
0 0.95625 0.377734375 0.0875 0.15859375
0 0.85234375 0.362890625 0.1140625 0.17578125
0 0.7125 0.34296875 0.153125 0.1953125
0 0.52578125 0.315234375 0.1984375 0.23359375
0 0.40546875 0.517578125 0.2453125 0.25703125
0 0.6125 0.52109375 0.165625 0.2140625
0 0.775 0.519921875 0.134375 0.18359375
0 0.89765625 0.519921875 0.1046875 0.16484375
0 0.21484375 0.762890625 0.3140625 0.29765625
0 0.478125 0.72578125 0.209375 0.2421875
0 0.68203125 0.703125 0.1546875 0.203125
0 0.82109375 0.676953125 0.1203125 0.17265625
0 0.5671875 0.8984375 0.190625 0.203125
0 0.73828125 0.855859375 0.1328125 0.19296875
0 0.86484375 0.8140625 0.1046875 0.16875
0 0.928125 0.6578125 0.090625 0.15625
0 0.86484375 0.812109375 0.1046875 0.17109375