0 0.5311264257142857 0.575343175 0.009088651428571423 0.17391467000000005
0 0.4952023314285714 0.6153340350000001 0.011671745714285748 0.17661206999999998
0 0.4635833907142856 0.626553685 0.013298132857142864 0.18108355000000004
0 0.3260164314285714 0.575343175 0.009088651428571423 0.17391467000000005
0 0.6117307171428571 0.575343175 0.009088651428571423 0.17391467000000005
0 0.24541214 0.575343175 0.009088651428571423 0.17391467000000005
0 0.8168407114285714 0.575343175 0.009088651428571341 0.17391467000000005
0 0.04030214571428572 0.575343175 0.009088651428571428 0.17391467000000005
0 0.8974450028571429 0.575343175 0.009088651428571341 0.17391467000000005
0 0.36194052571428575 0.6153340350000001 0.011671745714285748 0.17661206999999998
0 0.6476548114285715 0.6153340350000001 0.011671745714285748 0.17661206999999998
0 0.20948804571428573 0.6153340350000001 0.011671745714285708 0.17661206999999998
0 0.7809166171428572 0.6153340350000001 0.011671745714285829 0.17661206999999998
0 0.07622624 0.6153340350000001 0.011671745714285718 0.17661206999999998
0 0.933369097142857 0.6153340350000001 0.011671745714285829 0.17661206999999998
0 0.3935594664285715 0.626553685 0.013298132857142864 0.18108355000000004
0 0.6792737521428572 0.626553685 0.013298132857142864 0.18108355000000004
0 0.177869105 0.626553685 0.013298132857142864 0.18108355000000004
0 0.7492976764285715 0.626553685 0.013298132857142946 0.18108355000000004
0 0.10784518071428571 0.626553685 0.013298132857142844 0.18108355000000004
0 0.9649880378571428 0.626553685 0.013298132857142946 0.18108355000000004