0 0.27884615384615385 0.2692307692307692 0.16346153846153846 0.22596153846153846
0 0.8737980769230769 0.13701923076923078 0.25240384615384615 0.27163461538461536
0 0.27403846153846156 0.8100961538461539 0.18509615384615385 0.14423076923076922
0 0.09134615384615384 0.8028846153846154 0.18269230769230768 0.14423076923076922
0 0.2764423076923077 0.6682692307692307 0.18990384615384615 0.14182692307692307
0 0.09134615384615384 0.6610576923076923 0.18269230769230768 0.14423076923076922
0 0.2800480769230769 0.5492788461538461 0.19471153846153846 0.10576923076923077
0 0.09495192307692307 0.5384615384615384 0.18990384615384615 0.08173076923076923
0 0.27163461538461536 0.9399038461538461 0.19230769230769232 0.1201923076923077
0 0.08413461538461539 0.9387019230769231 0.16826923076923078 0.12259615384615384
0 0.47475961538461536 0.9423076923076923 0.14423076923076922 0.11538461538461539
0 0.6911057692307693 0.9483173076923077 0.14182692307692307 0.10336538461538461
0 0.9074519230769231 0.9158653846153846 0.125 0.16826923076923078
0 0.5985576923076923 0.9050480769230769 0.15144230769230768 0.18990384615384615
0 0.8173076923076923 0.8473557692307693 0.1346153846153846 0.25
0 0.7115384615384616 0.7331730769230769 0.14903846153846154 0.27163461538461536
0 0.9170673076923077 0.7067307692307693 0.12740384615384615 0.2403846153846154
0 0.5841346153846154 0.6911057692307693 0.16346153846153846 0.2956730769230769
0 0.7776442307692307 0.5805288461538461 0.13942307692307693 0.1658653846153846
0 0.9290865384615384 0.5408653846153846 0.13221153846153846 0.08653846153846154
0 0.5769230769230769 0.5180288461538461 0.055288461538461536 0.040865384615384616
0 0.6322115384615384 0.5024038461538461 0.057692307692307696 0.009615384615384616