0 0.404296875 0.15208333333333332 0.25546875 0.30416666666666664
0 0.605859375 0.07222222222222222 0.20703125 0.14444444444444443
0 0.792578125 0.05138888888888889 0.175 0.10277777777777777
0 0.930859375 0.1361111111111111 0.1328125 0.2722222222222222
0 0.93203125 0.43472222222222223 0.13046875 0.325
0 0.796484375 0.26180555555555557 0.2 0.3472222222222222
0 0.595703125 0.3090277777777778 0.21796875 0.37083333333333335
0 0.3921875 0.4861111111111111 0.26875 0.39305555555555555
0 0.7953125 0.5951388888888889 0.196875 0.35
0 0.599609375 0.6645833333333333 0.22109375 0.3680555555555556
0 0.40703125 0.8284722222222223 0.25546875 0.33611111111111114
0 0.5984375 0.9131944444444444 0.21796875 0.16666666666666666
0 0.803125 0.8777777777777778 0.196875 0.2375
0 0.926953125 0.7527777777777778 0.14140625 0.3388888888888889