0 0.9302884615384616 0.2283653846153846 0.09375 0.11778846153846154
0 0.5637019230769231 0.25 0.09615384615384616 0.13221153846153846
0 0.46274038461538464 0.25 0.10096153846153846 0.12740384615384615
0 0.6610576923076923 0.25721153846153844 0.0985576923076923 0.1346153846153846
0 0.7548076923076923 0.25841346153846156 0.09134615384615384 0.12259615384615384
0 0.8449519230769231 0.25961538461538464 0.09134615384615384 0.1201923076923077
0 0.2620192307692308 0.2620192307692308 0.09134615384615384 0.1201923076923077
0 0.3581730769230769 0.2668269230769231 0.0985576923076923 0.12980769230769232
0 0.16466346153846154 0.27283653846153844 0.0985576923076923 0.12740384615384615
0 0.06971153846153846 0.2764423076923077 0.0889423076923077 0.1201923076923077
0 0.9723557692307693 0.30528846153846156 0.055288461538461536 0.12980769230769232
0 0.828125 0.037259615384615384 0.09615384615384616 0.07211538461538461
0 0.41466346153846156 0.36658653846153844 0.10096153846153846 0.13221153846153846
0 0.515625 0.36658653846153844 0.0985576923076923 0.13701923076923078
0 0.10336538461538461 0.36658653846153844 0.09375 0.12740384615384615
0 0.6129807692307693 0.36778846153846156 0.09134615384615384 0.12740384615384615
0 0.8076923076923077 0.36778846153846156 0.09375 0.12259615384615384
0 0.7127403846153846 0.3701923076923077 0.09375 0.12259615384615384
0 0.30408653846153844 0.375 0.09134615384615384 0.12740384615384615
0 0.8990384615384616 0.375 0.09134615384615384 0.12980769230769232
0 0.20793269230769232 0.3798076923076923 0.10096153846153846 0.1346153846153846
0 0.028846153846153848 0.38100961538461536 0.057692307692307696 0.125
0 0.9519230769230769 0.042067307692307696 0.0889423076923077 0.08173076923076923
0 0.35216346153846156 0.4651442307692308 0.10576923076923077 0.14182692307692307
0 0.9591346153846154 0.4735576923076923 0.07932692307692307 0.14903846153846154
0 0.5625 0.47716346153846156 0.09615384615384616 0.12740384615384615
0 0.46033653846153844 0.47716346153846156 0.10576923076923077 0.14182692307692307
0 0.6670673076923077 0.48197115384615385 0.09375 0.13221153846153846
0 0.7692307692307693 0.4855769230769231 0.10576923076923077 0.13942307692307693
0 0.6574519230769231 0.05048076923076923 0.0889423076923077 0.10096153846153846
0 0.8689903846153846 0.49158653846153844 0.09615384615384616 0.1346153846153846
0 0.2548076923076923 0.4963942307692308 0.10096153846153846 0.13942307692307693
0 0.052884615384615384 0.4963942307692308 0.10336538461538461 0.13701923076923078
0 0.15504807692307693 0.5024038461538461 0.10096153846153846 0.14182692307692307
0 0.5637019230769231 0.051682692307692304 0.09615384615384616 0.10336538461538461
0 0.7439903846153846 0.054086538461538464 0.08653846153846154 0.10576923076923077
0 0.4639423076923077 0.054086538461538464 0.0985576923076923 0.10817307692307693
0 0.36538461538461536 0.055288461538461536 0.08653846153846154 0.10336538461538461
0 0.26802884615384615 0.055288461538461536 0.08653846153846154 0.10817307692307693
0 0.6165865384615384 0.5925480769230769 0.10576923076923077 0.15144230769230768
0 0.5144230769230769 0.5997596153846154 0.09615384615384616 0.14182692307692307
0 0.08774038461538461 0.06009615384615385 0.08653846153846154 0.10336538461538461
0 0.7235576923076923 0.6009615384615384 0.10817307692307693 0.15625
0 0.8257211538461539 0.609375 0.0985576923076923 0.13701923076923078
0 0.40024038461538464 0.6105769230769231 0.10817307692307693 0.14423076923076922
0 0.09014423076923077 0.6141826923076923 0.09615384615384616 0.13701923076923078
0 0.9266826923076923 0.6153846153846154 0.10817307692307693 0.15384615384615385
0 0.20072115384615385 0.6165865384615384 0.09615384615384616 0.13701923076923078
0 0.2956730769230769 0.6177884615384616 0.09375 0.13701923076923078
0 0.18269230769230768 0.0625 0.08653846153846154 0.10576923076923077
0 0.5661057692307693 0.7283653846153846 0.10817307692307693 0.15625
0 0.4579326923076923 0.7307692307692307 0.10817307692307693 0.15144230769230768
0 0.6766826923076923 0.7355769230769231 0.10817307692307693 0.15865384615384615
0 0.34615384615384615 0.7367788461538461 0.10096153846153846 0.13942307692307693
0 0.13942307692307693 0.7367788461538461 0.10576923076923077 0.15625
0 0.9723557692307693 0.7367788461538461 0.055288461538461536 0.1466346153846154
0 0.7848557692307693 0.7379807692307693 0.10576923076923077 0.15865384615384615
0 0.24158653846153846 0.7391826923076923 0.0985576923076923 0.13942307692307693
0 0.04326923076923077 0.7391826923076923 0.08653846153846154 0.15625
0 0.8894230769230769 0.7427884615384616 0.10096153846153846 0.14182692307692307
0 0.39663461538461536 0.8509615384615384 0.11298076923076923 0.1658653846153846
0 0.5108173076923077 0.8641826923076923 0.11057692307692307 0.16346153846153846
0 0.6189903846153846 0.8653846153846154 0.10096153846153846 0.14903846153846154
0 0.06971153846153846 0.8653846153846154 0.11298076923076923 0.16346153846153846
0 0.7355769230769231 0.8653846153846154 0.10336538461538461 0.14903846153846154
0 0.2920673076923077 0.8665865384615384 0.10817307692307693 0.16105769230769232
0 0.18509615384615385 0.8737980769230769 0.10817307692307693 0.16346153846153846
0 0.8461538461538461 0.875 0.11057692307692307 0.1658653846153846
0 0.9483173076923077 0.8762019230769231 0.10096153846153846 0.16105769230769232
0 0.45072115384615385 0.953125 0.11538461538461539 0.09134615384615384
0 0.6802884615384616 0.9555288461538461 0.11538461538461539 0.08653846153846154
0 0.33533653846153844 0.9555288461538461 0.11538461538461539 0.08653846153846154
0 0.5673076923076923 0.9579326923076923 0.11538461538461539 0.08173076923076923
0 0.22716346153846154 0.9603365384615384 0.10336538461538461 0.07451923076923077
0 0.7884615384615384 0.9627403846153846 0.10336538461538461 0.06971153846153846
0 0.1201923076923077 0.9639423076923077 0.10576923076923077 0.0673076923076923
0 0.9098557692307693 0.9651442307692307 0.10576923076923077 0.06490384615384616
0 0.8822115384615384 0.11899038461538461 0.09615384615384616 0.1201923076923077
0 0.40625 0.12860576923076922 0.0985576923076923 0.12740384615384615
0 0.3088942307692308 0.13341346153846154 0.09375 0.12980769230769232
0 0.21033653846153846 0.1346153846153846 0.0985576923076923 0.13221153846153846
0 0.5120192307692307 0.14543269230769232 0.0889423076923077 0.11538461538461539
0 0.6153846153846154 0.1466346153846154 0.08653846153846154 0.11538461538461539
0 0.796875 0.1466346153846154 0.0889423076923077 0.11778846153846154
0 0.7055288461538461 0.15144230769230768 0.0889423076923077 0.11298076923076923
0 0.9711538461538461 0.15504807692307693 0.057692307692307696 0.12980769230769232
0 0.12379807692307693 0.15865384615384615 0.0889423076923077 0.12259615384615384
0 0.039663461538461536 0.1622596153846154 0.07932692307692307 0.125
0 0.018028846153846152 0.05048076923076923 0.036057692307692304 0.10096153846153846
0 0.03125 0.9639423076923077 0.0625 0.07211538461538461
0 0.014423076923076924 0.5973557692307693 0.028846153846153848 0.12740384615384615
0 0.01201923076923077 0.2692307692307692 0.02403846153846154 0.12259615384615384