0 0.3485576923076923 0.18509615384615385 0.0985576923076923 0.1346153846153846
0 0.4326923076923077 0.2403846153846154 0.08413461538461539 0.12740384615384615
0 0.27524038461538464 0.2644230769230769 0.10336538461538461 0.13221153846153846
0 0.36778846153846156 0.31850961538461536 0.09615384615384616 0.12980769230769232
0 0.47716346153846156 0.34375 0.08173076923076923 0.1201923076923077
0 0.23076923076923078 0.38341346153846156 0.10817307692307693 0.13942307692307693
0 0.6370192307692307 0.39903846153846156 0.07451923076923077 0.11778846153846154
0 0.5432692307692307 0.4182692307692308 0.07932692307692307 0.11778846153846154
0 0.41586538461538464 0.4254807692307692 0.08653846153846154 0.12259615384615384
0 0.328125 0.4326923076923077 0.09615384615384616 0.12259615384615384
0 0.6730769230769231 0.49038461538461536 0.06490384615384616 0.11298076923076923
0 0.4807692307692308 0.5024038461538461 0.08413461538461539 0.11538461538461539
0 0.17908653846153846 0.5024038461538461 0.10817307692307693 0.13221153846153846
0 0.5841346153846154 0.5180288461538461 0.07451923076923077 0.11057692307692307
0 0.78125 0.5216346153846154 0.0625 0.10576923076923077
0 0.3798076923076923 0.5348557692307693 0.09134615384615384 0.12259615384615384
0 0.2800480769230769 0.5432692307692307 0.10096153846153846 0.12740384615384615
0 0.7127403846153846 0.5733173076923077 0.06490384615384616 0.10576923076923077
0 0.6382211538461539 0.5889423076923077 0.06971153846153846 0.10576923076923077
0 0.8894230769230769 0.59375 0.055288461538461536 0.10096153846153846
0 0.8293269230769231 0.5997596153846154 0.0625 0.11057692307692307
0 0.4411057692307692 0.6045673076923077 0.08653846153846154 0.11778846153846154
0 0.5372596153846154 0.6057692307692307 0.07932692307692307 0.11538461538461539
0 0.12139423076923077 0.6213942307692307 0.11298076923076923 0.13701923076923078
0 0.3329326923076923 0.6430288461538461 0.09615384615384616 0.12259615384615384
0 0.028846153846153848 0.6442307692307693 0.057692307692307696 0.13942307692307693
0 0.7512019230769231 0.6502403846153846 0.06490384615384616 0.10096153846153846
0 0.22956730769230768 0.6622596153846154 0.10817307692307693 0.14182692307692307
0 0.6730769230769231 0.6706730769230769 0.06490384615384616 0.10576923076923077
0 0.5901442307692307 0.6730769230769231 0.07451923076923077 0.11057692307692307
0 0.9266826923076923 0.6730769230769231 0.055288461538461536 0.10096153846153846
0 0.8569711538461539 0.6802884615384616 0.057692307692307696 0.0985576923076923
0 0.4855769230769231 0.7019230769230769 0.07932692307692307 0.11538461538461539
0 0.4074519230769231 0.7175480769230769 0.08653846153846154 0.125
0 0.7908653846153846 0.7259615384615384 0.0625 0.10096153846153846
0 0.9723557692307693 0.7475961538461539 0.052884615384615384 0.09375
0 0.7259615384615384 0.75 0.0673076923076923 0.10576923076923077
0 0.6189903846153846 0.7512019230769231 0.07211538461538461 0.10576923076923077
0 0.8774038461538461 0.7512019230769231 0.06009615384615385 0.10096153846153846
0 0.07211538461538461 0.7524038461538461 0.1201923076923077 0.13942307692307693
0 0.28725961538461536 0.7632211538461539 0.10096153846153846 0.12740384615384615
0 0.5372596153846154 0.7644230769230769 0.07692307692307693 0.11057692307692307
0 0.1778846153846154 0.7872596153846154 0.10817307692307693 0.13221153846153846
0 0.8112980769230769 0.7980769230769231 0.057692307692307696 0.09615384615384616
0 0.890625 0.8064903846153846 0.055288461538461536 0.08653846153846154
0 0.4483173076923077 0.8149038461538461 0.08413461538461539 0.12259615384615384
0 0.9771634615384616 0.8197115384615384 0.04326923076923077 0.0889423076923077
0 0.6538461538461539 0.8233173076923077 0.0673076923076923 0.10576923076923077
0 0.7548076923076923 0.8293269230769231 0.0625 0.10096153846153846
0 0.3605769230769231 0.8305288461538461 0.09134615384615384 0.12259615384615384
0 0.5793269230769231 0.8461538461538461 0.07451923076923077 0.10817307692307693
0 0.8461538461538461 0.859375 0.055288461538461536 0.09615384615384616
0 0.027644230769230768 0.8641826923076923 0.055288461538461536 0.14903846153846154
0 0.5024038461538461 0.8701923076923077 0.07932692307692307 0.11298076923076923
0 0.10216346153846154 0.8774038461538461 0.10576923076923077 0.13221153846153846
0 0.23677884615384615 0.8798076923076923 0.10096153846153846 0.12740384615384615
0 0.921875 0.8798076923076923 0.052884615384615384 0.09134615384615384
0 0.7836538461538461 0.890625 0.0625 0.0985576923076923
0 0.5985576923076923 0.8990384615384616 0.057692307692307696 0.0889423076923077
0 0.6935096153846154 0.9014423076923077 0.06490384615384616 0.10336538461538461
0 0.39663461538461536 0.9086538461538461 0.08413461538461539 0.11778846153846154
0 0.9771634615384616 0.9146634615384616 0.04326923076923077 0.09134615384615384
0 0.8810096153846154 0.9387019230769231 0.05048076923076923 0.09615384615384616
0 0.3137019230769231 0.9375 0.09375 0.12259615384615384
0 0.5372596153846154 0.9399038461538461 0.07451923076923077 0.10576923076923077
0 0.16466346153846154 0.9483173076923077 0.10336538461538461 0.10336538461538461
0 0.46153846153846156 0.9555288461538461 0.07932692307692307 0.08653846153846154
0 0.8473557692307693 0.9603365384615384 0.06009615384615385 0.07451923076923077
0 0.7403846153846154 0.9627403846153846 0.06490384615384616 0.07451923076923077
0 0.6454326923076923 0.9639423076923077 0.06971153846153846 0.06971153846153846
0 0.052884615384615384 0.9663461538461539 0.10576923076923077 0.06490384615384616
0 0.5637019230769231 0.9723557692307693 0.06971153846153846 0.052884615384615384