0 0.5277644230769231 0.16346153846153846 0.05889423076923077 0.0842948717948718
0 0.4695913461538462 0.1596153846153846 0.058653846153846154 0.08493589743589744
0 0.5853365384615384 0.1671474358974359 0.058173076923076925 0.08365384615384615
0 0.6421875 0.17163461538461539 0.05841346153846154 0.08012820512820513
0 0.4662259615384615 0.29919871794871794 0.057451923076923074 0.07852564102564102
0 0.21322115384615384 0.4790064102564103 0.05913461538461538 0.07467948717948718
0 0.40721153846153846 0.5439102564102564 0.05384615384615385 0.06923076923076923
0 0.35120192307692305 0.15128205128205127 0.061778846153846156 0.08557692307692308
0 0.29735576923076923 0.41955128205128206 0.05793269230769231 0.07532051282051282
0 0.35420673076923076 0.5416666666666666 0.05504807692307692 0.07019230769230769
0 0.35372596153846153 0.4219551282051282 0.05673076923076923 0.0733974358974359
0 0.4594951923076923 0.5448717948717948 0.05360576923076923 0.06923076923076923
0 0.43689903846153844 0.36330128205128204 0.05673076923076923 0.07692307692307693
0 0.3248798076923077 0.35657051282051283 0.058173076923076925 0.07692307692307693
0 0.434375 0.4857371794871795 0.05432692307692308 0.07147435897435897
0 0.15504807692307693 0.4782051282051282 0.059375 0.07564102564102564
0 0.10504807692307692 0.13509615384615384 0.06610576923076923 0.08397435897435897
0 0.40853365384615387 0.42451923076923076 0.05576923076923077 0.07275641025641026
0 0.5217548076923076 0.3022435897435897 0.05721153846153846 0.0782051282051282
0 0.3813701923076923 0.483974358974359 0.05552884615384615 0.07179487179487179
0 0.4830528846153846 0.6014423076923077 0.052403846153846155 0.06794871794871794
0 0.4626201923076923 0.4272435897435897 0.05576923076923077 0.07307692307692308
0 0.5111778846153846 0.5466346153846153 0.053125 0.06891025641025642
0 0.6001201923076923 0.37067307692307694 0.055288461538461536 0.07467948717948718
0 0.8492788461538462 0.32067307692307695 0.05336538461538461 0.07467948717948718
0 0.23990384615384616 0.4171474358974359 0.058653846153846154 0.07596153846153846
0 0.41057692307692306 0.15576923076923077 0.06057692307692308 0.08493589743589744
0 0.4875 0.4878205128205128 0.05432692307692308 0.07051282051282051
0 0.5461538461538461 0.3684294871794872 0.055288461538461536 0.075
0 0.40997596153846155 0.29599358974358975 0.05889423076923077 0.08012820512820513
0 0.43930288461538464 0.22868589743589743 0.059375 0.08173076923076923
0 0.675 0.43477564102564104 0.05432692307692308 0.07179487179487179
0 0.26658653846153846 0.3540064102564103 0.05961538461538462 0.07692307692307693
0 0.5161057692307692 0.42932692307692305 0.05456730769230769 0.07275641025641026
0 0.5396634615384616 0.4897435897435897 0.054086538461538464 0.07083333333333333
0 0.8106971153846154 0.18637820512820513 0.05576923076923077 0.07788461538461539
0 0.09735576923076923 0.47676282051282054 0.05889423076923077 0.07660256410256411
0 0.38100961538461536 0.36025641025641025 0.058173076923076925 0.07692307692307693
0 0.27331730769230766 0.5982371794871795 0.05576923076923077 0.06955128205128205
0 0.5694711538461539 0.43141025641025643 0.05480769230769231 0.07211538461538461
0 0.38125 0.22532051282051282 0.06009615384615385 0.08173076923076923
0 0.2993990384615385 0.5405448717948718 0.05673076923076923 0.07083333333333333
0 0.6228365384615384 0.4338141025641026 0.05384615384615385 0.07211538461538461
0 0.23521634615384615 0.2865384615384615 0.06153846153846154 0.08076923076923077
0 0.8306490384615385 0.2551282051282051 0.05480769230769231 0.07628205128205129
0 0.32632211538461536 0.48173076923076924 0.05673076923076923 0.07147435897435897
0 0.3524038461538462 0.2923076923076923 0.05889423076923077 0.07852564102564102
0 0.17487980769230768 0.2831730769230769 0.06274038461538461 0.0810897435897436
0 0.42980769230769234 0.7094551282051282 0.051201923076923075 0.06506410256410257
0 0.7474759615384615 0.49743589743589745 0.05336538461538461 0.07019230769230769
0 0.3802884615384615 0.5993589743589743 0.05384615384615385 0.06891025641025642
0 0.2943509615384615 0.28878205128205126 0.06081730769230769 0.0798076923076923
0 0.3534855769230769 0.6556089743589744 0.054086538461538464 0.06794871794871794
0 0.20733173076923078 0.35176282051282054 0.06057692307692308 0.07756410256410257
0 0.18052884615384615 0.41586538461538464 0.05985576923076923 0.07724358974358975
0 0.8147836538461538 0.38108974358974357 0.05360576923076923 0.07275641025641026
0 0.07956730769230769 0.20721153846153847 0.0625 0.08237179487179487
0 0.5623798076923077 0.5480769230769231 0.051923076923076926 0.0685897435897436
0 0.7146634615384615 0.5520833333333334 0.05456730769230769 0.06794871794871794
0 0.43197115384615387 0.6004807692307692 0.05336538461538461 0.06826923076923076
0 0.32211538461538464 0.22147435897435896 0.06081730769230769 0.08237179487179487
0 0.14783653846153846 0.3490384615384615 0.06009615384615385 0.07884615384615384
0 0.05348557692307692 0.27740384615384617 0.061778846153846156 0.08173076923076923
0 0.4050480769230769 0.6565705128205128 0.052884615384615384 0.06762820512820512
0 0.1141826923076923 0.2796474358974359 0.061778846153846156 0.08141025641025641
0 0.5338942307692308 0.6027243589743589 0.05144230769230769 0.06602564102564103
0 0.7407451923076923 0.31314102564102564 0.055288461538461536 0.075
0 0.6948317307692308 0.49455128205128207 0.054086538461538464 0.07019230769230769
0 0.4794471153846154 0.7091346153846154 0.05096153846153846 0.06474358974358975
0 0.7204326923076924 0.246474358974359 0.056490384615384616 0.07756410256410257
0 0.2747596153846154 0.7102564102564103 0.05456730769230769 0.06602564102564103
0 0.4963942307692308 0.23301282051282052 0.05841346153846154 0.08141025641025641
0 0.7554086538461539 0.1814102564102564 0.056971153846153845 0.07916666666666666
0 0.6866586538461539 0.3104166666666667 0.05625 0.07660256410256411
0 0.29086538461538464 0.14743589743589744 0.0625 0.08557692307692308
0 0.5915865384615384 0.49166666666666664 0.052884615384615384 0.06955128205128205
0 0.2016826923076923 0.21474358974358973 0.06201923076923077 0.08173076923076923
0 0.6133413461538462 0.5495192307692308 0.052884615384615384 0.06794871794871794
0 0.4561298076923077 0.6557692307692308 0.05216346153846154 0.06634615384615385
0 0.6431490384615385 0.4932692307692308 0.052884615384615384 0.07019230769230769
0 0.2620192307692308 0.21842948717948718 0.0625 0.08173076923076923
0 0.7663461538461539 0.5549679487179487 0.05216346153846154 0.06826923076923076
0 0.21875 0.5974358974358974 0.05600961538461539 0.07083333333333333
0 0.6984375 0.1766025641025641 0.056971153846153845 0.0798076923076923
0 0.5528846153846154 0.23637820512820512 0.05793269230769231 0.0810897435897436
0 0.9007211538461538 0.32371794871794873 0.05024038461538462 0.07596153846153846
0 0.2298076923076923 0.1440705128205128 0.06346153846153846 0.0842948717948718
0 0.24435096153846153 0.5394230769230769 0.056971153846153845 0.07147435897435897
0 0.5061298076923076 0.6564102564102564 0.050721153846153846 0.06474358974358975
0 0.7276442307692308 0.43798076923076923 0.05456730769230769 0.07147435897435897
0 0.3004807692307692 0.6556089743589744 0.055288461538461536 0.06826923076923076
0 0.49170673076923077 0.3658653846153846 0.05721153846153846 0.07660256410256411
0 0.7955528846153846 0.3173076923076923 0.05504807692307692 0.07435897435897436
0 0.7079326923076923 0.37548076923076923 0.05456730769230769 0.07371794871794872
0 0.6088942307692308 0.23942307692307693 0.05721153846153846 0.08044871794871795
0 0.2704326923076923 0.4806089743589744 0.058173076923076925 0.0733974358974359
0 0.5837740384615384 0.6038461538461538 0.051923076923076926 0.06698717948717949
0 0.5282451923076923 0.7099358974358975 0.05096153846153846 0.06538461538461539
0 0.6650240384615385 0.24326923076923077 0.057451923076923074 0.0798076923076923
0 0.16826923076923078 0.13958333333333334 0.06394230769230769 0.08525641025641026
0 0.12211538461538461 0.41346153846153844 0.05889423076923077 0.07660256410256411
0 0.6638221153846153 0.5504807692307693 0.05144230769230769 0.06698717948717949
0 0.10588942307692308 0.597275641025641 0.056971153846153845 0.07051282051282051
0 0.06394230769230769 0.41169871794871793 0.058653846153846154 0.07756410256410257
0 0.16887019230769232 0.7094551282051282 0.05504807692307692 0.0673076923076923
0 0.32740384615384616 0.5983974358974359 0.05480769230769231 0.06955128205128205
0 0.7800480769230769 0.44022435897435896 0.054086538461538464 0.07147435897435897
0 0.32740384615384616 0.7100961538461539 0.052884615384615384 0.06602564102564103
0 0.6842548076923077 0.6060897435897435 0.050721153846153846 0.06570512820512821
0 0.7606971153846154 0.37772435897435896 0.05432692307692308 0.07435897435897436
0 0.22235576923076922 0.7094551282051282 0.05384615384615385 0.06666666666666667
0 0.8326923076923077 0.4426282051282051 0.05360576923076923 0.07083333333333333
0 0.8647836538461539 0.1907051282051282 0.05360576923076923 0.07692307692307693
0 0.5556490384615385 0.657051282051282 0.05096153846153846 0.06570512820512821
0 0.1622596153846154 0.5975961538461538 0.05793269230769231 0.07019230769230769
0 0.6055288461538462 0.6584935897435897 0.05048076923076923 0.06474358974358975
0 0.8497596153846154 0.5017628205128205 0.050721153846153846 0.06891025641025642
0 0.7987980769230769 0.49903846153846154 0.05264423076923077 0.06923076923076923
0 0.453125 0.7616987179487179 0.04927884615384615 0.06442307692307692
0 0.14086538461538461 0.21057692307692308 0.06322115384615384 0.08397435897435897
0 0.7760817307692308 0.2512820512820513 0.056490384615384616 0.07852564102564102
0 0.7858173076923077 0.6112179487179488 0.05144230769230769 0.06634615384615385
0 0.37908653846153845 0.7107371794871795 0.053125 0.06506410256410257
0 0.1140625 0.7096153846153846 0.05600961538461539 0.06602564102564103
0 0.7346153846153847 0.6081730769230769 0.051682692307692304 0.06602564102564103
0 0.0890625 0.3471153846153846 0.05961538461538462 0.07916666666666666
0 0.30204326923076924 0.7628205128205128 0.052884615384615384 0.0641025641025641
0 0.8165865384615385 0.5564102564102564 0.05144230769230769 0.06826923076923076
0 0.6341346153846154 0.6049679487179487 0.05144230769230769 0.06698717948717949
0 0.7038461538461539 0.6607371794871795 0.05048076923076923 0.06538461538461539
0 0.353125 0.7631410256410256 0.051682692307692304 0.06442307692307692
0 0.8346153846153846 0.6121794871794872 0.04927884615384615 0.06570512820512821
0 0.7537259615384615 0.6626602564102564 0.05 0.06346153846153846
0 0.5018028846153846 0.7621794871794871 0.05024038461538462 0.0641025641025641
0 0.24759615384615385 0.6546474358974359 0.05384615384615385 0.0685897435897436
0 0.08149038461538462 0.6548076923076923 0.05600961538461539 0.06955128205128205
0 0.5507211538461538 0.7620192307692307 0.04975961538461538 0.06378205128205128
0 0.3777644230769231 0.8155448717948718 0.05096153846153846 0.06378205128205128
0 0.2766826923076923 0.816025641025641 0.05144230769230769 0.06506410256410257
0 0.6751201923076923 0.7129807692307693 0.05048076923076923 0.06346153846153846
0 0.19807692307692307 0.7628205128205128 0.052884615384615384 0.06538461538461539
0 0.42752403846153847 0.8147435897435897 0.04951923076923077 0.0641025641025641
0 0.08930288461538462 0.7625 0.05576923076923077 0.06666666666666667
0 0.8520432692307692 0.6655448717948718 0.04807692307692308 0.06378205128205128
0 0.35192307692307695 0.8671474358974359 0.04975961538461538 0.06153846153846154
0 0.6546875 0.6594551282051282 0.04975961538461538 0.06602564102564103
0 0.25180288461538464 0.8676282051282052 0.051923076923076926 0.0625
0 0.8835336538461539 0.44519230769230766 0.05 0.07019230769230769
0 0.1875 0.5391025641025641 0.057451923076923074 0.07243589743589744
0 0.803125 0.6644230769230769 0.05 0.06378205128205128
0 0.1203125 0.8145833333333333 0.052884615384615384 0.06217948717948718
0 0.8210336538461539 0.716025641025641 0.04879807692307692 0.061217948717948716
0 0.13786057692307693 0.6544871794871795 0.05576923076923077 0.06794871794871794
0 0.1441105769230769 0.763301282051282 0.05504807692307692 0.06442307692307692
0 0.30240384615384613 0.8677884615384616 0.05048076923076923 0.06282051282051282
0 0.8388221153846154 0.7660256410256411 0.04567307692307692 0.05993589743589744
0 0.19338942307692308 0.6543269230769231 0.05600961538461539 0.06794871794871794
0 0.22572115384615385 0.816025641025641 0.051923076923076926 0.06378205128205128
0 0.7723557692307692 0.7147435897435898 0.04879807692307692 0.06314102564102564
0 0.20096153846153847 0.8668269230769231 0.051682692307692304 0.06314102564102564
0 0.47620192307692305 0.8144230769230769 0.04903846153846154 0.0641025641025641
0 0.7239182692307692 0.7136217948717949 0.04951923076923077 0.06314102564102564
0 0.2502403846153846 0.7629807692307692 0.05336538461538461 0.06506410256410257
0 0.646875 0.763301282051282 0.04879807692307692 0.06282051282051282
0 0.4018028846153846 0.8666666666666667 0.04927884615384615 0.0625
0 0.5242788461538461 0.8137820512820513 0.048317307692307694 0.06346153846153846
0 0.7424278846153847 0.7650641025641025 0.04855769230769231 0.06153846153846154
0 0.7908653846153846 0.7655448717948717 0.04855769230769231 0.060897435897435896
0 0.6317307692307692 0.30705128205128207 0.05625 0.07692307692307693
0 0.5989182692307692 0.7628205128205128 0.04903846153846154 0.06314102564102564
0 0.4506009615384615 0.8673076923076923 0.04927884615384615 0.06346153846153846
0 0.8838942307692308 0.25817307692307695 0.05336538461538461 0.07564102564102564
0 0.32752403846153844 0.8157051282051282 0.050721153846153846 0.06474358974358975
0 0.6533653846153846 0.37259615384615385 0.055288461538461536 0.07467948717948718
0 0.6947115384615384 0.7642628205128205 0.04879807692307692 0.06153846153846154
0 0.17379807692307692 0.8153846153846154 0.054086538461538464 0.06378205128205128
0 0.5724759615384616 0.8139423076923077 0.048317307692307694 0.06314102564102564
0 0.5772836538461539 0.7104166666666667 0.05048076923076923 0.06474358974358975
0 0.5765625 0.30512820512820515 0.05600961538461539 0.0782051282051282
0 0.619951923076923 0.8142628205128205 0.047596153846153844 0.06217948717948718
0 0.07307692307692308 0.5379807692307692 0.055288461538461536 0.07435897435897436
0 0.7144230769230769 0.8149038461538461 0.04735576923076923 0.060897435897435896
0 0.7808894230769231 0.8620192307692308 0.04519230769230769 0.05961538461538462
0 0.7614182692307693 0.8144230769230769 0.046875 0.06025641025641026
0 0.6674278846153846 0.8149038461538461 0.047596153846153844 0.06185897435897436
0 0.7337740384615384 0.8629807692307693 0.046634615384615385 0.05961538461538462
0 0.8664663461538461 0.558974358974359 0.05 0.06698717948717949
0 0.8251201923076923 0.8612179487179488 0.04350961538461538 0.05961538461538462
0 0.59375 0.8645833333333334 0.04807692307692308 0.06057692307692308
0 0.6878605769230769 0.8641025641025641 0.046153846153846156 0.05993589743589744
0 0.8087740384615385 0.8139423076923077 0.047115384615384615 0.05929487179487179
0 0.6411057692307692 0.864423076923077 0.04735576923076923 0.060897435897435896
0 0.8671875 0.3838141025641026 0.051682692307692304 0.07179487179487179
0 0.6262019230769231 0.7110576923076923 0.05 0.06378205128205128
0 0.4032451923076923 0.7626602564102564 0.05144230769230769 0.06378205128205128
0 0.14927884615384615 0.8658653846153846 0.050721153846153846 0.06282051282051282
0 0.5461538461538461 0.8647435897435898 0.048317307692307694 0.0625
0 0.1295673076923077 0.5381410256410256 0.05793269230769231 0.07403846153846154
0 0.09735576923076923 0.8657051282051282 0.052403846153846155 0.06153846153846154
0 0.4987980769230769 0.8649038461538462 0.04807692307692308 0.0625