0 0.4074519230769231 0.22235576923076922 0.036057692307692304 0.04807692307692308
0 0.37259615384615385 0.2247596153846154 0.036057692307692304 0.05048076923076923
0 0.3389423076923077 0.22596153846153846 0.036057692307692304 0.05048076923076923
0 0.30408653846153844 0.22716346153846154 0.036057692307692304 0.05048076923076923
0 0.2704326923076923 0.22956730769230768 0.036057692307692304 0.05048076923076923
0 0.23677884615384615 0.23076923076923078 0.036057692307692304 0.05048076923076923
0 0.20192307692307693 0.23197115384615385 0.036057692307692304 0.05048076923076923
0 0.16826923076923078 0.234375 0.03365384615384615 0.05048076923076923
0 0.13341346153846154 0.23677884615384615 0.036057692307692304 0.05048076923076923
0 0.09975961538461539 0.23798076923076922 0.03365384615384615 0.05048076923076923
0 0.06490384615384616 0.23918269230769232 0.036057692307692304 0.05048076923076923
0 0.030048076923076924 0.2403846153846154 0.038461538461538464 0.05048076923076923
0 0.006009615384615385 0.24158653846153846 0.01201923076923077 0.05048076923076923
0 0.4230769230769231 0.2620192307692308 0.036057692307692304 0.04807692307692308
0 0.3894230769230769 0.26322115384615385 0.036057692307692304 0.05048076923076923
0 0.3557692307692308 0.265625 0.038461538461538464 0.05048076923076923
0 0.32211538461538464 0.26802884615384615 0.036057692307692304 0.05048076923076923
0 0.2860576923076923 0.2692307692307692 0.038461538461538464 0.05048076923076923
0 0.25240384615384615 0.27163461538461536 0.036057692307692304 0.04807692307692308
0 0.21875 0.27283653846153844 0.036057692307692304 0.05048076923076923
0 0.18509615384615385 0.27403846153846156 0.036057692307692304 0.05048076923076923
0 0.1502403846153846 0.27524038461538464 0.036057692307692304 0.05048076923076923
0 0.11658653846153846 0.2764423076923077 0.036057692307692304 0.04807692307692308
0 0.0829326923076923 0.2776442307692308 0.036057692307692304 0.05048076923076923
0 0.04927884615384615 0.2800480769230769 0.036057692307692304 0.05048076923076923
0 0.016826923076923076 0.28125 0.03365384615384615 0.05048076923076923
0 0.4387019230769231 0.3004807692307692 0.036057692307692304 0.05048076923076923
0 0.4050480769230769 0.30288461538461536 0.036057692307692304 0.04807692307692308
0 0.3701923076923077 0.30408653846153844 0.036057692307692304 0.04807692307692308
0 0.33653846153846156 0.30528846153846156 0.036057692307692304 0.04807692307692308
0 0.30288461538461536 0.3076923076923077 0.038461538461538464 0.04807692307692308
0 0.2692307692307692 0.3088942307692308 0.036057692307692304 0.04807692307692308
0 0.234375 0.31009615384615385 0.036057692307692304 0.05048076923076923
0 0.20072115384615385 0.3112980769230769 0.036057692307692304 0.04807692307692308
0 0.16826923076923078 0.3137019230769231 0.03365384615384615 0.04807692307692308
0 0.1346153846153846 0.31490384615384615 0.03365384615384615 0.04807692307692308
0 0.10096153846153846 0.3161057692307692 0.036057692307692304 0.04807692307692308
0 0.06610576923076923 0.31850961538461536 0.036057692307692304 0.05048076923076923
0 0.03365384615384615 0.32091346153846156 0.036057692307692304 0.05048076923076923
0 0.007211538461538462 0.32091346153846156 0.014423076923076924 0.05048076923076923
0 0.4519230769230769 0.3389423076923077 0.03365384615384615 0.04807692307692308
0 0.41947115384615385 0.3401442307692308 0.036057692307692304 0.04807692307692308
0 0.3858173076923077 0.34134615384615385 0.036057692307692304 0.04807692307692308
0 0.35216346153846156 0.34375 0.036057692307692304 0.05048076923076923
0 0.31850961538461536 0.3449519230769231 0.036057692307692304 0.05048076923076923
0 0.2848557692307692 0.34615384615384615 0.036057692307692304 0.04807692307692308
0 0.2512019230769231 0.34975961538461536 0.03365384615384615 0.04807692307692308
0 0.21875 0.35096153846153844 0.036057692307692304 0.05048076923076923
0 0.18509615384615385 0.35216346153846156 0.036057692307692304 0.05048076923076923
0 0.1502403846153846 0.35336538461538464 0.036057692307692304 0.04807692307692308
0 0.11778846153846154 0.3557692307692308 0.036057692307692304 0.04807692307692308
0 0.08413461538461539 0.35697115384615385 0.03365384615384615 0.05048076923076923
0 0.051682692307692304 0.3581730769230769 0.036057692307692304 0.04807692307692308
0 0.018028846153846152 0.359375 0.036057692307692304 0.04807692307692308
0 0.43509615384615385 0.3786057692307692 0.036057692307692304 0.04567307692307692
0 0.40024038461538464 0.3798076923076923 0.036057692307692304 0.04807692307692308
0 0.36778846153846156 0.38100961538461536 0.036057692307692304 0.04807692307692308
0 0.33413461538461536 0.38341346153846156 0.038461538461538464 0.04567307692307692
0 0.3016826923076923 0.38461538461538464 0.036057692307692304 0.04807692307692308
0 0.26802884615384615 0.3858173076923077 0.036057692307692304 0.04807692307692308
0 0.234375 0.38822115384615385 0.036057692307692304 0.04567307692307692
0 0.20072115384615385 0.3894230769230769 0.036057692307692304 0.04807692307692308
0 0.16826923076923078 0.390625 0.03365384615384615 0.04807692307692308
0 0.13581730769230768 0.3918269230769231 0.03365384615384615 0.04807692307692308
0 0.10216346153846154 0.39302884615384615 0.036057692307692304 0.04807692307692308
0 0.06850961538461539 0.3954326923076923 0.03365384615384615 0.04807692307692308
0 0.036057692307692304 0.39663461538461536 0.036057692307692304 0.04807692307692308
0 0.009615384615384616 0.39663461538461536 0.019230769230769232 0.04807692307692308
0 0.4483173076923077 0.41586538461538464 0.03365384615384615 0.04567307692307692
0 0.41586538461538464 0.41586538461538464 0.036057692307692304 0.04807692307692308
0 0.38341346153846156 0.4182692307692308 0.036057692307692304 0.04807692307692308
0 0.35096153846153844 0.41947115384615385 0.036057692307692304 0.04807692307692308
0 0.3161057692307692 0.4206730769230769 0.036057692307692304 0.04807692307692308
0 0.28365384615384615 0.4230769230769231 0.036057692307692304 0.04807692307692308
0 0.2512019230769231 0.4230769230769231 0.03365384615384615 0.04807692307692308
0 0.21754807692307693 0.4254807692307692 0.036057692307692304 0.04567307692307692
0 0.18629807692307693 0.4266826923076923 0.036057692307692304 0.04807692307692308
0 0.15144230769230768 0.42788461538461536 0.036057692307692304 0.04567307692307692
0 0.11899038461538461 0.43149038461538464 0.03365384615384615 0.04807692307692308
0 0.08653846153846154 0.4326923076923077 0.036057692307692304 0.04807692307692308
0 0.054086538461538464 0.43509615384615385 0.036057692307692304 0.04807692307692308
0 0.020432692307692308 0.4362980769230769 0.036057692307692304 0.04807692307692308
0 0.43149038461538464 0.4519230769230769 0.036057692307692304 0.04567307692307692
0 0.39783653846153844 0.4543269230769231 0.036057692307692304 0.04567307692307692
0 0.3641826923076923 0.45552884615384615 0.036057692307692304 0.04567307692307692
0 0.3317307692307692 0.4567307692307692 0.036057692307692304 0.04567307692307692
0 0.29927884615384615 0.45913461538461536 0.03365384615384615 0.04567307692307692
0 0.2668269230769231 0.46033653846153844 0.03365384615384615 0.04567307692307692
0 0.23197115384615385 0.4639423076923077 0.036057692307692304 0.04567307692307692
0 0.20072115384615385 0.4639423076923077 0.03365384615384615 0.04807692307692308
0 0.16947115384615385 0.46634615384615385 0.03365384615384615 0.04807692307692308
0 0.13581730769230768 0.4675480769230769 0.03365384615384615 0.04567307692307692
0 0.10336538461538461 0.46875 0.03365384615384615 0.04567307692307692
0 0.07091346153846154 0.47115384615384615 0.036057692307692304 0.04567307692307692
0 0.037259615384615384 0.4723557692307692 0.036057692307692304 0.04807692307692308
0 0.010817307692307692 0.4723557692307692 0.021634615384615384 0.04567307692307692
0 0.44350961538461536 0.4879807692307692 0.03365384615384615 0.04567307692307692
0 0.4110576923076923 0.4891826923076923 0.03365384615384615 0.04326923076923077
0 0.3798076923076923 0.4891826923076923 0.036057692307692304 0.04326923076923077
0 0.34615384615384615 0.49038461538461536 0.036057692307692304 0.040865384615384616
0 0.31490384615384615 0.49158653846153844 0.03365384615384615 0.038461538461538464
0 0.2800480769230769 0.49158653846153844 0.03365384615384615 0.038461538461538464
0 0.24879807692307693 0.49278846153846156 0.036057692307692304 0.036057692307692304
0 0.21634615384615385 0.49278846153846156 0.036057692307692304 0.036057692307692304
0 0.18509615384615385 0.49399038461538464 0.03365384615384615 0.03365384615384615
0 0.1502403846153846 0.4951923076923077 0.036057692307692304 0.028846153846153848
0 0.11899038461538461 0.4951923076923077 0.03365384615384615 0.028846153846153848
0 0.08653846153846154 0.4963942307692308 0.03365384615384615 0.028846153846153848
0 0.054086538461538464 0.49759615384615385 0.03125 0.026442307692307692
0 0.021634615384615384 0.4987980769230769 0.03365384615384615 0.02403846153846154
0 0.44350961538461536 0.13942307692307693 0.038461538461538464 0.05048076923076923
0 0.4098557692307692 0.140625 0.036057692307692304 0.05048076923076923
0 0.3762019230769231 0.14182692307692307 0.038461538461538464 0.05048076923076923
0 0.3401442307692308 0.14302884615384615 0.036057692307692304 0.05048076923076923
0 0.30528846153846156 0.14543269230769232 0.038461538461538464 0.052884615384615384
0 0.27163461538461536 0.1466346153846154 0.036057692307692304 0.052884615384615384
0 0.23677884615384615 0.14783653846153846 0.036057692307692304 0.05048076923076923
0 0.20072115384615385 0.1502403846153846 0.036057692307692304 0.05048076923076923
0 0.16706730769230768 0.15144230769230768 0.036057692307692304 0.04807692307692308
0 0.13221153846153846 0.15384615384615385 0.036057692307692304 0.05048076923076923
0 0.0985576923076923 0.15504807692307693 0.036057692307692304 0.05048076923076923
0 0.0625 0.15625 0.036057692307692304 0.05048076923076923
0 0.027644230769230768 0.15745192307692307 0.038461538461538464 0.052884615384615384
0 0.004807692307692308 0.15865384615384615 0.009615384615384616 0.05048076923076923
0 0.45552884615384615 0.1778846153846154 0.03365384615384615 0.05048076923076923
0 0.4254807692307692 0.1814903846153846 0.036057692307692304 0.05048076923076923
0 0.3918269230769231 0.18269230769230768 0.036057692307692304 0.052884615384615384
0 0.35697115384615385 0.18509615384615385 0.036057692307692304 0.052884615384615384
0 0.3233173076923077 0.18629807692307693 0.036057692307692304 0.052884615384615384
0 0.28725961538461536 0.1875 0.038461538461538464 0.052884615384615384
0 0.2536057692307692 0.18990384615384615 0.038461538461538464 0.05048076923076923
0 0.21875 0.19110576923076922 0.036057692307692304 0.05048076923076923
0 0.18509615384615385 0.19230769230769232 0.036057692307692304 0.05048076923076923
0 0.1502403846153846 0.19471153846153846 0.036057692307692304 0.05048076923076923
0 0.11538461538461539 0.19591346153846154 0.03365384615384615 0.05048076923076923
0 0.08052884615384616 0.1971153846153846 0.036057692307692304 0.052884615384615384
0 0.046875 0.19831730769230768 0.038461538461538464 0.052884615384615384
0 0.013221153846153846 0.19951923076923078 0.026442307692307692 0.052884615384615384
0 0.4423076923076923 0.22115384615384615 0.036057692307692304 0.05048076923076923
0 0.8329326923076923 0.04807692307692308 0.052884615384615384 0.09375
0 0.6189903846153846 0.05889423076923077 0.057692307692307696 0.10576923076923077
0 0.9783653846153846 0.07211538461538461 0.04326923076923077 0.11778846153846154
0 0.5288461538461539 0.08052884615384616 0.057692307692307696 0.10576923076923077
0 0.8894230769230769 0.0985576923076923 0.057692307692307696 0.10336538461538461
0 0.765625 0.10096153846153846 0.057692307692307696 0.10336538461538461
0 0.6706730769230769 0.10216346153846154 0.057692307692307696 0.10336538461538461
0 0.5745192307692307 0.13942307692307693 0.06009615384615385 0.10336538461538461
0 0.8269230769230769 0.14302884615384615 0.057692307692307696 0.10096153846153846
0 0.9891826923076923 0.15625 0.021634615384615384 0.10096153846153846
0 0.7223557692307693 0.1658653846153846 0.057692307692307696 0.10096153846153846
0 0.4987980769230769 0.17067307692307693 0.052884615384615384 0.10096153846153846
0 0.9435096153846154 0.171875 0.06009615384615385 0.11057692307692307
0 0.6346153846153846 0.17908653846153846 0.057692307692307696 0.10336538461538461
0 0.8725961538461539 0.19831730769230768 0.057692307692307696 0.0985576923076923
0 0.7764423076923077 0.20552884615384615 0.06009615384615385 0.10817307692307693
0 0.5252403846153846 0.23918269230769232 0.0625 0.11057692307692307
0 0.9711538461538461 0.24519230769230768 0.055288461538461536 0.10096153846153846
0 0.6826923076923077 0.24639423076923078 0.057692307692307696 0.10096153846153846
0 0.47836538461538464 0.25961538461538464 0.01201923076923077 0.10336538461538461
0 0.8269230769230769 0.2620192307692308 0.057692307692307696 0.10096153846153846
0 0.6033653846153846 0.26802884615384615 0.057692307692307696 0.10096153846153846
0 0.9170673076923077 0.28125 0.057692307692307696 0.0985576923076923
0 0.7391826923076923 0.28365384615384615 0.057692307692307696 0.10096153846153846
0 0.5072115384615384 0.31850961538461536 0.057692307692307696 0.10096153846153846
0 0.8665865384615384 0.328125 0.057692307692307696 0.09615384615384616
0 0.6538461538461539 0.33413461538461536 0.055288461538461536 0.0985576923076923
0 0.5721153846153846 0.35336538461538464 0.057692307692307696 0.0985576923076923
0 0.7055288461538461 0.37259615384615385 0.055288461538461536 0.09615384615384616
0 0.7872596153846154 0.390625 0.0673076923076923 0.11778846153846154
0 0.8329326923076923 0.40625 0.05048076923076923 0.0985576923076923
0 0.6105769230769231 0.42788461538461536 0.06009615384615385 0.10096153846153846
0 0.7536057692307693 0.4375 0.055288461538461536 0.10096153846153846
0 0.6706730769230769 0.4543269230769231 0.057692307692307696 0.0985576923076923
0 0.7980769230769231 0.47836538461538464 0.057692307692307696 0.0625
0 0.5108173076923077 0.49038461538461536 0.0673076923076923 0.040865384615384616
0 0.7235576923076923 0.49038461538461536 0.10576923076923077 0.040865384615384616
0 0.6622596153846154 0.020432692307692308 0.057692307692307696 0.040865384615384616
0 0.7824519230769231 0.026442307692307692 0.057692307692307696 0.052884615384615384
0 0.5685096153846154 0.027644230769230768 0.057692307692307696 0.055288461538461536
0 0.9206730769230769 0.028846153846153848 0.057692307692307696 0.057692307692307696
0 0.9915865384615384 0.03125 0.016826923076923076 0.0625
0 0.49038461538461536 0.03485576923076923 0.038461538461538464 0.06971153846153846
0 0.7151442307692307 0.040865384615384616 0.06009615384615385 0.08173076923076923
0 0.04927884615384615 0.7908653846153846 0.0625 0.04567307692307692
0 0.28846153846153844 0.6322115384615384 0.06009615384615385 0.04807692307692308
0 0.13341346153846154 0.5901442307692307 0.06490384615384616 0.05048076923076923
0 0.008413461538461538 0.7884615384615384 0.016826923076923076 0.04807692307692308
0 0.34975961538461536 0.7884615384615384 0.06009615384615385 0.04807692307692308
0 0.28966346153846156 0.7884615384615384 0.0625 0.04567307692307692
0 0.04567307692307692 0.7127403846153846 0.06490384615384616 0.04807692307692308
0 0.17067307692307693 0.7896634615384616 0.0625 0.04567307692307692
0 0.16826923076923078 0.7127403846153846 0.0625 0.04807692307692308
0 0.14182692307692307 0.8293269230769231 0.0625 0.04567307692307692
0 0.10697115384615384 0.7127403846153846 0.0625 0.04807692307692308
0 0.22956730769230768 0.7896634615384616 0.0625 0.04567307692307692
0 0.026442307692307692 0.828125 0.052884615384615384 0.04807692307692308
0 0.11057692307692307 0.7896634615384616 0.0625 0.04567307692307692
0 0.20192307692307693 0.828125 0.0625 0.04807692307692308
0 0.06610576923076923 0.5925480769230769 0.06490384615384616 0.04807692307692308
0 0.026442307692307692 0.90625 0.052884615384615384 0.04807692307692308
0 0.08173076923076923 0.8293269230769231 0.0625 0.04807692307692308
0 0.13942307692307693 0.7512019230769231 0.0625 0.04807692307692308
0 0.28846153846153844 0.7115384615384616 0.06009615384615385 0.04807692307692308
0 0.078125 0.7512019230769231 0.0625 0.05048076923076923
0 0.22716346153846154 0.6322115384615384 0.0625 0.04807692307692308
0 0.171875 0.8653846153846154 0.0625 0.04807692307692308
0 0.22956730769230768 0.7127403846153846 0.0625 0.04807692307692308
0 0.23197115384615385 0.8641826923076923 0.06009615384615385 0.04807692307692308
0 0.31850961538461536 0.75 0.06009615384615385 0.04807692307692308
0 0.009615384615384616 0.8665865384615384 0.019230769230769232 0.04567307692307692
0 0.4074519230769231 0.7872596153846154 0.06009615384615385 0.04567307692307692
0 0.0733173076923077 0.6730769230769231 0.06490384615384616 0.04807692307692308
0 0.19951923076923078 0.7512019230769231 0.0625 0.05048076923076923
0 0.004807692307692308 0.7139423076923077 0.009615384615384616 0.05048076923076923
0 0.34975961538461536 0.6334134615384616 0.06009615384615385 0.04567307692307692
0 0.31850961538461536 0.8269230769230769 0.06009615384615385 0.04567307692307692
0 0.25961538461538464 0.7512019230769231 0.06009615384615385 0.04807692307692308
0 0.38100961538461536 0.5913461538461539 0.06009615384615385 0.04807692307692308
0 0.3786057692307692 0.8257211538461539 0.057692307692307696 0.04567307692307692
0 0.4411057692307692 0.5913461538461539 0.06009615384615385 0.04807692307692308
0 0.3786057692307692 0.7487980769230769 0.06009615384615385 0.04807692307692308
0 0.01201923076923077 0.9411057692307693 0.02403846153846154 0.04567307692307692
0 0.051682692307692304 0.8665865384615384 0.0625 0.04567307692307692
0 0.020432692307692308 0.6730769230769231 0.040865384615384616 0.05048076923076923
0 0.4543269230769231 0.7103365384615384 0.036057692307692304 0.04807692307692308
0 0.34975961538461536 0.7115384615384616 0.06009615384615385 0.04567307692307692
0 0.054086538461538464 0.9423076923076923 0.0625 0.04807692307692308
0 0.0829326923076923 0.9050480769230769 0.0625 0.04807692307692308
0 0.25721153846153844 0.671875 0.0625 0.05048076923076923
0 0.4543269230769231 0.6310096153846154 0.036057692307692304 0.05048076923076923
0 0.43509615384615385 0.8978365384615384 0.06009615384615385 0.04567307692307692
0 0.11177884615384616 0.8665865384615384 0.0625 0.04807692307692308
0 0.29086538461538464 0.8641826923076923 0.0625 0.04567307692307692
0 0.025240384615384616 0.7524038461538461 0.05048076923076923 0.04807692307692308
0 0.4098557692307692 0.7115384615384616 0.06009615384615385 0.04807692307692308
0 0.4098557692307692 0.6322115384615384 0.057692307692307696 0.05048076923076923
0 0.016826923076923076 0.5925480769230769 0.03365384615384615 0.05048076923076923
0 0.027644230769230768 0.9783653846153846 0.055288461538461536 0.04326923076923077
0 0.11298076923076923 0.9963942307692307 0.06009615384615385 0.007211538461538462
0 0.31850961538461536 0.671875 0.0625 0.05048076923076923
0 0.1658653846153846 0.6322115384615384 0.0625 0.05048076923076923
0 0.453125 0.7860576923076923 0.038461538461538464 0.04567307692307692
0 0.34975961538461536 0.8629807692307693 0.06009615384615385 0.04807692307692308
0 0.08413461538461539 0.9771634615384616 0.0625 0.04567307692307692
0 0.17307692307692307 0.9951923076923077 0.06009615384615385 0.009615384615384616
0 0.453125 0.8605769230769231 0.038461538461538464 0.04807692307692308
0 0.28846153846153844 0.9939903846153846 0.06009615384615385 0.01201923076923077
0 0.10336538461538461 0.6322115384615384 0.06490384615384616 0.05048076923076923
0 0.1141826923076923 0.9423076923076923 0.06009615384615385 0.04807692307692308
0 0.1971153846153846 0.671875 0.0625 0.05048076923076923
0 0.4074519230769231 0.8617788461538461 0.06009615384615385 0.04567307692307692
0 0.25961538461538464 0.8269230769230769 0.06009615384615385 0.04807692307692308
0 0.3449519230769231 0.9915865384615384 0.06009615384615385 0.016826923076923076
0 0.23197115384615385 0.9399038461538461 0.06009615384615385 0.04567307692307692
0 0.32091346153846156 0.9002403846153846 0.06009615384615385 0.04807692307692308
0 0.34975961538461536 0.9375 0.06009615384615385 0.04567307692307692
0 0.14302884615384615 0.9038461538461539 0.0625 0.04807692307692308
0 0.3798076923076923 0.671875 0.06009615384615385 0.04807692307692308
0 0.29086538461538464 0.9387019230769231 0.06009615384615385 0.04567307692307692
0 0.32091346153846156 0.9735576923076923 0.06009615384615385 0.04567307692307692
0 0.2608173076923077 0.9014423076923077 0.06009615384615385 0.04567307692307692
0 0.4387019230769231 0.6706730769230769 0.06009615384615385 0.04807692307692308
0 0.17307692307692307 0.9411057692307693 0.06009615384615385 0.04567307692307692
0 0.20192307692307693 0.9038461538461539 0.06009615384615385 0.04807692307692308
0 0.2608173076923077 0.9747596153846154 0.06009615384615385 0.04807692307692308
0 0.4519230769230769 0.9338942307692307 0.040865384615384616 0.04807692307692308
0 0.23076923076923078 0.9951923076923077 0.06009615384615385 0.009615384615384616
0 0.45072115384615385 0.9903846153846154 0.040865384615384616 0.019230769230769232
0 0.036057692307692304 0.6346153846153846 0.06490384615384616 0.05048076923076923
0 0.43509615384615385 0.9711538461538461 0.06009615384615385 0.04567307692307692
0 0.20192307692307693 0.9759615384615384 0.06009615384615385 0.04567307692307692
0 0.4074519230769231 0.9362980769230769 0.06009615384615385 0.04567307692307692
0 0.3786057692307692 0.8990384615384616 0.057692307692307696 0.04567307692307692
0 0.4375 0.8257211538461539 0.06009615384615385 0.04567307692307692
0 0.14302884615384615 0.9771634615384616 0.06009615384615385 0.04567307692307692
0 0.055288461538461536 0.9963942307692307 0.06009615384615385 0.007211538461538462
0 0.19591346153846154 0.5901442307692307 0.0625 0.05048076923076923
0 0.4375 0.7487980769230769 0.06009615384615385 0.04807692307692308
0 0.3786057692307692 0.9723557692307693 0.06009615384615385 0.04567307692307692
0 0.13581730769230768 0.671875 0.06490384615384616 0.05048076923076923
0 0.40625 0.9915865384615384 0.057692307692307696 0.016826923076923076
0 0.6322115384615384 0.6478365384615384 0.19230769230769232 0.27163461538461536
0 0.8425480769230769 0.6754807692307693 0.2403846153846154 0.3317307692307692
0 0.9771634615384616 0.6574519230769231 0.04567307692307692 0.27884615384615385
0 0.6346153846153846 0.8894230769230769 0.24519230769230768 0.22115384615384615
0 0.8341346153846154 0.9182692307692307 0.17548076923076922 0.16346153846153846
0 0.9579326923076923 0.8942307692307693 0.08413461538461539 0.21153846153846154