0 0.3581730769230769 0.3112980769230769 0.057692307692307696 0.04807692307692308
0 0.12620192307692307 0.15625 0.0625 0.04807692307692308
0 0.27884615384615385 0.11538461538461539 0.06490384615384616 0.04807692307692308
0 0.06610576923076923 0.31009615384615385 0.06009615384615385 0.04807692307692308
0 0.12379807692307693 0.31009615384615385 0.0625 0.04567307692307692
0 0.359375 0.23557692307692307 0.055288461538461536 0.04807692307692308
0 0.24158653846153846 0.3112980769230769 0.0625 0.04567307692307692
0 0.2439903846153846 0.23557692307692307 0.06009615384615385 0.04807692307692308
0 0.2692307692307692 0.34975961538461536 0.06009615384615385 0.04807692307692308
0 0.30408653846153844 0.23557692307692307 0.06009615384615385 0.04807692307692308
0 0.18389423076923078 0.3112980769230769 0.06009615384615385 0.04567307692307692
0 0.3713942307692308 0.3485576923076923 0.028846153846153848 0.04807692307692308
0 0.3004807692307692 0.3112980769230769 0.06009615384615385 0.04567307692307692
0 0.21033653846153846 0.3485576923076923 0.0625 0.04807692307692308
0 0.34375 0.11778846153846154 0.06490384615384616 0.04807692307692308
0 0.3701923076923077 0.4110576923076923 0.03365384615384615 0.019230769230769232
0 0.3293269230769231 0.34975961538461536 0.06009615384615385 0.04807692307692308
0 0.27163461538461536 0.27283653846153844 0.0625 0.04807692307692308
0 0.12620192307692307 0.234375 0.0625 0.04807692307692308
0 0.3329326923076923 0.27283653846153844 0.06009615384615385 0.05048076923076923
0 0.18629807692307693 0.15625 0.0625 0.04807692307692308
0 0.2403846153846154 0.3858173076923077 0.0625 0.04807692307692308
0 0.18389423076923078 0.23557692307692307 0.06009615384615385 0.04807692307692308
0 0.1814903846153846 0.38461538461538464 0.0625 0.04807692307692308
0 0.09615384615384616 0.27163461538461536 0.057692307692307696 0.04807692307692308
0 0.019230769230769232 0.30649038461538464 0.038461538461538464 0.04567307692307692
0 0.33774038461538464 0.1971153846153846 0.0625 0.04807692307692308
0 0.2127403846153846 0.27283653846153844 0.0625 0.05048076923076923
0 0.06610576923076923 0.15745192307692307 0.06009615384615385 0.04807692307692308
0 0.09615384615384616 0.3473557692307692 0.057692307692307696 0.04807692307692308
0 0.15384615384615385 0.27283653846153844 0.06009615384615385 0.04807692307692308
0 0.036057692307692304 0.11658653846153846 0.057692307692307696 0.05048076923076923
0 0.038461538461538464 0.34615384615384615 0.06009615384615385 0.04807692307692308
0 0.002403846153846154 0.11538461538461539 0.004807692307692308 0.04807692307692308
0 0.038461538461538464 0.2704326923076923 0.06009615384615385 0.04807692307692308
0 0.35697115384615385 0.3858173076923077 0.06009615384615385 0.04807692307692308
0 0.3786057692307692 0.1971153846153846 0.016826923076923076 0.05048076923076923
0 0.06610576923076923 0.234375 0.06009615384615385 0.04567307692307692
0 0.3269230769230769 0.4098557692307692 0.06009615384615385 0.021634615384615384
0 0.15625 0.19591346153846154 0.0625 0.05048076923076923
0 0.004807692307692308 0.4074519230769231 0.009615384615384616 0.028846153846153848
0 0.29927884615384615 0.3870192307692308 0.0625 0.04807692307692308
0 0.12259615384615384 0.38461538461538464 0.06009615384615385 0.04807692307692308
0 0.37259615384615385 0.27403846153846156 0.028846153846153848 0.04807692307692308
0 0.018028846153846152 0.23197115384615385 0.036057692307692304 0.04567307692307692
0 0.016826923076923076 0.15384615384615385 0.03365384615384615 0.04807692307692308
0 0.09615384615384616 0.19591346153846154 0.057692307692307696 0.05048076923076923
0 0.24639423076923078 0.15625 0.06009615384615385 0.05048076923076923
0 0.06610576923076923 0.38341346153846156 0.06009615384615385 0.04807692307692308
0 0.3076923076923077 0.15625 0.06490384615384616 0.05048076923076923
0 0.21514423076923078 0.19591346153846154 0.0625 0.05048076923076923
0 0.019230769230769232 0.3798076923076923 0.038461538461538464 0.04807692307692308
0 0.15384615384615385 0.3473557692307692 0.06009615384615385 0.04807692307692308
0 0.09375 0.40865384615384615 0.06009615384615385 0.02403846153846154
0 0.2668269230769231 0.4098557692307692 0.06009615384615385 0.021634615384615384
0 0.037259615384615384 0.19591346153846154 0.06009615384615385 0.04807692307692308
0 0.15264423076923078 0.40865384615384615 0.06009615384615385 0.02403846153846154
0 0.003605769230769231 0.1935096153846154 0.007211538461538462 0.04807692307692308
0 0.2091346153846154 0.4098557692307692 0.06009615384615385 0.021634615384615384
0 0.3629807692307692 0.15745192307692307 0.04807692307692308 0.05048076923076923
0 0.037259615384615384 0.40865384615384615 0.06009615384615385 0.02403846153846154
0 0.004807692307692308 0.3449519230769231 0.009615384615384616 0.04567307692307692
0 0.21634615384615385 0.11538461538461539 0.0625 0.04807692307692308
0 0.003605769230769231 0.2692307692307692 0.007211538461538462 0.04807692307692308
0 0.2764423076923077 0.19591346153846154 0.0625 0.05048076923076923
0 0.036057692307692304 0.4326923076923077 0.055288461538461536 0.021634615384615384
0 0.08653846153846154 0.43509615384615385 0.055288461538461536 0.028846153846153848
0 0.14543269230769232 0.4362980769230769 0.055288461538461536 0.03125
0 0.19591346153846154 0.4375 0.052884615384615384 0.03365384615384615
0 0.36899038461538464 0.45913461538461536 0.036057692307692304 0.07692307692307693
0 0.2644230769230769 0.45913461538461536 0.052884615384615384 0.07692307692307693
0 0.3161057692307692 0.45913461538461536 0.052884615384615384 0.07692307692307693
0 0.018028846153846152 0.4723557692307692 0.036057692307692304 0.08413461538461539
0 0.0625 0.48197115384615385 0.055288461538461536 0.08413461538461539
0 0.11658653846153846 0.484375 0.05048076923076923 0.08653846153846154
0 0.22115384615384615 0.4879807692307692 0.052884615384615384 0.08653846153846154
0 0.16706730769230768 0.4879807692307692 0.05048076923076923 0.08413461538461539
0 0.38100961538461536 0.5300480769230769 0.01201923076923077 0.08413461538461539
0 0.29447115384615385 0.5348557692307693 0.052884615384615384 0.08413461538461539
0 0.3485576923076923 0.5432692307692307 0.052884615384615384 0.08413461538461539
0 0.030048076923076924 0.5540865384615384 0.052884615384615384 0.08413461538461539
0 0.08653846153846154 0.5576923076923077 0.055288461538461536 0.08413461538461539
0 0.14182692307692307 0.5588942307692307 0.052884615384615384 0.08413461538461539
0 0.24879807692307693 0.5625 0.055288461538461536 0.08653846153846154
0 0.1971153846153846 0.5637019230769231 0.052884615384615384 0.08173076923076923
0 0.3173076923076923 0.6105769230769231 0.052884615384615384 0.08413461538461539
0 0.36658653846153844 0.6177884615384616 0.040865384615384616 0.08413461538461539
0 0.014423076923076924 0.6274038461538461 0.028846153846153848 0.08653846153846154
0 0.051682692307692304 0.6322115384615384 0.052884615384615384 0.08653846153846154
0 0.10096153846153846 0.6346153846153846 0.05048076923076923 0.08173076923076923
0 0.16105769230769232 0.6382211538461539 0.055288461538461536 0.08413461538461539
0 0.27163461538461536 0.640625 0.05048076923076923 0.08653846153846154
0 0.21875 0.640625 0.052884615384615384 0.08653846153846154
0 0.35336538461538464 0.6959134615384616 0.055288461538461536 0.08413461538461539
0 0.03365384615384615 0.7043269230769231 0.055288461538461536 0.08653846153846154
0 0.08413461538461539 0.7091346153846154 0.05048076923076923 0.08413461538461539
0 0.14182692307692307 0.7127403846153846 0.052884615384615384 0.08413461538461539
0 0.3016826923076923 0.7139423076923077 0.052884615384615384 0.08653846153846154
0 0.19471153846153846 0.7151442307692307 0.055288461538461536 0.08653846153846154
0 0.2512019230769231 0.7175480769230769 0.055288461538461536 0.08413461538461539
0 0.3737980769230769 0.7632211538461539 0.02403846153846154 0.08413461538461539
0 0.34134615384615385 0.7800480769230769 0.052884615384615384 0.08413461538461539
0 0.016826923076923076 0.7776442307692307 0.03365384615384615 0.0889423076923077
0 0.06129807692307692 0.7848557692307693 0.057692307692307696 0.08653846153846154
0 0.1141826923076923 0.7872596153846154 0.052884615384615384 0.08653846153846154
0 0.16346153846153846 0.7884615384615384 0.055288461538461536 0.0889423076923077
0 0.22235576923076922 0.7908653846153846 0.05048076923076923 0.08653846153846154
0 0.2824519230769231 0.7956730769230769 0.055288461538461536 0.08413461538461539
0 0.3629807692307692 0.8413461538461539 0.04807692307692308 0.08173076923076923
0 0.3112980769230769 0.8533653846153846 0.055288461538461536 0.08413461538461539
0 0.08052884615384616 0.8617788461538461 0.055288461538461536 0.08413461538461539
0 0.18870192307692307 0.8617788461538461 0.05048076923076923 0.08413461538461539
0 0.14302884615384615 0.8617788461538461 0.057692307692307696 0.08413461538461539
0 0.026442307692307692 0.8629807692307693 0.05048076923076923 0.08653846153846154
0 0.23918269230769232 0.8665865384615384 0.055288461538461536 0.08413461538461539
0 0.3545673076923077 0.9206730769230769 0.055288461538461536 0.08413461538461539
0 0.28365384615384615 0.9278846153846154 0.055288461538461536 0.08413461538461539
0 0.16346153846153846 0.9362980769230769 0.055288461538461536 0.08653846153846154
0 0.01201923076923077 0.9350961538461539 0.02403846153846154 0.08653846153846154
0 0.21634615384615385 0.9387019230769231 0.052884615384615384 0.08413461538461539
0 0.055288461538461536 0.9423076923076923 0.057692307692307696 0.08413461538461539
0 0.109375 0.9447115384615384 0.052884615384615384 0.08653846153846154