0 0.9079326923076924 0.3469551282051282 0.04471153846153846 0.0625
0 0.8629807692307693 0.3471153846153846 0.046634615384615385 0.06346153846153846
0 0.8174278846153846 0.347275641025641 0.04639423076923077 0.06314102564102564
0 0.7716346153846154 0.34775641025641024 0.046634615384615385 0.0641025641025641
0 0.7256009615384615 0.34807692307692306 0.046875 0.06346153846153846
0 0.6798076923076923 0.34919871794871793 0.046634615384615385 0.06378205128205128
0 0.6338942307692308 0.35 0.046634615384615385 0.06282051282051282
0 0.5888221153846154 0.3503205128205128 0.045432692307692306 0.06282051282051282
0 0.49939903846153844 0.35096153846153844 0.04495192307692308 0.06217948717948718
0 0.544110576923077 0.35096153846153844 0.045432692307692306 0.06282051282051282
0 0.45576923076923076 0.35144230769230766 0.04423076923076923 0.0625
0 0.41177884615384613 0.35176282051282054 0.04519230769230769 0.06185897435897436
0 0.3674278846153846 0.35224358974358977 0.04639423076923077 0.06025641025641026
0 0.31826923076923075 0.35721153846153847 0.04807692307692308 0.05993589743589744
0 0.27103365384615385 0.3594551282051282 0.046875 0.061217948717948716
0 0.22367788461538463 0.3628205128205128 0.04591346153846154 0.060897435897435896
0 0.1795673076923077 0.3631410256410256 0.04423076923076923 0.06153846153846154
0 0.1362980769230769 0.36362179487179486 0.04423076923076923 0.06185897435897436
0 0.09338942307692308 0.36378205128205127 0.043028846153846154 0.06025641025641026
0 0.8378605769230769 0.3996794871794872 0.04591346153846154 0.06282051282051282
0 0.8829326923076923 0.3998397435897436 0.04567307692307692 0.06314102564102564
0 0.7925480769230769 0.4 0.046153846153846156 0.06217948717948718
0 0.7469951923076923 0.40064102564102566 0.046875 0.06217948717948718
0 0.7010817307692307 0.4012820512820513 0.046875 0.06217948717948718
0 0.6556490384615384 0.40192307692307694 0.04591346153846154 0.06282051282051282
0 0.6106971153846154 0.40208333333333335 0.045432692307692306 0.06185897435897436
0 0.5662259615384615 0.4025641025641026 0.04495192307692308 0.06217948717948718
0 0.4346153846153846 0.402724358974359 0.04471153846153846 0.061217948717948716
0 0.39098557692307695 0.4028846153846154 0.04495192307692308 0.06153846153846154
0 0.4782451923076923 0.4028846153846154 0.04495192307692308 0.060897435897435896
0 0.5219951923076923 0.4028846153846154 0.04495192307692308 0.06153846153846154
0 0.3473557692307692 0.4033653846153846 0.04567307692307692 0.05993589743589744
0 0.2983173076923077 0.4081730769230769 0.04807692307692308 0.058653846153846154
0 0.25228365384615387 0.41073717948717947 0.04591346153846154 0.058653846153846154
0 0.20516826923076922 0.41362179487179485 0.04639423076923077 0.05993589743589744
0 0.16141826923076924 0.41394230769230766 0.042548076923076925 0.061217948717948716
0 0.11862980769230769 0.41458333333333336 0.04350961538461538 0.06057692307692308
0 0.8573317307692307 0.4519230769230769 0.045432692307692306 0.06217948717948718
0 0.9019230769230769 0.45208333333333334 0.04423076923076923 0.06185897435897436
0 0.8122596153846153 0.45224358974358975 0.04567307692307692 0.06282051282051282
0 0.7671875 0.45240384615384616 0.04639423076923077 0.06185897435897436
0 0.721875 0.45256410256410257 0.04567307692307692 0.06153846153846154
0 0.6771634615384615 0.4528846153846154 0.04567307692307692 0.06153846153846154
0 0.6318509615384615 0.4530448717948718 0.045432692307692306 0.06057692307692308
0 0.3707932692307692 0.4533653846153846 0.04399038461538462 0.061217948717948716
0 0.41394230769230766 0.453525641025641 0.04375 0.060897435897435896
0 0.45709134615384617 0.453525641025641 0.04399038461538462 0.06025641025641026
0 0.5877403846153846 0.453525641025641 0.04471153846153846 0.060897435897435896
0 0.5439903846153846 0.45368589743589743 0.04423076923076923 0.061217948717948716
0 0.32752403846153844 0.45384615384615384 0.045432692307692306 0.05961538461538462
0 0.5006009615384616 0.45384615384615384 0.04399038461538462 0.06025641025641026
0 0.27860576923076924 0.4583333333333333 0.047115384615384615 0.058333333333333334
0 0.2326923076923077 0.46073717948717946 0.04567307692307692 0.05929487179487179
0 0.18521634615384616 0.4634615384615385 0.045432692307692306 0.05961538461538462
0 0.10132211538461539 0.4637820512820513 0.040625 0.057692307692307696
0 0.1424278846153846 0.4639423076923077 0.042548076923076925 0.05993589743589744
0 0.30685096153846153 0.502724358974359 0.045432692307692306 0.058012820512820515
0 0.47920673076923076 0.502724358974359 0.04399038461538462 0.05929487179487179
0 0.8766826923076924 0.502724358974359 0.04471153846153846 0.06057692307692308
0 0.3933894230769231 0.5028846153846154 0.04447115384615385 0.05961538461538462
0 0.4362980769230769 0.5028846153846154 0.04375 0.05961538461538462
0 0.34975961538461536 0.5030448717948718 0.04375 0.05929487179487179
0 0.6978365384615385 0.5030448717948718 0.04519230769230769 0.061217948717948716
0 0.7426682692307692 0.5030448717948718 0.04591346153846154 0.06057692307692308
0 0.8320913461538462 0.5030448717948718 0.04495192307692308 0.061217948717948716
0 0.7876201923076923 0.5032051282051282 0.04591346153846154 0.060897435897435896
0 0.5223557692307692 0.5033653846153846 0.04375 0.05929487179487179
0 0.5655048076923077 0.5033653846153846 0.04399038461538462 0.05993589743589744
0 0.6091346153846153 0.5033653846153846 0.04519230769230769 0.06057692307692308
0 0.653125 0.503525641025641 0.04567307692307692 0.060897435897435896
0 0.2594951923076923 0.5076923076923077 0.046875 0.057692307692307696
0 0.21358173076923076 0.5102564102564102 0.045432692307692306 0.058333333333333334
0 0.16646634615384615 0.5128205128205128 0.04495192307692308 0.057692307692307696
0 0.12355769230769231 0.5131410256410256 0.041826923076923074 0.05897435897435897
0 0.3306490384615385 0.5509615384615385 0.043028846153846154 0.058333333333333334
0 0.2877403846153846 0.5514423076923077 0.046153846153846156 0.058012820512820515
0 0.4152644230769231 0.5517628205128206 0.04350961538461538 0.058653846153846154
0 0.37259615384615385 0.551923076923077 0.04278846153846154 0.05897435897435897
0 0.4580528846153846 0.5520833333333334 0.04350961538461538 0.058653846153846154
0 0.5010817307692308 0.5520833333333334 0.04350961538461538 0.05929487179487179
0 0.54375 0.5524038461538462 0.04375 0.05929487179487179
0 0.5871394230769231 0.5525641025641026 0.04447115384615385 0.05961538461538462
0 0.7189903846153847 0.552724358974359 0.04423076923076923 0.05993589743589744
0 0.8948317307692307 0.552724358974359 0.042548076923076925 0.05929487179487179
0 0.7631009615384615 0.5528846153846154 0.04495192307692308 0.05961538461538462
0 0.8070913461538461 0.5528846153846154 0.04495192307692308 0.060897435897435896
0 0.8519230769230769 0.5530448717948718 0.04423076923076923 0.06057692307692308
0 0.6307692307692307 0.5533653846153846 0.04471153846153846 0.05993589743589744
0 0.6754807692307693 0.5536858974358975 0.04567307692307692 0.05929487179487179
0 0.24026442307692308 0.5557692307692308 0.04591346153846154 0.05705128205128205
0 0.1951923076923077 0.5581730769230769 0.04519230769230769 0.055448717948717946
0 0.14975961538461538 0.5602564102564103 0.04423076923076923 0.05705128205128205
0 0.10805288461538462 0.5608974358974359 0.04110576923076923 0.05705128205128205
0 0.3111778846153846 0.5987179487179487 0.043028846153846154 0.057692307692307696
0 0.3532451923076923 0.5990384615384615 0.042548076923076925 0.057692307692307696
0 0.26826923076923076 0.5991987179487179 0.04519230769230769 0.05673076923076923
0 0.4799278846153846 0.5995192307692307 0.043028846153846154 0.05737179487179487
0 0.43786057692307695 0.5996794871794872 0.04350961538461538 0.058333333333333334
0 0.3951923076923077 0.5998397435897436 0.04375 0.058012820512820515
0 0.5224759615384615 0.6001602564102564 0.043028846153846154 0.058012820512820515
0 0.5651442307692308 0.600801282051282 0.04375 0.058012820512820515
0 0.6079326923076923 0.6009615384615384 0.04423076923076923 0.058333333333333334
0 0.6513221153846154 0.6014423076923077 0.04495192307692308 0.058653846153846154
0 0.6954326923076923 0.6017628205128205 0.04423076923076923 0.058012820512820515
0 0.7391826923076923 0.6019230769230769 0.04471153846153846 0.05897435897435897
0 0.8716346153846154 0.6022435897435897 0.04423076923076923 0.05897435897435897
0 0.7834134615384616 0.6024038461538461 0.04471153846153846 0.05993589743589744
0 0.8276442307692308 0.6024038461538461 0.04471153846153846 0.05993589743589744
0 0.22127403846153845 0.603525641025641 0.045432692307692306 0.05641025641025641
0 0.17668269230769232 0.6054487179487179 0.04471153846153846 0.05641025641025641
0 0.13173076923076923 0.6076923076923076 0.04423076923076923 0.05576923076923077
0 0.2915865384615385 0.6459935897435898 0.04326923076923077 0.058012820512820515
0 0.33353365384615385 0.6463141025641026 0.042548076923076925 0.058653846153846154
0 0.4592548076923077 0.646474358974359 0.043028846153846154 0.057692307692307696
0 0.24903846153846154 0.6466346153846154 0.04471153846153846 0.05673076923076923
0 0.3752403846153846 0.6467948717948718 0.04230769230769231 0.058333333333333334
0 0.4173076923076923 0.6467948717948718 0.04278846153846154 0.057692307692307696
0 0.5015625 0.6471153846153846 0.04350961538461538 0.057692307692307696
0 0.54375 0.6479166666666667 0.04278846153846154 0.058012820512820515
0 0.5861778846153847 0.6479166666666667 0.04350961538461538 0.058012820512820515
0 0.6287259615384615 0.6487179487179487 0.043028846153846154 0.058333333333333334
0 0.6719951923076923 0.6490384615384616 0.04447115384615385 0.058333333333333334
0 0.715625 0.6496794871794872 0.04423076923076923 0.058333333333333334
0 0.7594951923076924 0.6503205128205128 0.04447115384615385 0.058333333333333334
0 0.8471153846153846 0.6503205128205128 0.04375 0.05897435897435897
0 0.20264423076923077 0.6503205128205128 0.04471153846153846 0.05576923076923077
0 0.8902644230769231 0.6508012820512821 0.04350961538461538 0.058653846153846154
0 0.8037259615384615 0.6511217948717949 0.04447115384615385 0.058653846153846154
0 0.15841346153846153 0.6524038461538462 0.04471153846153846 0.05673076923076923
0 0.1141826923076923 0.6548076923076923 0.041826923076923074 0.05576923076923077
0 0.2719951923076923 0.6926282051282051 0.042548076923076925 0.05576923076923077
0 0.3139423076923077 0.6927884615384615 0.04230769230769231 0.05608974358974359
0 0.2298076923076923 0.6927884615384615 0.04423076923076923 0.05608974358974359
0 0.3973557692307692 0.6931089743589743 0.04278846153846154 0.05673076923076923
0 0.35528846153846155 0.6932692307692307 0.04230769230769231 0.05705128205128205
0 0.4390625 0.6934294871794872 0.042548076923076925 0.05673076923076923
0 0.5229567307692308 0.6943910256410256 0.042548076923076925 0.05737179487179487
0 0.5647836538461538 0.6947115384615384 0.042548076923076925 0.058012820512820515
0 0.4813701923076923 0.6948717948717948 0.042067307692307696 0.05705128205128205
0 0.6069711538461539 0.6956730769230769 0.04375 0.058012820512820515
0 0.6497596153846154 0.6963141025641025 0.04326923076923077 0.058012820512820515
0 0.1841346153846154 0.6967948717948718 0.04423076923076923 0.05512820512820513
0 0.6927884615384615 0.6971153846153846 0.04375 0.05897435897435897
0 0.7359375 0.6975961538461538 0.04399038461538462 0.058012820512820515
0 0.14098557692307692 0.6979166666666666 0.042067307692307696 0.05416666666666667
0 0.8658653846153846 0.698076923076923 0.04230769230769231 0.058333333333333334
0 0.7794471153846154 0.6982371794871794 0.04399038461538462 0.058012820512820515
0 0.8225961538461538 0.6985576923076923 0.04423076923076923 0.058653846153846154
0 0.21189903846153846 0.7383012820512821 0.04158653846153846 0.05608974358974359
0 0.2527644230769231 0.7384615384615385 0.042067307692307696 0.05576923076923077
0 0.29447115384615385 0.7389423076923077 0.04230769230769231 0.05673076923076923
0 0.33581730769230766 0.7391025641025641 0.041826923076923074 0.05705128205128205
0 0.37716346153846153 0.739423076923077 0.04230769230769231 0.057692307692307696
0 0.4186298076923077 0.7395833333333334 0.042548076923076925 0.05737179487179487
0 0.46021634615384616 0.740224358974359 0.042548076923076925 0.05673076923076923
0 0.5020432692307693 0.7408653846153846 0.043028846153846154 0.05737179487179487
0 0.5438701923076923 0.7411858974358975 0.042067307692307696 0.05737179487179487
0 0.5855769230769231 0.7418269230769231 0.04326923076923077 0.058012820512820515
0 0.16634615384615384 0.7418269230769231 0.04471153846153846 0.055448717948717946
0 0.12367788461538462 0.7427884615384616 0.039663461538461536 0.05608974358974359
0 0.6280048076923077 0.7431089743589744 0.043028846153846154 0.058012820512820515
0 0.6704326923076923 0.7435897435897436 0.04326923076923077 0.057692307692307696
0 0.7134615384615385 0.7448717948717949 0.04423076923076923 0.057692307692307696
0 0.75625 0.7450320512820513 0.04278846153846154 0.058012820512820515
0 0.7989182692307693 0.7455128205128205 0.04350961538461538 0.057692307692307696
0 0.8421875 0.7458333333333333 0.043028846153846154 0.057692307692307696
0 0.8852163461538461 0.7483974358974359 0.043028846153846154 0.057692307692307696
0 0.19266826923076924 0.7833333333333333 0.042067307692307696 0.05576923076923077
0 0.23413461538461539 0.7834935897435897 0.041826923076923074 0.055448717948717946
0 0.275 0.7841346153846154 0.041826923076923074 0.05608974358974359
0 0.31598557692307694 0.784775641025641 0.04110576923076923 0.05608974358974359
0 0.35721153846153847 0.7852564102564102 0.041826923076923074 0.05641025641025641
0 0.39879807692307695 0.7858974358974359 0.041826923076923074 0.05705128205128205
0 0.43966346153846153 0.7862179487179487 0.04230769230769231 0.05705128205128205
0 0.4813701923076923 0.7865384615384615 0.042067307692307696 0.05641025641025641
0 0.14807692307692308 0.7865384615384615 0.04278846153846154 0.05384615384615385
0 0.5225961538461539 0.7870192307692307 0.04230769230769231 0.05673076923076923
0 0.5645432692307693 0.7873397435897436 0.042548076923076925 0.05673076923076923
0 0.6072115384615384 0.7892628205128205 0.04326923076923077 0.058012820512820515
0 0.6486778846153847 0.7895833333333333 0.043028846153846154 0.05608974358974359
0 0.6907451923076923 0.7903846153846154 0.043028846153846154 0.05576923076923077
0 0.7334134615384615 0.791025641025641 0.04326923076923077 0.05641025641025641
0 0.8611778846153846 0.7911858974358974 0.043028846153846154 0.05608974358974359
0 0.7756009615384616 0.7916666666666666 0.042548076923076925 0.05641025641025641
0 0.8182692307692307 0.7916666666666666 0.04326923076923077 0.05641025641025641
0 0.17391826923076922 0.8277243589743589 0.042548076923076925 0.052243589743589745
0 0.215625 0.8280448717948717 0.040865384615384616 0.05416666666666667
0 0.25625 0.8288461538461539 0.040865384615384616 0.05512820512820513
0 0.1295673076923077 0.8291666666666667 0.041346153846153845 0.052564102564102565
0 0.29651442307692305 0.8294871794871795 0.040625 0.05576923076923077
0 0.3371394230769231 0.8307692307692308 0.04158653846153846 0.05576923076923077
0 0.3783653846153846 0.8314102564102565 0.04230769230769231 0.05576923076923077
0 0.4199519230769231 0.8315705128205129 0.041826923076923074 0.055448717948717946
0 0.46081730769230766 0.8318910256410257 0.04230769230769231 0.05608974358974359
0 0.5020432692307693 0.8322115384615385 0.04158653846153846 0.05608974358974359
0 0.5433894230769231 0.8330128205128206 0.042067307692307696 0.05641025641025641
0 0.5850961538461539 0.8338141025641026 0.04230769230769231 0.05673076923076923
0 0.6268028846153846 0.8349358974358975 0.042548076923076925 0.05705128205128205
0 0.66875 0.8358974358974359 0.04278846153846154 0.05705128205128205
0 0.8798076923076923 0.836698717948718 0.041346153846153845 0.055448717948717946
0 0.7112980769230769 0.8373397435897436 0.04278846153846154 0.05737179487179487
0 0.7533653846153846 0.8375 0.04326923076923077 0.05641025641025641
0 0.8384615384615385 0.8376602564102564 0.04278846153846154 0.05673076923076923
0 0.7959134615384615 0.8378205128205128 0.04278846153846154 0.05641025641025641
0 0.15576923076923077 0.8697115384615385 0.04038461538461539 0.0516025641025641
0 0.1967548076923077 0.8716346153846154 0.04110576923076923 0.052884615384615384
0 0.2375 0.8732371794871795 0.040865384615384616 0.05416666666666667
0 0.27776442307692306 0.8740384615384615 0.04014423076923077 0.05512820512820513
0 0.3177884615384615 0.8751602564102564 0.040865384615384616 0.055448717948717946
0 0.3585336538461538 0.8759615384615385 0.04110576923076923 0.05576923076923077
0 0.3995192307692308 0.8766025641025641 0.041826923076923074 0.05512820512820513
0 0.4407451923076923 0.8766025641025641 0.04158653846153846 0.05512820512820513
0 0.4816105769230769 0.8775641025641026 0.042067307692307696 0.05576923076923077
0 0.5229567307692308 0.8778846153846154 0.04158653846153846 0.05641025641025641
0 0.5641826923076924 0.8791666666666667 0.041826923076923074 0.05641025641025641
0 0.6055288461538462 0.8798076923076923 0.041826923076923074 0.05641025641025641
0 0.6477163461538461 0.8815705128205128 0.042548076923076925 0.05608974358974359
0 0.6893028846153846 0.8822115384615384 0.042067307692307696 0.05608974358974359
0 0.7313701923076923 0.8822115384615384 0.04399038461538462 0.05416666666666667
0 0.8578125 0.8823717948717948 0.042548076923076925 0.05512820512820513
0 0.7731971153846153 0.8828525641025641 0.042548076923076925 0.055448717948717946
0 0.815264423076923 0.8831730769230769 0.042067307692307696 0.055448717948717946
0 0.13786057692307693 0.9126602564102564 0.039663461538461536 0.05416666666666667
0 0.1780048076923077 0.9131410256410256 0.040625 0.0532051282051282
0 0.21875 0.9153846153846154 0.040865384615384616 0.05384615384615385
0 0.2588942307692308 0.9171474358974359 0.03990384615384615 0.05416666666666667
0 0.29903846153846153 0.9184294871794871 0.03990384615384615 0.05480769230769231
0 0.3395432692307692 0.919551282051282 0.040625 0.05448717948717949
0 0.3800480769230769 0.9200320512820512 0.04038461538461539 0.05352564102564102
0 0.4205528846153846 0.9208333333333333 0.04158653846153846 0.05384615384615385
0 0.5026442307692308 0.9219551282051283 0.041346153846153845 0.05416666666666667
0 0.4617788461538462 0.9224358974358975 0.04230769230769231 0.052564102564102565
0 0.5435096153846154 0.9232371794871795 0.04230769230769231 0.052243589743589745
0 0.5846153846153846 0.9237179487179488 0.04038461538461539 0.05448717948717949
0 0.6259615384615385 0.9243589743589744 0.041346153846153845 0.05384615384615385
0 0.6676682692307693 0.9256410256410257 0.042067307692307696 0.0532051282051282
0 0.8763221153846154 0.9258012820512821 0.040625 0.05352564102564102
0 0.7930288461538462 0.9272435897435898 0.041346153846153845 0.0532051282051282
0 0.8352163461538461 0.9272435897435898 0.042067307692307696 0.05448717948717949
0 0.7094951923076923 0.9274038461538462 0.04158653846153846 0.05416666666666667
0 0.7513221153846154 0.927724358974359 0.042548076923076925 0.05480769230769231
0 0.5450721153846154 0.12916666666666668 0.046875 0.06666666666666667
0 0.4986778846153846 0.13076923076923078 0.04735576923076923 0.06538461538461539
0 0.4518028846153846 0.13221153846153846 0.048317307692307694 0.06442307692307692
0 0.3998798076923077 0.13766025641025642 0.04927884615384615 0.06442307692307692
0 0.8015625 0.18205128205128204 0.04783653846153846 0.0685897435897436
0 0.8944711538461538 0.18205128205128204 0.04807692307692308 0.06538461538461539
0 0.8483173076923077 0.18237179487179486 0.047596153846153844 0.06538461538461539
0 0.7548076923076923 0.18269230769230768 0.047115384615384615 0.06602564102564103
0 0.7080528846153846 0.18333333333333332 0.04783653846153846 0.06602564102564103
0 0.661298076923077 0.18445512820512822 0.047115384615384615 0.06570512820512821
0 0.6145432692307692 0.18525641025641026 0.04783653846153846 0.06474358974358975
0 0.5679086538461539 0.18621794871794872 0.04735576923076923 0.06538461538461539
0 0.5216346153846154 0.18685897435897436 0.046634615384615385 0.06602564102564103
0 0.47584134615384616 0.1876602564102564 0.04639423076923077 0.06634615384615385
0 0.4294471153846154 0.1889423076923077 0.04879807692307692 0.06378205128205128
0 0.3782451923076923 0.19503205128205128 0.05024038461538462 0.06378205128205128
0 0.33028846153846153 0.19823717948717948 0.04807692307692308 0.06314102564102564
0 0.28173076923076923 0.20256410256410257 0.047115384615384615 0.06217948717948718
0 0.2361778846153846 0.20352564102564102 0.045432692307692306 0.0641025641025641
0 0.19254807692307693 0.2048076923076923 0.04423076923076923 0.06217948717948718
0 0.1483173076923077 0.20560897435897435 0.04423076923076923 0.061217948717948716
0 0.10348557692307692 0.2075320512820513 0.04447115384615385 0.0625
0 0.9150240384615385 0.23814102564102563 0.046875 0.06346153846153846
0 0.8685096153846154 0.23862179487179488 0.047596153846153844 0.06506410256410257
0 0.8222355769230769 0.2387820512820513 0.04591346153846154 0.06474358974358975
0 0.7760817307692308 0.23926282051282052 0.046875 0.06570512820512821
0 0.7298076923076923 0.23974358974358975 0.047596153846153844 0.06602564102564103
0 0.6829326923076923 0.24022435897435898 0.047115384615384615 0.06506410256410257
0 0.6366586538461538 0.24134615384615385 0.04735576923076923 0.06474358974358975
0 0.5905048076923077 0.2419871794871795 0.046875 0.06538461538461539
0 0.5443509615384615 0.24262820512820513 0.04591346153846154 0.06602564102564103
0 0.49903846153846154 0.24358974358974358 0.04567307692307692 0.0641025641025641
0 0.45384615384615384 0.24375 0.046153846153846156 0.06506410256410257
0 0.40805288461538464 0.24471153846153845 0.04783653846153846 0.06314102564102564
0 0.35733173076923075 0.25064102564102564 0.04927884615384615 0.06217948717948718
0 0.3099759615384615 0.2532051282051282 0.04735576923076923 0.06282051282051282
0 0.26213942307692306 0.257051282051282 0.04639423076923077 0.06346153846153846
0 0.21742788461538462 0.25801282051282054 0.04447115384615385 0.0641025641025641
0 0.1735576923076923 0.25849358974358977 0.04375 0.06442307692307692
0 0.1296875 0.25993589743589746 0.04447115384615385 0.06217948717948718
0 0.0859375 0.26137820512820514 0.04350961538461538 0.061217948717948716
0 0.8888221153846154 0.29294871794871796 0.04591346153846154 0.06474358974358975
0 0.8426682692307692 0.2934294871794872 0.046875 0.06442307692307692
0 0.7969951923076923 0.2939102564102564 0.046875 0.06346153846153846
0 0.7506009615384616 0.29407051282051283 0.046875 0.06378205128205128
0 0.7044471153846154 0.2948717948717949 0.04639423076923077 0.0641025641025641
0 0.6584134615384616 0.2956730769230769 0.046634615384615385 0.06442307692307692
0 0.6123798076923077 0.2967948717948718 0.04639423076923077 0.0641025641025641
0 0.5668269230769231 0.29743589743589743 0.046153846153846156 0.0641025641025641
0 0.4768028846153846 0.29791666666666666 0.045432692307692306 0.06378205128205128
0 0.521875 0.2980769230769231 0.04567307692307692 0.06346153846153846
0 0.4324519230769231 0.2987179487179487 0.04519230769230769 0.06346153846153846
0 0.3875 0.29935897435897435 0.047115384615384615 0.06282051282051282
0 0.3373798076923077 0.30464743589743587 0.04879807692307692 0.06185897435897436
0 0.2905048076923077 0.3072115384615385 0.04639423076923077 0.0625
0 0.24266826923076923 0.3104166666666667 0.046875 0.06185897435897436
0 0.1986778846153846 0.31137820512820513 0.04399038461538462 0.06314102564102564
0 0.1545673076923077 0.31201923076923077 0.04375 0.0625
0 0.11225961538461539 0.3125 0.04375 0.060897435897435896