0 0.16650390625 0.66015625 0.0419921875 0.053385416666666664
0 0.207275390625 0.6614583333333334 0.04150390625 0.053385416666666664
0 0.24658203125 0.6630859375 0.041015625 0.054036458333333336
0 0.286865234375 0.6647135416666666 0.04150390625 0.0546875
0 0.32763671875 0.666015625 0.041015625 0.055989583333333336
0 0.3681640625 0.6663411458333334 0.0419921875 0.055338541666666664
0 0.408203125 0.6673177083333334 0.041015625 0.0546875
0 0.447998046875 0.6682942708333334 0.04052734375 0.054036458333333336
0 0.48779296875 0.669921875 0.041015625 0.0546875
0 0.52783203125 0.6715494791666666 0.041015625 0.055338541666666664
0 0.568115234375 0.673828125 0.04150390625 0.055989583333333336
0 0.6083984375 0.6761067708333334 0.0419921875 0.055338541666666664
0 0.649169921875 0.6780598958333334 0.04248046875 0.055338541666666664
0 0.6904296875 0.6800130208333334 0.0419921875 0.055338541666666664
0 0.732177734375 0.6826171875 0.04345703125 0.055338541666666664
0 0.7744140625 0.6848958333333334 0.0419921875 0.055989583333333336
0 0.816162109375 0.6868489583333334 0.04248046875 0.055989583333333336
0 0.858642578125 0.6884765625 0.04345703125 0.054036458333333336
0 0.148193359375 0.7018229166666666 0.03955078125 0.052083333333333336
0 0.18798828125 0.7041015625 0.041015625 0.052734375
0 0.2275390625 0.7057291666666666 0.0400390625 0.053385416666666664
0 0.267578125 0.7080078125 0.041015625 0.054036458333333336
0 0.3076171875 0.7096354166666666 0.041015625 0.0546875
0 0.34765625 0.7106119791666666 0.041015625 0.054036458333333336
0 0.3876953125 0.7109375 0.041015625 0.053385416666666664
0 0.427734375 0.7112630208333334 0.041015625 0.054036458333333336
0 0.46728515625 0.7132161458333334 0.0400390625 0.054036458333333336
0 0.5068359375 0.7151692708333334 0.041015625 0.055338541666666664
0 0.546875 0.716796875 0.041015625 0.0546875
0 0.587158203125 0.7194010416666666 0.04150390625 0.0546875
0 0.62744140625 0.7213541666666666 0.041015625 0.0546875
0 0.668212890625 0.7239583333333334 0.04150390625 0.0546875
0 0.709228515625 0.7265625 0.04248046875 0.0546875
0 0.750732421875 0.7288411458333334 0.04248046875 0.055338541666666664
0 0.792724609375 0.7314453125 0.04248046875 0.054036458333333336
0 0.87890625 0.732421875 0.04296875 0.053385416666666664
0 0.8349609375 0.7330729166666666 0.0439453125 0.0546875
0 0.169677734375 0.7444661458333334 0.04052734375 0.051432291666666664
0 0.209228515625 0.7473958333333334 0.04052734375 0.052083333333333336
0 0.24853515625 0.7493489583333334 0.0400390625 0.052083333333333336
0 0.288818359375 0.751953125 0.04052734375 0.052083333333333336
0 0.327880859375 0.7529296875 0.04052734375 0.052734375
0 0.367919921875 0.7542317708333334 0.04052734375 0.052734375
0 0.40771484375 0.7548828125 0.0400390625 0.052734375
0 0.44677734375 0.755859375 0.0400390625 0.053385416666666664
0 0.486328125 0.7578125 0.0400390625 0.053385416666666664
0 0.5263671875 0.7591145833333334 0.041015625 0.053385416666666664
0 0.56591796875 0.7613932291666666 0.041015625 0.054036458333333336
0 0.60546875 0.7639973958333334 0.041015625 0.054036458333333336
0 0.64599609375 0.7666015625 0.041015625 0.054036458333333336
0 0.688720703125 0.771484375 0.04248046875 0.053385416666666664
0 0.727783203125 0.7721354166666666 0.04150390625 0.053385416666666664
0 0.7685546875 0.7740885416666666 0.0419921875 0.0546875
0 0.854736328125 0.7757161458333334 0.04345703125 0.052734375
0 0.810791015625 0.7766927083333334 0.04345703125 0.053385416666666664
0 0.1533203125 0.7858072916666666 0.0380859375 0.049479166666666664
0 0.190673828125 0.7874348958333334 0.03857421875 0.051432291666666664
0 0.230224609375 0.7903645833333334 0.03955078125 0.05078125
0 0.27001953125 0.79296875 0.0400390625 0.05078125
0 0.30908203125 0.7942708333333334 0.0400390625 0.052083333333333336
0 0.348876953125 0.7958984375 0.04052734375 0.051432291666666664
0 0.387939453125 0.796875 0.04052734375 0.052083333333333336
0 0.427001953125 0.7975260416666666 0.04052734375 0.052083333333333336
0 0.466552734375 0.7991536458333334 0.04052734375 0.052734375
0 0.50537109375 0.8014322916666666 0.0400390625 0.053385416666666664
0 0.544677734375 0.8037109375 0.04052734375 0.052734375
0 0.584716796875 0.8056640625 0.04052734375 0.052734375
0 0.62451171875 0.80859375 0.041015625 0.053385416666666664
0 0.664306640625 0.8118489583333334 0.04052734375 0.053385416666666664
0 0.705078125 0.814453125 0.041015625 0.053385416666666664
0 0.745849609375 0.8167317708333334 0.04150390625 0.054036458333333336
0 0.87353515625 0.818359375 0.0419921875 0.052083333333333336
0 0.786865234375 0.8186848958333334 0.04345703125 0.052734375
0 0.831298828125 0.8190104166666666 0.04345703125 0.052083333333333336
0 0.174560546875 0.8268229166666666 0.03857421875 0.049479166666666664
0 0.21240234375 0.8297526041666666 0.0390625 0.048828125
0 0.25146484375 0.8326822916666666 0.0400390625 0.05078125
0 0.29052734375 0.8356119791666666 0.0400390625 0.051432291666666664
0 0.32958984375 0.8372395833333334 0.0400390625 0.052083333333333336
0 0.3681640625 0.8382161458333334 0.0400390625 0.052734375
0 0.40771484375 0.83984375 0.0400390625 0.053385416666666664
0 0.446044921875 0.8411458333333334 0.03955078125 0.053385416666666664
0 0.4853515625 0.8434244791666666 0.0400390625 0.052734375
0 0.524169921875 0.8453776041666666 0.03955078125 0.052734375
0 0.56298828125 0.8470052083333334 0.0400390625 0.052083333333333336
0 0.602783203125 0.8505859375 0.04052734375 0.052734375
0 0.642822265625 0.8531901041666666 0.04052734375 0.052734375
0 0.682861328125 0.8561197916666666 0.04052734375 0.053385416666666664
0 0.72314453125 0.859375 0.041015625 0.053385416666666664
0 0.80712890625 0.8603515625 0.0419921875 0.051432291666666664
0 0.76416015625 0.8606770833333334 0.0419921875 0.052083333333333336
0 0.8505859375 0.8606770833333334 0.0419921875 0.052083333333333336
0 0.158447265625 0.8658854166666666 0.03662109375 0.05078125
0 0.1953125 0.8684895833333334 0.0380859375 0.05078125
0 0.232666015625 0.8717447916666666 0.03857421875 0.05078125
0 0.27197265625 0.875 0.0390625 0.052083333333333336
0 0.31005859375 0.8782552083333334 0.0390625 0.052083333333333336
0 0.3486328125 0.8795572916666666 0.0390625 0.052083333333333336
0 0.38720703125 0.8815104166666666 0.0390625 0.052083333333333336
0 0.426025390625 0.8834635416666666 0.03955078125 0.052083333333333336
0 0.46533203125 0.8854166666666666 0.0390625 0.05078125
0 0.50390625 0.8870442708333334 0.0390625 0.051432291666666664
0 0.54296875 0.8893229166666666 0.0390625 0.052083333333333336
0 0.582275390625 0.8916015625 0.03955078125 0.051432291666666664
0 0.62158203125 0.8938802083333334 0.0400390625 0.052083333333333336
0 0.6611328125 0.896484375 0.0400390625 0.052083333333333336
0 0.700439453125 0.8997395833333334 0.03955078125 0.052083333333333336
0 0.740966796875 0.9016927083333334 0.04150390625 0.052083333333333336
0 0.82568359375 0.9016927083333334 0.041015625 0.05078125
0 0.783935546875 0.9020182291666666 0.04248046875 0.051432291666666664
0 0.86767578125 0.9029947916666666 0.041015625 0.052083333333333336
0 0.47119140625 0.1240234375 0.046875 0.068359375
0 0.51806640625 0.12467447916666667 0.0478515625 0.068359375
0 0.611572265625 0.12662760416666666 0.04833984375 0.06705729166666667
0 0.564697265625 0.12727864583333334 0.04736328125 0.06705729166666667
0 0.35693359375 0.18001302083333334 0.046875 0.064453125
0 0.21923828125 0.18033854166666666 0.0458984375 0.06380208333333333
0 0.264404296875 0.18098958333333334 0.04541015625 0.06380208333333333
0 0.309814453125 0.18098958333333334 0.04736328125 0.06380208333333333
0 0.402587890625 0.18098958333333334 0.04638671875 0.06380208333333333
0 0.173828125 0.18131510416666666 0.0458984375 0.06315104166666667
0 0.4482421875 0.18229166666666666 0.0458984375 0.06510416666666667
0 0.493896484375 0.18326822916666666 0.04638671875 0.06575520833333333
0 0.126953125 0.18359375 0.046875 0.0625
0 0.539306640625 0.18391927083333334 0.04638671875 0.06575520833333333
0 0.5859375 0.18489583333333334 0.046875 0.06640625
0 0.632568359375 0.18489583333333334 0.04736328125 0.06640625
0 0.678955078125 0.18619791666666666 0.04736328125 0.06510416666666667
0 0.725830078125 0.18717447916666666 0.04736328125 0.06575520833333333
0 0.772705078125 0.18912760416666666 0.04736328125 0.06575520833333333
0 0.8193359375 0.19010416666666666 0.0478515625 0.06640625
0 0.866455078125 0.19173177083333334 0.04736328125 0.06575520833333333
0 0.91357421875 0.19270833333333334 0.0478515625 0.06510416666666667
0 0.200439453125 0.23404947916666666 0.04541015625 0.06315104166666667
0 0.244873046875 0.234375 0.04541015625 0.06380208333333333
0 0.156005859375 0.23470052083333334 0.04541015625 0.061848958333333336
0 0.335693359375 0.23470052083333334 0.04638671875 0.06315104166666667
0 0.289794921875 0.23502604166666666 0.04638671875 0.06380208333333333
0 0.381103515625 0.2353515625 0.04541015625 0.064453125
0 0.1103515625 0.23697916666666666 0.0458984375 0.061197916666666664
0 0.425537109375 0.23697916666666666 0.04541015625 0.06380208333333333
0 0.470703125 0.23828125 0.0458984375 0.06510416666666667
0 0.515380859375 0.23893229166666666 0.04541015625 0.06510416666666667
0 0.560546875 0.24055989583333334 0.0458984375 0.064453125
0 0.606201171875 0.24088541666666666 0.04638671875 0.06510416666666667
0 0.652099609375 0.24186197916666666 0.04638671875 0.064453125
0 0.698486328125 0.24283854166666666 0.04736328125 0.06510416666666667
0 0.74462890625 0.244140625 0.046875 0.06510416666666667
0 0.791259765625 0.24479166666666666 0.04736328125 0.06510416666666667
0 0.838134765625 0.24609375 0.04736328125 0.06510416666666667
0 0.884033203125 0.24739583333333334 0.04638671875 0.06640625
0 0.929931640625 0.2490234375 0.04736328125 0.064453125
0 0.182373046875 0.2858072916666667 0.04443359375 0.061197916666666664
0 0.13916015625 0.2861328125 0.044921875 0.060546875
0 0.225830078125 0.2864583333333333 0.04443359375 0.061197916666666664
0 0.270263671875 0.2867838541666667 0.04541015625 0.061848958333333336
0 0.3154296875 0.287109375 0.0458984375 0.0625
0 0.360107421875 0.2880859375 0.04541015625 0.061848958333333336
0 0.404296875 0.2897135416666667 0.044921875 0.06380208333333333
0 0.4482421875 0.2906901041666667 0.044921875 0.06315104166666667
0 0.49267578125 0.2919921875 0.044921875 0.06315104166666667
0 0.536865234375 0.2936197916666667 0.04541015625 0.0625
0 0.581298828125 0.2945963541666667 0.04541015625 0.06315104166666667
0 0.626220703125 0.2955729166666667 0.04638671875 0.06380208333333333
0 0.671630859375 0.2962239583333333 0.04638671875 0.06380208333333333
0 0.717041015625 0.2978515625 0.04638671875 0.064453125
0 0.763427734375 0.2985026041666667 0.04638671875 0.06315104166666667
0 0.80908203125 0.3001302083333333 0.046875 0.06380208333333333
0 0.855712890625 0.30078125 0.04638671875 0.06380208333333333
0 0.900634765625 0.3017578125 0.04541015625 0.06315104166666667
0 0.164794921875 0.3362630208333333 0.04345703125 0.060546875
0 0.122314453125 0.3369140625 0.04248046875 0.060546875
0 0.207763671875 0.3369140625 0.04443359375 0.060546875
0 0.29638671875 0.337890625 0.044921875 0.061197916666666664
0 0.251220703125 0.3382161458333333 0.04443359375 0.060546875
0 0.3408203125 0.3388671875 0.0439453125 0.060546875
0 0.384033203125 0.3408203125 0.04443359375 0.060546875
0 0.427001953125 0.3424479166666667 0.04443359375 0.061197916666666664
0 0.47021484375 0.3430989583333333 0.0439453125 0.061197916666666664
0 0.513427734375 0.3450520833333333 0.04443359375 0.061197916666666664
0 0.55712890625 0.3453776041666667 0.044921875 0.061848958333333336
0 0.60107421875 0.3473307291666667 0.044921875 0.061848958333333336
0 0.6455078125 0.3483072916666667 0.0458984375 0.061197916666666664
0 0.690185546875 0.3492838541666667 0.04638671875 0.061848958333333336
0 0.735595703125 0.3509114583333333 0.04638671875 0.0625
0 0.781494140625 0.3522135416666667 0.04638671875 0.0625
0 0.826416015625 0.3531901041666667 0.04638671875 0.06315104166666667
0 0.8720703125 0.3544921875 0.0458984375 0.06315104166666667
0 0.91796875 0.35546875 0.0458984375 0.061197916666666664
0 0.146728515625 0.3854166666666667 0.04345703125 0.05859375
0 0.189453125 0.3863932291666667 0.0439453125 0.059244791666666664
0 0.232666015625 0.38671875 0.04443359375 0.05859375
0 0.277099609375 0.38671875 0.04443359375 0.059895833333333336
0 0.3203125 0.388671875 0.044921875 0.059895833333333336
0 0.363525390625 0.3896484375 0.04345703125 0.059244791666666664
0 0.40625 0.3912760416666667 0.0439453125 0.05859375
0 0.448974609375 0.3929036458333333 0.04345703125 0.059244791666666664
0 0.491455078125 0.3942057291666667 0.04345703125 0.059244791666666664
0 0.5341796875 0.3955078125 0.0439453125 0.059244791666666664
0 0.577392578125 0.3968098958333333 0.04443359375 0.059244791666666664
0 0.620361328125 0.3977864583333333 0.04443359375 0.059895833333333336
0 0.664794921875 0.3997395833333333 0.04541015625 0.059895833333333336
0 0.709716796875 0.4013671875 0.04638671875 0.060546875
0 0.75439453125 0.40234375 0.0458984375 0.061197916666666664
0 0.79931640625 0.4036458333333333 0.0458984375 0.061197916666666664
0 0.84375 0.4049479166666667 0.046875 0.061197916666666664
0 0.88916015625 0.40625 0.0458984375 0.061197916666666664
0 0.129150390625 0.43359375 0.04345703125 0.057291666666666664
0 0.170654296875 0.4342447916666667 0.04345703125 0.05859375
0 0.213623046875 0.4348958333333333 0.04443359375 0.05859375
0 0.2578125 0.4352213541666667 0.044921875 0.059244791666666664
0 0.30126953125 0.4358723958333333 0.04296875 0.057942708333333336
0 0.343505859375 0.4371744791666667 0.04345703125 0.057942708333333336
0 0.385986328125 0.4388020833333333 0.04345703125 0.05859375
0 0.427734375 0.4404296875 0.04296875 0.059244791666666664
0 0.4697265625 0.44140625 0.04296875 0.05859375
0 0.511962890625 0.4436848958333333 0.04345703125 0.057942708333333336
0 0.553955078125 0.4446614583333333 0.04345703125 0.05859375
0 0.596435546875 0.4462890625 0.04345703125 0.059244791666666664
0 0.639404296875 0.4479166666666667 0.04443359375 0.05859375
0 0.68359375 0.4495442708333333 0.044921875 0.059244791666666664
0 0.7275390625 0.4514973958333333 0.044921875 0.059244791666666664
0 0.772216796875 0.4524739583333333 0.04541015625 0.059895833333333336
0 0.81640625 0.4544270833333333 0.044921875 0.059895833333333336
0 0.86083984375 0.4557291666666667 0.044921875 0.059895833333333336
0 0.905029296875 0.45703125 0.04541015625 0.059895833333333336
0 0.153076171875 0.4817708333333333 0.04248046875 0.05859375
0 0.239501953125 0.4817708333333333 0.04443359375 0.057291666666666664
0 0.195556640625 0.4820963541666667 0.04345703125 0.056640625
0 0.28173828125 0.482421875 0.04296875 0.057291666666666664
0 0.323974609375 0.4837239583333333 0.04345703125 0.057291666666666664
0 0.365966796875 0.4856770833333333 0.04248046875 0.057291666666666664
0 0.407470703125 0.4873046875 0.04248046875 0.056640625
0 0.448974609375 0.4889322916666667 0.04248046875 0.057291666666666664
0 0.490234375 0.4895833333333333 0.0419921875 0.057291666666666664
0 0.53173828125 0.4912109375 0.04296875 0.056640625
0 0.57373046875 0.4928385416666667 0.04296875 0.057291666666666664
0 0.615966796875 0.4944661458333333 0.04345703125 0.057942708333333336
0 0.658203125 0.49609375 0.0439453125 0.057291666666666664
0 0.701904296875 0.4983723958333333 0.04443359375 0.057942708333333336
0 0.745849609375 0.4993489583333333 0.04541015625 0.05859375
0 0.789306640625 0.5016276041666666 0.04443359375 0.059244791666666664
0 0.833740234375 0.5032552083333334 0.04443359375 0.05859375
0 0.877197265625 0.5045572916666666 0.04443359375 0.05859375
0 0.13525390625 0.52734375 0.041015625 0.055989583333333336
0 0.1767578125 0.5279947916666666 0.0439453125 0.055989583333333336
0 0.22021484375 0.5283203125 0.0439453125 0.056640625
0 0.262939453125 0.5286458333333334 0.04248046875 0.057291666666666664
0 0.30419921875 0.5299479166666666 0.04296875 0.057291666666666664
0 0.345947265625 0.53125 0.04248046875 0.057291666666666664
0 0.38720703125 0.5322265625 0.04296875 0.056640625
0 0.428466796875 0.5338541666666666 0.04248046875 0.055989583333333336
0 0.4697265625 0.53515625 0.0419921875 0.055989583333333336
0 0.510498046875 0.5361328125 0.04150390625 0.056640625
0 0.551513671875 0.5377604166666666 0.04248046875 0.055989583333333336
0 0.5927734375 0.5397135416666666 0.04296875 0.055989583333333336
0 0.63525390625 0.5416666666666666 0.04296875 0.057291666666666664
0 0.677001953125 0.5439453125 0.04345703125 0.056640625
0 0.72021484375 0.5458984375 0.0439453125 0.056640625
0 0.763671875 0.5481770833333334 0.0439453125 0.057291666666666664
0 0.806396484375 0.5494791666666666 0.04443359375 0.057291666666666664
0 0.849853515625 0.5514322916666666 0.04443359375 0.057291666666666664
0 0.89306640625 0.552734375 0.04296875 0.057291666666666664
0 0.201904296875 0.5732421875 0.04248046875 0.055338541666666664
0 0.24365234375 0.5732421875 0.0419921875 0.055338541666666664
0 0.15869140625 0.5735677083333334 0.04296875 0.0546875
0 0.284912109375 0.5748697916666666 0.04248046875 0.055989583333333336
0 0.326171875 0.576171875 0.0419921875 0.055989583333333336
0 0.3671875 0.5768229166666666 0.0419921875 0.0546875
0 0.407958984375 0.5784505208333334 0.04150390625 0.055338541666666664
0 0.448486328125 0.5794270833333334 0.04150390625 0.055989583333333336
0 0.489013671875 0.5807291666666666 0.04150390625 0.055989583333333336
0 0.530029296875 0.5830078125 0.04150390625 0.055338541666666664
0 0.57080078125 0.583984375 0.0419921875 0.055989583333333336
0 0.611572265625 0.5862630208333334 0.04248046875 0.055338541666666664
0 0.653076171875 0.5882161458333334 0.04248046875 0.055338541666666664
0 0.695556640625 0.5901692708333334 0.04443359375 0.055338541666666664
0 0.738525390625 0.5927734375 0.04345703125 0.056640625
0 0.78173828125 0.5947265625 0.0439453125 0.056640625
0 0.82373046875 0.5970052083333334 0.0439453125 0.055989583333333336
0 0.866455078125 0.5983072916666666 0.04443359375 0.057291666666666664
0 0.18408203125 0.6168619791666666 0.0419921875 0.054036458333333336
0 0.1416015625 0.6171875 0.0419921875 0.053385416666666664
0 0.224609375 0.6178385416666666 0.0419921875 0.0546875
0 0.265869140625 0.619140625 0.04150390625 0.0546875
0 0.306640625 0.6204427083333334 0.0419921875 0.0546875
0 0.347412109375 0.62109375 0.04150390625 0.0546875
0 0.387939453125 0.6223958333333334 0.04150390625 0.0546875
0 0.42822265625 0.6236979166666666 0.041015625 0.0546875
0 0.468505859375 0.625 0.04150390625 0.0546875
0 0.5087890625 0.6263020833333334 0.041015625 0.0546875
0 0.548828125 0.6279296875 0.041015625 0.055338541666666664
0 0.589599609375 0.6298828125 0.04150390625 0.055338541666666664
0 0.63037109375 0.6321614583333334 0.0419921875 0.055989583333333336
0 0.671630859375 0.6337890625 0.04248046875 0.055338541666666664
0 0.7138671875 0.6360677083333334 0.04296875 0.0546875
0 0.75634765625 0.6389973958333334 0.04296875 0.055338541666666664
0 0.798583984375 0.6409505208333334 0.04248046875 0.055338541666666664
0 0.8408203125 0.6429036458333334 0.04296875 0.055338541666666664
0 0.883056640625 0.6448567708333334 0.04345703125 0.055338541666666664