0 0.11658653846153846 0.06850961538461539 0.06009615384615385 0.07932692307692307
0 0.3173076923076923 0.1346153846153846 0.057692307692307696 0.07692307692307693
0 0.34615384615384615 0.07211538461538461 0.057692307692307696 0.07932692307692307
0 0.0829326923076923 0.020432692307692308 0.06009615384615385 0.040865384615384616
0 0.17427884615384615 0.06850961538461539 0.06009615384615385 0.07932692307692307
0 0.4050480769230769 0.07211538461538461 0.06009615384615385 0.07932692307692307
0 0.14182692307692307 0.021634615384615384 0.057692307692307696 0.04326923076923077
0 0.19951923076923078 0.021634615384615384 0.057692307692307696 0.04326923076923077
0 0.2620192307692308 0.13341346153846154 0.057692307692307696 0.07692307692307693
0 0.28966346153846156 0.07091346153846154 0.057692307692307696 0.07932692307692307
0 0.23197115384615385 0.07091346153846154 0.057692307692307696 0.07932692307692307
0 0.4338942307692308 0.1971153846153846 0.01201923076923077 0.07451923076923077
0 0.026442307692307692 0.020432692307692308 0.052884615384615384 0.040865384615384616
0 0.03485576923076923 0.1310096153846154 0.06009615384615385 0.07932692307692307
0 0.234375 0.19471153846153846 0.057692307692307696 0.07451923076923077
0 0.3449519230769231 0.19591346153846154 0.055288461538461536 0.07692307692307693
0 0.05889423076923077 0.0673076923076923 0.06009615384615385 0.07932692307692307
0 0.28966346153846156 0.19471153846153846 0.057692307692307696 0.07692307692307693
0 0.17908653846153846 0.19471153846153846 0.057692307692307696 0.07451923076923077
0 0.14903846153846154 0.13341346153846154 0.057692307692307696 0.07932692307692307
0 0.4206730769230769 0.13581730769230768 0.038461538461538464 0.07692307692307693
0 0.20432692307692307 0.1346153846153846 0.057692307692307696 0.07692307692307693
0 0.12379807692307693 0.1935096153846154 0.057692307692307696 0.07451923076923077
0 0.40024038461538464 0.19591346153846154 0.055288461538461536 0.07451923076923077
0 0.3173076923076923 0.2548076923076923 0.055288461538461536 0.07211538461538461
0 0.0673076923076923 0.1935096153846154 0.057692307692307696 0.07451923076923077
0 0.003605769230769231 0.1310096153846154 0.007211538461538462 0.07692307692307693
0 0.21033653846153846 0.2536057692307692 0.055288461538461536 0.07451923076923077
0 0.25841346153846156 0.021634615384615384 0.06009615384615385 0.04326923076923077
0 0.007211538461538462 0.24879807692307693 0.014423076923076924 0.07451923076923077
0 0.3737980769230769 0.13581730769230768 0.057692307692307696 0.07451923076923077
0 0.3161057692307692 0.02283653846153846 0.06009615384615385 0.04567307692307692
0 0.3713942307692308 0.25600961538461536 0.057692307692307696 0.07451923076923077
0 0.09975961538461539 0.25240384615384615 0.057692307692307696 0.07451923076923077
0 0.26322115384615385 0.2548076923076923 0.055288461538461536 0.07451923076923077
0 0.4182692307692308 0.25600961538461536 0.04326923076923077 0.07211538461538461
0 0.15504807692307693 0.2536057692307692 0.055288461538461536 0.07451923076923077
0 0.12980769230769232 0.3112980769230769 0.055288461538461536 0.07211538461538461
0 0.07572115384615384 0.3112980769230769 0.055288461538461536 0.07211538461538461
0 0.23677884615384615 0.3125 0.055288461538461536 0.07211538461538461
0 0.37740384615384615 0.02283653846153846 0.06009615384615385 0.04567307692307692
0 0.39663461538461536 0.31490384615384615 0.055288461538461536 0.07211538461538461
0 0.28966346153846156 0.3137019230769231 0.055288461538461536 0.07211538461538461
0 0.18389423076923078 0.3112980769230769 0.055288461538461536 0.07211538461538461
0 0.09134615384615384 0.13221153846153846 0.057692307692307696 0.07932692307692307
0 0.3161057692307692 0.3713942307692308 0.052884615384615384 0.07211538461538461
0 0.34375 0.3137019230769231 0.055288461538461536 0.07211538461538461
0 0.04447115384615385 0.25240384615384615 0.057692307692307696 0.07451923076923077
0 0.015625 0.06490384615384616 0.03125 0.07451923076923077
0 0.26322115384615385 0.3701923076923077 0.052884615384615384 0.07211538461538461
0 0.43149038461538464 0.3137019230769231 0.019230769230769232 0.07211538461538461
0 0.21153846153846154 0.36899038461538464 0.055288461538461536 0.07211538461538461
0 0.02403846153846154 0.3088942307692308 0.04807692307692308 0.07211538461538461
0 0.3701923076923077 0.3713942307692308 0.055288461538461536 0.07211538461538461
0 0.421875 0.02283653846153846 0.036057692307692304 0.04567307692307692
0 0.020432692307692308 0.19230769230769232 0.040865384615384616 0.07451923076923077
0 0.15745192307692307 0.36899038461538464 0.052884615384615384 0.07211538461538461
0 0.4170673076923077 0.3713942307692308 0.04567307692307692 0.07211538461538461
0 0.07932692307692307 0.4230769230769231 0.052884615384615384 0.0673076923076923
0 0.1045673076923077 0.36778846153846156 0.052884615384615384 0.07211538461538461
0 0.051682692307692304 0.36778846153846156 0.052884615384615384 0.07211538461538461
0 0.028846153846153848 0.421875 0.052884615384615384 0.06490384615384616
0 0.18509615384615385 0.42427884615384615 0.052884615384615384 0.06490384615384616
0 0.016826923076923076 0.4495192307692308 0.03365384615384615 0.016826923076923076
0 0.056490384615384616 0.45072115384615385 0.052884615384615384 0.01201923076923077
0 0.3425480769230769 0.4254807692307692 0.052884615384615384 0.0625
0 0.01201923076923077 0.36538461538461536 0.02403846153846154 0.0673076923076923
0 0.3942307692307692 0.4254807692307692 0.055288461538461536 0.0625
0 0.42908653846153844 0.4254807692307692 0.021634615384615384 0.0625
0 0.28966346153846156 0.42427884615384615 0.052884615384615384 0.06490384615384616
0 0.13221153846153846 0.4230769230769231 0.052884615384615384 0.0673076923076923
0 0.23798076923076922 0.42427884615384615 0.052884615384615384 0.06490384615384616
0 0.953125 0.02283653846153846 0.09375 0.04567307692307692
0 0.7836538461538461 0.04927884615384615 0.13221153846153846 0.0985576923076923
0 0.49278846153846156 0.05889423076923077 0.10576923076923077 0.11778846153846154
0 0.6538461538461539 0.057692307692307696 0.15625 0.11538461538461539
0 0.46634615384615385 0.26322115384615385 0.052884615384615384 0.23076923076923078
0 0.9615384615384616 0.4026442307692308 0.07692307692307693 0.10817307692307693
0 0.5637019230769231 0.4230769230769231 0.14903846153846154 0.0673076923076923
0 0.34375 0.5709134615384616 0.19230769230769232 0.20192307692307693
0 0.13581730769230768 0.5769230769230769 0.21153846153846154 0.20432692307692307
0 0.015625 0.578125 0.03125 0.20673076923076922
0 0.390625 0.7319711538461539 0.0985576923076923 0.19471153846153846
0 0.24158653846153846 0.7439903846153846 0.20432692307692307 0.19471153846153846
0 0.06490384615384616 0.7487980769230769 0.12980769230769232 0.19951923076923078
0 0.33653846153846156 0.9014423076923077 0.19951923076923078 0.18509615384615385
0 0.13341346153846154 0.90625 0.19951923076923078 0.1875
0 0.01201923076923077 0.9086538461538461 0.02403846153846154 0.18269230769230768
0 0.22956730769230768 0.9831730769230769 0.19471153846153846 0.03365384615384615
0 0.7175480769230769 0.8521634615384616 0.21394230769230768 0.28846153846153844
0 0.8149038461538461 0.6454326923076923 0.1875 0.2620192307692308
0 0.8966346153846154 0.5180288461538461 0.15625 0.1201923076923077
0 0.7752403846153846 0.9675480769230769 0.18990384615384615 0.06490384615384616
0 0.9362980769230769 0.9675480769230769 0.12740384615384615 0.06490384615384616
0 0.8798076923076923 0.8581730769230769 0.15144230769230768 0.24278846153846154
0 0.9483173076923077 0.6670673076923077 0.10336538461538461 0.21875
0 0.984375 0.5372596153846154 0.03125 0.16105769230769232
0 0.9759615384615384 0.8521634615384616 0.04807692307692308 0.21153846153846154