0 0.03365384615384615 0.12620192307692307 0.05048076923076923 0.06971153846153846
0 0.08173076923076923 0.12620192307692307 0.052884615384615384 0.07211538461538461
0 0.13221153846153846 0.12620192307692307 0.052884615384615384 0.07211538461538461
0 0.18269230769230768 0.12620192307692307 0.052884615384615384 0.07211538461538461
0 0.23317307692307693 0.12740384615384615 0.052884615384615384 0.07211538461538461
0 0.28365384615384615 0.12860576923076922 0.052884615384615384 0.06971153846153846
0 0.33413461538461536 0.12860576923076922 0.052884615384615384 0.06971153846153846
0 0.38341346153846156 0.12860576923076922 0.05048076923076923 0.06971153846153846
0 0.48197115384615385 0.12980769230769232 0.05048076923076923 0.06971153846153846
0 0.4326923076923077 0.12980769230769232 0.05048076923076923 0.06971153846153846
0 0.5240384615384616 0.12980769230769232 0.038461538461538464 0.06971153846153846
0 0.109375 0.18389423076923078 0.05048076923076923 0.06971153846153846
0 0.06009615384615385 0.18389423076923078 0.05048076923076923 0.07211538461538461
0 0.15985576923076922 0.18389423076923078 0.05048076923076923 0.06971153846153846
0 0.2091346153846154 0.18389423076923078 0.052884615384615384 0.06971153846153846
0 0.2608173076923077 0.18509615384615385 0.052884615384615384 0.06971153846153846
0 0.31009615384615385 0.18509615384615385 0.05048076923076923 0.06971153846153846
0 0.359375 0.18629807692307693 0.05048076923076923 0.06971153846153846
0 0.40865384615384615 0.18629807692307693 0.05048076923076923 0.06971153846153846
0 0.5348557692307693 0.18509615384615385 0.016826923076923076 0.06971153846153846
0 0.5048076923076923 0.18629807692307693 0.05048076923076923 0.06971153846153846
0 0.4579326923076923 0.18629807692307693 0.05048076923076923 0.06971153846153846
0 0.0889423076923077 0.2403846153846154 0.05048076923076923 0.06971153846153846
0 0.039663461538461536 0.2403846153846154 0.05048076923076923 0.06971153846153846
0 0.13701923076923078 0.2403846153846154 0.05048076923076923 0.06971153846153846
0 0.1875 0.2403846153846154 0.052884615384615384 0.06971153846153846
0 0.23677884615384615 0.24158653846153846 0.05048076923076923 0.06971153846153846
0 0.28725961538461536 0.24158653846153846 0.05048076923076923 0.06971153846153846
0 0.33653846153846156 0.24158653846153846 0.05048076923076923 0.0673076923076923
0 0.5228365384615384 0.24158653846153846 0.038461538461538464 0.0673076923076923
0 0.38461538461538464 0.24158653846153846 0.05048076923076923 0.06971153846153846
0 0.4326923076923077 0.24158653846153846 0.05048076923076923 0.06971153846153846
0 0.48197115384615385 0.24278846153846154 0.05048076923076923 0.0673076923076923
0 0.5036057692307693 0.296875 0.04807692307692308 0.06490384615384616
0 0.0673076923076923 0.296875 0.05048076923076923 0.0673076923076923
0 0.5348557692307693 0.29447115384615385 0.016826923076923076 0.0673076923076923
0 0.26322115384615385 0.2980769230769231 0.05048076923076923 0.0673076923076923
0 0.21394230769230768 0.2980769230769231 0.05048076923076923 0.0673076923076923
0 0.11658653846153846 0.2980769230769231 0.05048076923076923 0.0673076923076923
0 0.1658653846153846 0.2980769230769231 0.05048076923076923 0.0673076923076923
0 0.4567307692307692 0.2980769230769231 0.04807692307692308 0.0625
0 0.4098557692307692 0.2980769230769231 0.05048076923076923 0.0673076923076923
0 0.3605769230769231 0.2980769230769231 0.05048076923076923 0.0673076923076923
0 0.3137019230769231 0.2980769230769231 0.05048076923076923 0.0673076923076923
0 0.5228365384615384 0.34975961538461536 0.038461538461538464 0.0625
0 0.4795673076923077 0.35096153846153844 0.04807692307692308 0.06490384615384616
0 0.4338942307692308 0.35216346153846156 0.04807692307692308 0.0673076923076923
0 0.3858173076923077 0.35216346153846156 0.05048076923076923 0.0673076923076923
0 0.2403846153846154 0.35216346153846156 0.04807692307692308 0.0673076923076923
0 0.04807692307692308 0.35216346153846156 0.04807692307692308 0.0673076923076923
0 0.19230769230769232 0.35216346153846156 0.05048076923076923 0.0673076923076923
0 0.14302884615384615 0.35216346153846156 0.05048076923076923 0.0673076923076923
0 0.09375 0.35216346153846156 0.05048076923076923 0.0673076923076923
0 0.33774038461538464 0.35216346153846156 0.05048076923076923 0.0673076923076923
0 0.28846153846153844 0.35336538461538464 0.05048076923076923 0.0673076923076923
0 0.5036057692307693 0.40384615384615385 0.04807692307692308 0.06490384615384616
0 0.5348557692307693 0.4026442307692308 0.016826923076923076 0.0625
0 0.4567307692307692 0.40384615384615385 0.04807692307692308 0.06490384615384616
0 0.4098557692307692 0.4050480769230769 0.04807692307692308 0.06490384615384616
0 0.3629807692307692 0.4050480769230769 0.05048076923076923 0.0673076923076923
0 0.31490384615384615 0.4050480769230769 0.05048076923076923 0.0673076923076923
0 0.265625 0.40625 0.05048076923076923 0.06490384615384616
0 0.21875 0.40625 0.05048076923076923 0.0673076923076923
0 0.0733173076923077 0.40625 0.05048076923076923 0.0673076923076923
0 0.16947115384615385 0.40625 0.05048076923076923 0.0673076923076923
0 0.1201923076923077 0.40625 0.05048076923076923 0.0673076923076923
0 0.5228365384615384 0.45552884615384615 0.038461538461538464 0.06490384615384616
0 0.4795673076923077 0.45552884615384615 0.04807692307692308 0.06490384615384616
0 0.4338942307692308 0.4567307692307692 0.04807692307692308 0.0625
0 0.3858173076923077 0.4567307692307692 0.04807692307692308 0.0625
0 0.3401442307692308 0.4579326923076923 0.04807692307692308 0.0673076923076923
0 0.2920673076923077 0.4579326923076923 0.05048076923076923 0.0673076923076923
0 0.24519230769230768 0.45913461538461536 0.05048076923076923 0.0673076923076923
0 0.19591346153846154 0.45913461538461536 0.05048076923076923 0.0673076923076923
0 0.09975961538461539 0.45913461538461536 0.04807692307692308 0.0673076923076923
0 0.051682692307692304 0.45913461538461536 0.04807692307692308 0.0673076923076923
0 0.1466346153846154 0.46033653846153844 0.05048076923076923 0.0673076923076923
0 0.5336538461538461 0.5048076923076923 0.019230769230769232 0.06490384615384616
0 0.4567307692307692 0.5084134615384616 0.04807692307692308 0.06490384615384616
0 0.4098557692307692 0.5084134615384616 0.04807692307692308 0.06490384615384616
0 0.5024038461538461 0.5084134615384616 0.04326923076923077 0.06490384615384616
0 0.3641826923076923 0.5096153846153846 0.04807692307692308 0.06490384615384616
0 0.3161057692307692 0.5096153846153846 0.04807692307692308 0.06490384615384616
0 0.2704326923076923 0.5108173076923077 0.04807692307692308 0.0673076923076923
0 0.22235576923076922 0.5108173076923077 0.04807692307692308 0.06490384615384616
0 0.07932692307692307 0.5120192307692307 0.04807692307692308 0.0673076923076923
0 0.17427884615384615 0.5120192307692307 0.05048076923076923 0.06490384615384616
0 0.12740384615384615 0.5120192307692307 0.05048076923076923 0.0673076923076923
0 0.5216346153846154 0.5564903846153846 0.04326923076923077 0.06009615384615385
0 0.47836538461538464 0.5576923076923077 0.04807692307692308 0.06490384615384616
0 0.4338942307692308 0.5600961538461539 0.04807692307692308 0.06490384615384616
0 0.3870192307692308 0.5600961538461539 0.04807692307692308 0.06490384615384616
0 0.34134615384615385 0.5612980769230769 0.04807692307692308 0.06490384615384616
0 0.2932692307692308 0.5625 0.04807692307692308 0.06490384615384616
0 0.24639423076923078 0.5637019230769231 0.05048076923076923 0.06490384615384616
0 0.19951923076923078 0.5637019230769231 0.04807692307692308 0.06490384615384616
0 0.15264423076923078 0.5637019230769231 0.04807692307692308 0.06490384615384616
0 0.1045673076923077 0.5649038461538461 0.04807692307692308 0.06490384615384616
0 0.057692307692307696 0.5673076923076923 0.04807692307692308 0.06490384615384616
0 0.5336538461538461 0.6069711538461539 0.019230769230769232 0.0625
0 0.5024038461538461 0.6081730769230769 0.04326923076923077 0.06490384615384616
0 0.45552884615384615 0.6081730769230769 0.04807692307692308 0.06490384615384616
0 0.40865384615384615 0.6081730769230769 0.04567307692307692 0.06490384615384616
0 0.3629807692307692 0.609375 0.04807692307692308 0.0625
0 0.3173076923076923 0.609375 0.04807692307692308 0.0625
0 0.2704326923076923 0.6105769230769231 0.04807692307692308 0.057692307692307696
0 0.2247596153846154 0.6105769230769231 0.04807692307692308 0.057692307692307696
0 0.08413461538461539 0.6105769230769231 0.04807692307692308 0.057692307692307696
0 0.17668269230769232 0.6105769230769231 0.04807692307692308 0.057692307692307696
0 0.12980769230769232 0.6105769230769231 0.04807692307692308 0.057692307692307696
0 0.47716346153846156 0.6334134615384616 0.04567307692307692 0.01201923076923077
0 0.4326923076923077 0.6334134615384616 0.04567307692307692 0.01201923076923077
0 0.025240384615384616 0.020432692307692308 0.05048076923076923 0.040865384615384616
0 0.07451923076923077 0.021634615384615384 0.052884615384615384 0.04326923076923077
0 0.12620192307692307 0.021634615384615384 0.05048076923076923 0.04326923076923077
0 0.17668269230769232 0.021634615384615384 0.052884615384615384 0.04326923076923077
0 0.22716346153846154 0.021634615384615384 0.052884615384615384 0.04326923076923077
0 0.2800480769230769 0.021634615384615384 0.052884615384615384 0.04326923076923077
0 0.33052884615384615 0.02283653846153846 0.052884615384615384 0.04567307692307692
0 0.38100961538461536 0.02283653846153846 0.052884615384615384 0.04567307692307692
0 0.4326923076923077 0.02403846153846154 0.05048076923076923 0.04807692307692308
0 0.4831730769230769 0.02403846153846154 0.05048076923076923 0.04807692307692308
0 0.5240384615384616 0.02403846153846154 0.038461538461538464 0.04807692307692308
0 0.052884615384615384 0.06610576923076923 0.05048076923076923 0.07211538461538461
0 0.1045673076923077 0.06610576923076923 0.052884615384615384 0.07211538461538461
0 0.15504807692307693 0.0673076923076923 0.052884615384615384 0.07211538461538461
0 0.20673076923076922 0.0673076923076923 0.052884615384615384 0.07211538461538461
0 0.25721153846153844 0.0673076923076923 0.052884615384615384 0.07211538461538461
0 0.30649038461538464 0.06850961538461539 0.05048076923076923 0.06971153846153846
0 0.35697115384615385 0.06971153846153846 0.052884615384615384 0.06971153846153846
0 0.4074519230769231 0.06971153846153846 0.05048076923076923 0.06971153846153846
0 0.5072115384615384 0.07091346153846154 0.05048076923076923 0.07211538461538461
0 0.4579326923076923 0.07091346153846154 0.05048076923076923 0.07211538461538461
0 0.5360576923076923 0.07091346153846154 0.01201923076923077 0.06971153846153846
0 0.9362980769230769 0.20192307692307693 0.12740384615384615 0.40384615384615385
0 0.5612980769230769 0.40384615384615385 0.038461538461538464 0.4735576923076923
0 0.6730769230769231 0.4326923076923077 0.1971153846153846 0.41586538461538464
0 0.8846153846153846 0.4639423076923077 0.22115384615384615 0.35336538461538464
0 0.6021634615384616 0.1310096153846154 0.11778846153846154 0.2620192307692308
0 0.765625 0.16346153846153846 0.2091346153846154 0.3269230769230769
0 0.0889423076923077 0.8112980769230769 0.1778846153846154 0.34134615384615385
0 0.039663461538461536 0.9471153846153846 0.07932692307692307 0.10576923076923077
0 0.42908653846153844 0.9759615384615384 0.2283653846153846 0.04807692307692308
0 0.18870192307692307 0.9771634615384616 0.23076923076923078 0.04326923076923077
0 0.3125 0.8076923076923077 0.22355769230769232 0.33653846153846156
0 0.4855769230769231 0.8197115384615384 0.11538461538461539 0.3605769230769231
0 0.9362980769230769 0.8822115384615384 0.11057692307692307 0.19471153846153846