0 0.1045673076923077 0.11658653846153846 0.0625 0.0889423076923077
0 0.34975961538461536 0.12860576923076922 0.0625 0.09134615384615384
0 0.28725961538461536 0.12860576923076922 0.0625 0.08653846153846154
0 0.41225961538461536 0.12980769230769232 0.0625 0.0889423076923077
0 0.47475961538461536 0.12980769230769232 0.0625 0.0889423076923077
0 0.22716346153846154 0.11778846153846154 0.06490384615384616 0.09134615384615384
0 0.8617788461538461 0.4963942307692308 0.06490384615384616 0.08173076923076923
0 0.234375 0.2776442307692308 0.06490384615384616 0.08413461538461539
0 0.6646634615384616 0.1310096153846154 0.06490384615384616 0.08653846153846154
0 0.9242788461538461 0.49759615384615385 0.0625 0.08173076923076923
0 0.8725961538461539 0.3581730769230769 0.06490384615384616 0.08413461538461539
0 0.7403846153846154 0.49278846153846156 0.06490384615384616 0.07932692307692307
0 0.14783653846153846 0.33653846153846156 0.06490384615384616 0.08413461538461539
0 0.5973557692307693 0.2824519230769231 0.06490384615384616 0.08653846153846154
0 0.17427884615384615 0.2644230769230769 0.0625 0.08653846153846154
0 0.140625 0.19110576923076922 0.0625 0.09134615384615384
0 0.8365384615384616 0.4266826923076923 0.06490384615384616 0.08173076923076923
0 0.8016826923076923 0.4951923076923077 0.06490384615384616 0.07932692307692307
0 0.8533653846153846 0.6262019230769231 0.0625 0.07692307692307693
0 0.18269230769230768 0.4170673076923077 0.06490384615384616 0.08413461538461539
0 0.828125 0.5600961538461539 0.0625 0.07932692307692307
0 0.8882211538461539 0.5612980769230769 0.06490384615384616 0.07932692307692307
0 0.12379807692307693 0.4050480769230769 0.0625 0.08413461538461539
0 0.9122596153846154 0.6274038461538461 0.0625 0.07932692307692307
0 0.38822115384615385 0.35216346153846156 0.0625 0.08413461538461539
0 0.11658653846153846 0.26322115384615385 0.0625 0.08413461538461539
0 0.2608173076923077 0.203125 0.06490384615384616 0.09134615384615384
0 0.6814903846153846 0.49158653846153844 0.0625 0.07932692307692307
0 0.9927884615384616 0.42908653846153844 0.01201923076923077 0.08413461538461539
0 0.5372596153846154 0.2824519230769231 0.06009615384615385 0.08653846153846154
0 0.8100961538461539 0.35697115384615385 0.0673076923076923 0.08413461538461539
0 0.9759615384615384 0.13341346153846154 0.04807692307692308 0.09134615384615384
0 0.7932692307692307 0.13341346153846154 0.0673076923076923 0.0889423076923077
0 0.38221153846153844 0.20552884615384615 0.06490384615384616 0.09134615384615384
0 0.44471153846153844 0.20552884615384615 0.06490384615384616 0.09134615384615384
0 0.4495192307692308 0.4891826923076923 0.06009615384615385 0.07932692307692307
0 0.9759615384615384 0.4987980769230769 0.04807692307692308 0.08413461538461539
0 0.7692307692307693 0.5600961538461539 0.06490384615384616 0.07932692307692307
0 0.9002403846153846 0.42788461538461536 0.06490384615384616 0.08413461538461539
0 0.7752403846153846 0.4266826923076923 0.06490384615384616 0.08173076923076923
0 0.6225961538461539 0.49158653846153844 0.0625 0.07932692307692307
0 0.9819711538461539 0.3581730769230769 0.036057692307692304 0.08173076923076923
0 0.8569711538461539 0.1346153846153846 0.0673076923076923 0.09134615384615384
0 0.328125 0.35216346153846156 0.06009615384615385 0.08413461538461539
0 0.47596153846153844 0.28125 0.06009615384615385 0.0889423076923077
0 0.32211538461538464 0.20432692307692307 0.06009615384615385 0.09134615384615384
0 0.9603365384615384 0.42908653846153844 0.06490384615384616 0.08413461538461539
0 0.9206730769230769 0.1346153846153846 0.0673076923076923 0.09134615384615384
0 0.41586538461538464 0.27884615384615385 0.0625 0.08653846153846154
0 0.5685096153846154 0.20673076923076922 0.06490384615384616 0.08653846153846154
0 0.3918269230769231 0.4879807692307692 0.0625 0.08173076923076923
0 0.3545673076923077 0.27884615384615385 0.06009615384615385 0.08413461538461539
0 0.7944711538461539 0.6225961538461539 0.0625 0.07451923076923077
0 0.47836538461538464 0.5528846153846154 0.057692307692307696 0.07932692307692307
0 0.9098557692307693 0.28725961538461536 0.06490384615384616 0.08653846153846154
0 0.5072115384615384 0.4891826923076923 0.06009615384615385 0.07932692307692307
0 0.5637019230769231 0.6189903846153846 0.055288461538461536 0.07451923076923077
0 0.5072115384615384 0.20552884615384615 0.06490384615384616 0.08653846153846154
0 0.6201923076923077 0.6189903846153846 0.06009615384615385 0.07451923076923077
0 0.2692307692307692 0.34975961538461536 0.06009615384615385 0.08413461538461539
0 0.7355769230769231 0.6213942307692307 0.06009615384615385 0.07451923076923077
0 0.8473557692307693 0.28725961538461536 0.0673076923076923 0.08653846153846154
0 0.7091346153846154 0.5576923076923077 0.0625 0.07932692307692307
0 0.7283653846153846 0.13221153846153846 0.06971153846153846 0.0889423076923077
0 0.6586538461538461 0.28365384615384615 0.0625 0.08653846153846154
0 0.4182692307692308 0.4206730769230769 0.06009615384615385 0.08173076923076923
0 0.9879807692307693 0.21394230769230768 0.02403846153846154 0.09134615384615384
0 0.6766826923076923 0.6201923076923077 0.0625 0.07932692307692307
0 0.13581730769230768 0.5492788461538461 0.06009615384615385 0.07451923076923077
0 0.47716346153846156 0.421875 0.06009615384615385 0.08173076923076923
0 0.3329326923076923 0.4879807692307692 0.06009615384615385 0.08173076923076923
0 0.5637019230769231 0.49038461538461536 0.06009615384615385 0.07932692307692307
0 0.7836538461538461 0.2848557692307692 0.0673076923076923 0.0889423076923077
0 0.8834134615384616 0.2127403846153846 0.0673076923076923 0.09134615384615384
0 0.6875 0.35697115384615385 0.06490384615384616 0.08653846153846154
0 0.7487980769230769 0.35697115384615385 0.06490384615384616 0.08413461538461539
0 0.8197115384615384 0.6875 0.0625 0.07451923076923077
0 0.8918269230769231 0.8689903846153846 0.057692307692307696 0.07211538461538461
0 0.8774038461538461 0.6887019230769231 0.0625 0.07451923076923077
0 0.8365384615384616 0.8677884615384616 0.057692307692307696 0.07211538461538461
0 0.5348557692307693 0.5552884615384616 0.06009615384615385 0.07932692307692307
0 0.7211538461538461 0.2848557692307692 0.06490384615384616 0.0889423076923077
0 0.6502403846153846 0.5564903846153846 0.0625 0.07932692307692307
0 0.7620192307692307 0.6862980769230769 0.0625 0.07451923076923077
0 0.19951923076923078 0.19230769230769232 0.06490384615384616 0.09134615384615384
0 0.5925480769230769 0.5564903846153846 0.06009615384615385 0.07932692307692307
0 0.6310096153846154 0.20673076923076922 0.06490384615384616 0.08653846153846154
0 0.27524038461538464 0.48677884615384615 0.06009615384615385 0.08173076923076923
0 0.6262019230769231 0.3557692307692308 0.06009615384615385 0.08413461538461539
0 0.6538461538461539 0.4254807692307692 0.0625 0.08413461538461539
0 0.3016826923076923 0.41947115384615385 0.06009615384615385 0.08173076923076923
0 0.15985576923076922 0.484375 0.0625 0.08173076923076923
0 0.3942307692307692 0.6165865384615384 0.06009615384615385 0.07451923076923077
0 0.7139423076923077 0.4266826923076923 0.06490384615384616 0.08173076923076923
0 0.359375 0.4206730769230769 0.0625 0.08173076923076923
0 0.5360576923076923 0.421875 0.06009615384615385 0.08173076923076923
0 0.5949519230769231 0.42427884615384615 0.06009615384615385 0.08173076923076923
0 0.29447115384615385 0.2776442307692308 0.06009615384615385 0.08413461538461539
0 0.9483173076923077 0.5637019230769231 0.0625 0.08173076923076923
0 0.36538461538461536 0.5528846153846154 0.06009615384615385 0.07932692307692307
0 0.5913461538461539 0.6802884615384616 0.06009615384615385 0.07451923076923077
0 0.8209134615384616 0.21153846153846154 0.0673076923076923 0.09134615384615384
0 0.9471153846153846 0.2127403846153846 0.0673076923076923 0.09375
0 0.5673076923076923 0.3545673076923077 0.06009615384615385 0.08413461538461539
0 0.6923076923076923 0.2091346153846154 0.0673076923076923 0.09134615384615384
0 0.9699519230769231 0.2860576923076923 0.06009615384615385 0.08653846153846154
0 0.3076923076923077 0.5516826923076923 0.06009615384615385 0.07932692307692307
0 0.7572115384615384 0.21033653846153846 0.0673076923076923 0.09134615384615384
0 0.1658653846153846 0.11538461538461539 0.06490384615384616 0.0889423076923077
0 0.5072115384615384 0.6177884615384616 0.06009615384615385 0.07451923076923077
0 0.7872596153846154 0.7475961538461539 0.0625 0.07451923076923077
0 0.4519230769230769 0.6165865384615384 0.06009615384615385 0.07451923076923077
0 0.3125 0.6766826923076923 0.057692307692307696 0.07211538461538461
0 0.24158653846153846 0.41947115384615385 0.0625 0.08413461538461539
0 0.4795673076923077 0.6778846153846154 0.06009615384615385 0.07451923076923077
0 0.33774038461538464 0.6165865384615384 0.055288461538461536 0.07451923076923077
0 0.21754807692307693 0.48677884615384615 0.06009615384615385 0.07932692307692307
0 0.9338942307692307 0.359375 0.06490384615384616 0.08653846153846154
0 0.9879807692307693 0.5661057692307693 0.02403846153846154 0.07932692307692307
0 0.6466346153846154 0.6826923076923077 0.06009615384615385 0.07451923076923077
0 0.1935096153846154 0.5504807692307693 0.06009615384615385 0.07932692307692307
0 0.36899038461538464 0.6778846153846154 0.057692307692307696 0.07211538461538461
0 0.9447115384615384 0.8701923076923077 0.057692307692307696 0.07211538461538461
0 0.42427884615384615 0.6778846153846154 0.06009615384615385 0.07211538461538461
0 0.7043269230769231 0.6826923076923077 0.06009615384615385 0.07451923076923077
0 0.421875 0.5528846153846154 0.06009615384615385 0.07932692307692307
0 0.6177884615384616 0.7403846153846154 0.055288461538461536 0.07211538461538461
0 0.8677884615384616 0.8100961538461539 0.06009615384615385 0.07451923076923077
0 0.5348557692307693 0.6802884615384616 0.06009615384615385 0.07211538461538461
0 0.453125 0.7391826923076923 0.057692307692307696 0.07211538461538461
0 0.25 0.5516826923076923 0.057692307692307696 0.07932692307692307
0 0.2824519230769231 0.6153846153846154 0.057692307692307696 0.07451923076923077
0 0.9014423076923077 0.7512019230769231 0.06009615384615385 0.07211538461538461
0 0.7512019230769231 0.9206730769230769 0.057692307692307696 0.06971153846153846
0 0.7295673076923077 0.7451923076923077 0.06009615384615385 0.07451923076923077
0 0.9242788461538461 0.8112980769230769 0.057692307692307696 0.07211538461538461
0 0.9699519230769231 0.6286057692307693 0.06009615384615385 0.07932692307692307
0 0.5625 0.7391826923076923 0.057692307692307696 0.07211538461538461
0 0.22596153846153846 0.6153846153846154 0.057692307692307696 0.07451923076923077
0 0.5072115384615384 0.35336538461538464 0.06009615384615385 0.08413461538461539
0 0.4807692307692308 0.7992788461538461 0.057692307692307696 0.07211538461538461
0 0.16947115384615385 0.6141826923076923 0.06009615384615385 0.07451923076923077
0 0.6742788461538461 0.7451923076923077 0.06009615384615385 0.07211538461538461
0 0.8449519230769231 0.7487980769230769 0.06009615384615385 0.07211538461538461
0 0.4266826923076923 0.7992788461538461 0.057692307692307696 0.07211538461538461
0 0.39783653846153844 0.7391826923076923 0.057692307692307696 0.07211538461538461
0 0.20673076923076922 0.3485576923076923 0.0625 0.08653846153846154
0 0.9338942307692307 0.6911057692307693 0.06009615384615385 0.07451923076923077
0 0.28846153846153844 0.7367788461538461 0.055288461538461536 0.07211538461538461
0 0.5901442307692307 0.7992788461538461 0.057692307692307696 0.07211538461538461
0 0.8052884615384616 0.9242788461538461 0.057692307692307696 0.06971153846153846
0 0.7572115384615384 0.8052884615384616 0.06009615384615385 0.07211538461538461
0 0.8125 0.8088942307692307 0.06009615384615385 0.07211538461538461
0 0.9567307692307693 0.7512019230769231 0.06009615384615385 0.07211538461538461
0 0.2932692307692308 0.8545673076923077 0.055288461538461536 0.07211538461538461
0 0.859375 0.9254807692307693 0.057692307692307696 0.06971153846153846
0 0.3713942307692308 0.7980769230769231 0.057692307692307696 0.07211538461538461
0 0.26322115384615385 0.7956730769230769 0.057692307692307696 0.07211538461538461
0 0.5348557692307693 0.7992788461538461 0.055288461538461536 0.07211538461538461
0 0.2704326923076923 0.9074519230769231 0.052884615384615384 0.06490384615384616
0 0.17908653846153846 0.7355769230769231 0.057692307692307696 0.07211538461538461
0 0.3173076923076923 0.796875 0.057692307692307696 0.07211538461538461
0 0.5084134615384616 0.7391826923076923 0.06009615384615385 0.07211538461538461
0 0.20192307692307693 0.6754807692307693 0.057692307692307696 0.07211538461538461
0 0.234375 0.7355769230769231 0.057692307692307696 0.07211538461538461
0 0.15625 0.7908653846153846 0.052884615384615384 0.06971153846153846
0 0.21033653846153846 0.7944711538461539 0.057692307692307696 0.06971153846153846
0 0.25841346153846156 0.6766826923076923 0.057692307692307696 0.07211538461538461
0 0.9134615384615384 0.9266826923076923 0.057692307692307696 0.07211538461538461
0 0.78125 0.8653846153846154 0.06009615384615385 0.06971153846153846
0 0.7259615384615384 0.8641826923076923 0.057692307692307696 0.07211538461538461
0 0.2403846153846154 0.8533653846153846 0.057692307692307696 0.0673076923076923
0 0.4543269230769231 0.8581730769230769 0.057692307692307696 0.07211538461538461
0 0.3762019230769231 0.9098557692307693 0.052884615384615384 0.06490384615384616
0 0.4831730769230769 0.9146634615384616 0.057692307692307696 0.06971153846153846
0 0.34615384615384615 0.8557692307692307 0.057692307692307696 0.06971153846153846
0 0.6971153846153846 0.9194711538461539 0.057692307692307696 0.07211538461538461
0 0.9807692307692307 0.6923076923076923 0.038461538461538464 0.07451923076923077
0 0.21634615384615385 0.9050480769230769 0.057692307692307696 0.0673076923076923
0 0.42788461538461536 0.9146634615384616 0.055288461538461536 0.06971153846153846
0 0.5625 0.8581730769230769 0.057692307692307696 0.07211538461538461
0 0.40024038461538464 0.8569711538461539 0.055288461538461536 0.07211538461538461
0 0.6430288461538461 0.9170673076923077 0.052884615384615384 0.06971153846153846
0 0.5901442307692307 0.9170673076923077 0.057692307692307696 0.07211538461538461
0 0.5348557692307693 0.9158653846153846 0.052884615384615384 0.06971153846153846
0 0.6706730769230769 0.8605769230769231 0.057692307692307696 0.07211538461538461
0 0.44711538461538464 0.35336538461538464 0.06009615384615385 0.08653846153846154
0 0.9663461538461539 0.9278846153846154 0.052884615384615384 0.07211538461538461
0 0.14783653846153846 0.6754807692307693 0.052884615384615384 0.07211538461538461
0 0.6165865384615384 0.859375 0.057692307692307696 0.07211538461538461
0 0.32211538461538464 0.9098557692307693 0.052884615384615384 0.0673076923076923
0 0.34375 0.7379807692307693 0.057692307692307696 0.07211538461538461
0 0.7007211538461539 0.8028846153846154 0.06009615384615385 0.07211538461538461
0 0.5096153846153846 0.8581730769230769 0.055288461538461536 0.07211538461538461
0 0.6442307692307693 0.8004807692307693 0.057692307692307696 0.07211538461538461
0 0.1658653846153846 0.9038461538461539 0.052884615384615384 0.06971153846153846
0 0.9747596153846154 0.8112980769230769 0.05048076923076923 0.07211538461538461
0 0.1875 0.8485576923076923 0.057692307692307696 0.06971153846153846