0 0.3425480769230769 0.32211538461538464 0.057692307692307696 0.04567307692307692
0 0.10697115384615384 0.1658653846153846 0.0625 0.04807692307692308
0 0.2608173076923077 0.12379807692307693 0.06490384615384616 0.05048076923076923
0 0.046875 0.32091346153846156 0.06009615384615385 0.04567307692307692
0 0.10576923076923077 0.32091346153846156 0.0625 0.04326923076923077
0 0.34375 0.24519230769230768 0.055288461538461536 0.04807692307692308
0 0.22355769230769232 0.32211538461538464 0.0625 0.04567307692307692
0 0.22596153846153846 0.24519230769230768 0.06009615384615385 0.04807692307692308
0 0.25240384615384615 0.3605769230769231 0.0625 0.04807692307692308
0 0.28725961538461536 0.24519230769230768 0.0625 0.04807692307692308
0 0.1658653846153846 0.32211538461538464 0.0625 0.04567307692307692
0 0.3557692307692308 0.359375 0.028846153846153848 0.04807692307692308
0 0.28365384615384615 0.32211538461538464 0.0625 0.04567307692307692
0 0.19230769230769232 0.359375 0.0625 0.04807692307692308
0 0.3269230769230769 0.12740384615384615 0.06490384615384616 0.04807692307692308
0 0.3545673076923077 0.4230769230769231 0.03365384615384615 0.021634615384615384
0 0.3125 0.3605769230769231 0.0625 0.04807692307692308
0 0.2548076923076923 0.28365384615384615 0.0625 0.04807692307692308
0 0.10697115384615384 0.2439903846153846 0.0625 0.04567307692307692
0 0.3161057692307692 0.28365384615384615 0.0625 0.05048076923076923
0 0.16826923076923078 0.1658653846153846 0.0625 0.04807692307692308
0 0.22235576923076922 0.39663461538461536 0.0625 0.04807692307692308
0 0.1658653846153846 0.24519230769230768 0.0625 0.04807692307692308
0 0.16346153846153846 0.3954326923076923 0.0625 0.04807692307692308
0 0.07692307692307693 0.2824519230769231 0.06009615384615385 0.04807692307692308
0 0.009615384615384616 0.3173076923076923 0.019230769230769232 0.04326923076923077
0 0.32091346153846156 0.20673076923076922 0.06490384615384616 0.04807692307692308
0 0.19471153846153846 0.28365384615384615 0.0625 0.05048076923076923
0 0.046875 0.16706730769230768 0.06009615384615385 0.04807692307692308
0 0.07692307692307693 0.3581730769230769 0.06009615384615385 0.04807692307692308
0 0.13581730769230768 0.28365384615384615 0.06009615384615385 0.04807692307692308
0 0.02283653846153846 0.12379807692307693 0.04567307692307692 0.05048076923076923
0 0.02403846153846154 0.35697115384615385 0.04807692307692308 0.04807692307692308
0 0.02403846153846154 0.2800480769230769 0.04807692307692308 0.04807692307692308
0 0.34134615384615385 0.39663461538461536 0.06009615384615385 0.04807692307692308
0 0.36177884615384615 0.20673076923076922 0.016826923076923076 0.05048076923076923
0 0.046875 0.2439903846153846 0.06009615384615385 0.04326923076923077
0 0.31009615384615385 0.421875 0.0625 0.02403846153846154
0 0.13822115384615385 0.20552884615384615 0.0625 0.05048076923076923
0 0.2824519230769231 0.39783653846153844 0.0625 0.04807692307692308
0 0.1045673076923077 0.3954326923076923 0.0625 0.04807692307692308
0 0.35697115384615385 0.2848557692307692 0.028846153846153848 0.04807692307692308
0 0.008413461538461538 0.24278846153846154 0.016826923076923076 0.04807692307692308
0 0.007211538461538462 0.16466346153846154 0.014423076923076924 0.05048076923076923
0 0.07692307692307693 0.20552884615384615 0.06009615384615385 0.05048076923076923
0 0.2283653846153846 0.1658653846153846 0.06009615384615385 0.05048076923076923
0 0.046875 0.3942307692307692 0.06009615384615385 0.04807692307692308
0 0.29086538461538464 0.1658653846153846 0.06490384615384616 0.05048076923076923
0 0.19831730769230768 0.20552884615384615 0.0625 0.05048076923076923
0 0.009615384615384616 0.390625 0.019230769230769232 0.04567307692307692
0 0.13581730769230768 0.3581730769230769 0.06009615384615385 0.04807692307692308
0 0.07451923076923077 0.4206730769230769 0.06009615384615385 0.026442307692307692
0 0.25 0.421875 0.0625 0.02403846153846154
0 0.02403846153846154 0.20552884615384615 0.04807692307692308 0.04807692307692308
0 0.1346153846153846 0.4206730769230769 0.06009615384615385 0.026442307692307692
0 0.19110576923076922 0.421875 0.06009615384615385 0.02403846153846154
0 0.3473557692307692 0.16706730769230768 0.04807692307692308 0.05048076923076923
0 0.02403846153846154 0.4206730769230769 0.04807692307692308 0.026442307692307692
0 0.19951923076923078 0.12379807692307693 0.0625 0.05048076923076923
0 0.25841346153846156 0.20552884615384615 0.0625 0.05048076923076923
0 0.02283653846153846 0.44350961538461536 0.04567307692307692 0.02403846153846154
0 0.0673076923076923 0.44711538461538464 0.055288461538461536 0.026442307692307692
0 0.12740384615384615 0.4483173076923077 0.055288461538461536 0.028846153846153848
0 0.1778846153846154 0.4495192307692308 0.05048076923076923 0.03365384615384615
0 0.35336538461538464 0.47115384615384615 0.036057692307692304 0.07692307692307693
0 0.24759615384615385 0.47115384615384615 0.052884615384615384 0.07692307692307693
0 0.29927884615384615 0.47115384615384615 0.052884615384615384 0.07692307692307693
0 0.008413461538461538 0.4855769230769231 0.016826923076923076 0.08413461538461539
0 0.04326923076923077 0.49399038461538464 0.055288461538461536 0.08413461538461539
0 0.0985576923076923 0.4963942307692308 0.052884615384615384 0.08653846153846154
0 0.20432692307692307 0.5 0.055288461538461536 0.08653846153846154
0 0.14903846153846154 0.5 0.052884615384615384 0.08413461538461539
0 0.3641826923076923 0.5420673076923077 0.01201923076923077 0.08413461538461539
0 0.2776442307692308 0.546875 0.055288461538461536 0.08413461538461539
0 0.3317307692307692 0.5564903846153846 0.052884615384615384 0.08413461538461539
0 0.016826923076923076 0.5661057692307693 0.03365384615384615 0.08413461538461539
0 0.0673076923076923 0.5709134615384616 0.055288461538461536 0.08413461538461539
0 0.12259615384615384 0.5721153846153846 0.052884615384615384 0.08413461538461539
0 0.23076923076923078 0.5757211538461539 0.055288461538461536 0.08653846153846154
0 0.17908653846153846 0.5769230769230769 0.05048076923076923 0.08173076923076923
0 0.3004807692307692 0.6237980769230769 0.052884615384615384 0.08413461538461539
0 0.35096153846153844 0.6322115384615384 0.040865384615384616 0.08413461538461539
0 0.004807692307692308 0.640625 0.009615384615384616 0.08653846153846154
0 0.03245192307692308 0.6454326923076923 0.052884615384615384 0.08653846153846154
0 0.08173076923076923 0.6478365384615384 0.052884615384615384 0.08173076923076923
0 0.14302884615384615 0.6514423076923077 0.055288461538461536 0.08413461538461539
0 0.2548076923076923 0.6538461538461539 0.05048076923076923 0.08653846153846154
0 0.20192307692307693 0.6538461538461539 0.052884615384615384 0.08653846153846154
0 0.33653846153846156 0.7103365384615384 0.055288461538461536 0.08413461538461539
0 0.020432692307692308 0.7175480769230769 0.040865384615384616 0.08653846153846154
0 0.06490384615384616 0.7235576923076923 0.052884615384615384 0.08413461538461539
0 0.12259615384615384 0.7271634615384616 0.052884615384615384 0.08413461538461539
0 0.2848557692307692 0.7283653846153846 0.052884615384615384 0.08653846153846154
0 0.17668269230769232 0.7295673076923077 0.055288461538461536 0.08653846153846154
0 0.234375 0.7331730769230769 0.055288461538461536 0.08413461538461539
0 0.3581730769230769 0.7788461538461539 0.026442307692307692 0.08413461538461539
0 0.3245192307692308 0.7944711538461539 0.05048076923076923 0.08413461538461539
0 0.007211538461538462 0.7932692307692307 0.014423076923076924 0.09134615384615384
0 0.042067307692307696 0.7992788461538461 0.057692307692307696 0.08653846153846154
0 0.09615384615384616 0.8016826923076923 0.052884615384615384 0.08653846153846154
0 0.14543269230769232 0.8028846153846154 0.055288461538461536 0.09134615384615384
0 0.20552884615384615 0.8064903846153846 0.052884615384615384 0.08653846153846154
0 0.2644230769230769 0.8112980769230769 0.055288461538461536 0.08413461538461539
0 0.3473557692307692 0.8569711538461539 0.04807692307692308 0.08173076923076923
0 0.29447115384615385 0.8689903846153846 0.055288461538461536 0.08413461538461539
0 0.06129807692307692 0.8786057692307693 0.057692307692307696 0.08413461538461539
0 0.17067307692307693 0.8786057692307693 0.05048076923076923 0.08413461538461539
0 0.12379807692307693 0.8786057692307693 0.057692307692307696 0.08413461538461539
0 0.015625 0.8798076923076923 0.03125 0.08653846153846154
0 0.22115384615384615 0.8834134615384616 0.055288461538461536 0.08413461538461539
0 0.33774038461538464 0.9375 0.055288461538461536 0.08413461538461539
0 0.265625 0.9435096153846154 0.055288461538461536 0.08413461538461539
0 0.14543269230769232 0.953125 0.055288461538461536 0.08653846153846154
0 0.19951923076923078 0.9555288461538461 0.05048076923076923 0.08413461538461539
0 0.036057692307692304 0.9579326923076923 0.057692307692307696 0.08413461538461539
0 0.09014423076923077 0.9591346153846154 0.055288461538461536 0.08173076923076923