0 0.006009615384615385 0.234375 0.01201923076923077 0.04567307692307692
0 0.056490384615384616 0.23557692307692307 0.03125 0.04567307692307692
0 0.026442307692307692 0.23557692307692307 0.03125 0.04567307692307692
0 0.08413461538461539 0.23557692307692307 0.03125 0.04567307692307692
0 0.17067307692307693 0.23677884615384615 0.03125 0.040865384615384616
0 0.1141826923076923 0.23677884615384615 0.028846153846153848 0.04567307692307692
0 0.14302884615384615 0.23677884615384615 0.03125 0.04567307692307692
0 0.25721153846153844 0.23677884615384615 0.028846153846153848 0.04326923076923077
0 0.22716346153846154 0.23677884615384615 0.03125 0.04567307692307692
0 0.20072115384615385 0.23677884615384615 0.03125 0.04567307692307692
0 0.2848557692307692 0.23798076923076922 0.028846153846153848 0.04567307692307692
0 0.31490384615384615 0.23798076923076922 0.028846153846153848 0.04567307692307692
0 0.3425480769230769 0.23918269230769232 0.028846153846153848 0.04567307692307692
0 0.39663461538461536 0.23918269230769232 0.026442307692307692 0.04567307692307692
0 0.3701923076923077 0.23918269230769232 0.028846153846153848 0.04326923076923077
0 0.07091346153846154 0.27163461538461536 0.03125 0.04807692307692308
0 0.042067307692307696 0.27163461538461536 0.03125 0.04567307692307692
0 0.01201923076923077 0.2704326923076923 0.02403846153846154 0.04567307692307692
0 0.12860576923076922 0.27283653846153844 0.03125 0.04807692307692308
0 0.09975961538461539 0.27283653846153844 0.028846153846153848 0.04807692307692308
0 0.15745192307692307 0.27283653846153844 0.03125 0.04567307692307692
0 0.18629807692307693 0.27283653846153844 0.03125 0.04567307692307692
0 0.21394230769230768 0.27403846153846156 0.03125 0.04807692307692308
0 0.24278846153846154 0.27403846153846156 0.03125 0.04807692307692308
0 0.29927884615384615 0.27403846153846156 0.028846153846153848 0.04567307692307692
0 0.2704326923076923 0.27403846153846156 0.028846153846153848 0.04326923076923077
0 0.3557692307692308 0.27524038461538464 0.028846153846153848 0.04567307692307692
0 0.3269230769230769 0.27524038461538464 0.028846153846153848 0.04807692307692308
0 0.38461538461538464 0.27524038461538464 0.028846153846153848 0.04567307692307692
0 0.40384615384615385 0.27403846153846156 0.01201923076923077 0.04567307692307692
0 0.007211538461538462 0.30528846153846156 0.014423076923076924 0.04326923076923077
0 0.028846153846153848 0.3076923076923077 0.03125 0.04326923076923077
0 0.05889423076923077 0.3088942307692308 0.03125 0.04807692307692308
0 0.14302884615384615 0.3088942307692308 0.03125 0.04807692307692308
0 0.171875 0.3088942307692308 0.03125 0.040865384615384616
0 0.08533653846153846 0.3088942307692308 0.03125 0.04807692307692308
0 0.20072115384615385 0.3088942307692308 0.03125 0.04807692307692308
0 0.1141826923076923 0.3088942307692308 0.028846153846153848 0.04807692307692308
0 0.22716346153846154 0.31009615384615385 0.03125 0.04807692307692308
0 0.3137019230769231 0.31009615384615385 0.028846153846153848 0.04567307692307692
0 0.2848557692307692 0.31009615384615385 0.026442307692307692 0.04807692307692308
0 0.25721153846153844 0.31009615384615385 0.028846153846153848 0.04807692307692308
0 0.36899038461538464 0.31009615384615385 0.028846153846153848 0.04807692307692308
0 0.3425480769230769 0.3112980769230769 0.03125 0.04567307692307692
0 0.39663461538461536 0.3112980769230769 0.026442307692307692 0.04567307692307692
0 0.014423076923076924 0.3401442307692308 0.028846153846153848 0.040865384615384616
0 0.12980769230769232 0.34375 0.03125 0.04326923076923077
0 0.21394230769230768 0.34375 0.03125 0.04326923076923077
0 0.15745192307692307 0.3449519230769231 0.03125 0.04326923076923077
0 0.18629807692307693 0.3449519230769231 0.03125 0.04326923076923077
0 0.07091346153846154 0.3449519230769231 0.03125 0.04326923076923077
0 0.04326923076923077 0.3449519230769231 0.03125 0.04326923076923077
0 0.2692307692307692 0.3449519230769231 0.028846153846153848 0.04326923076923077
0 0.32572115384615385 0.3449519230769231 0.03125 0.04326923076923077
0 0.296875 0.3449519230769231 0.026442307692307692 0.04326923076923077
0 0.2403846153846154 0.3449519230769231 0.028846153846153848 0.04326923076923077
0 0.0985576923076923 0.3449519230769231 0.026442307692307692 0.04326923076923077
0 0.38221153846153844 0.3449519230769231 0.026442307692307692 0.04326923076923077
0 0.40384615384615385 0.3449519230769231 0.01201923076923077 0.04326923076923077
0 0.3557692307692308 0.3449519230769231 0.028846153846153848 0.04326923076923077
0 0.002403846153846154 0.016826923076923076 0.004807692307692308 0.03365384615384615
0 0.046875 0.016826923076923076 0.03125 0.03365384615384615
0 0.018028846153846152 0.016826923076923076 0.03125 0.03365384615384615
0 0.109375 0.019230769230769232 0.03125 0.038461538461538464
0 0.078125 0.019230769230769232 0.03365384615384615 0.038461538461538464
0 0.13822115384615385 0.019230769230769232 0.03125 0.038461538461538464
0 0.16706730769230768 0.019230769230769232 0.03125 0.038461538461538464
0 0.19831730769230768 0.019230769230769232 0.03365384615384615 0.038461538461538464
0 0.22596153846153846 0.019230769230769232 0.03125 0.038461538461538464
0 0.25600961538461536 0.019230769230769232 0.03125 0.038461538461538464
0 0.3737980769230769 0.020432692307692308 0.028846153846153848 0.040865384615384616
0 0.3161057692307692 0.020432692307692308 0.028846153846153848 0.040865384615384616
0 0.34375 0.020432692307692308 0.03125 0.040865384615384616
0 0.28365384615384615 0.020432692307692308 0.028846153846153848 0.040865384615384616
0 0.39903846153846156 0.020432692307692308 0.021634615384615384 0.040865384615384616
0 0.009615384615384616 0.046875 0.019230769230769232 0.04567307692307692
0 0.037259615384615384 0.04927884615384615 0.03365384615384615 0.04567307692307692
0 0.06610576923076923 0.05048076923076923 0.03365384615384615 0.04807692307692308
0 0.09615384615384616 0.051682692307692304 0.03125 0.04807692307692308
0 0.12379807692307693 0.051682692307692304 0.03125 0.04807692307692308
0 0.15384615384615385 0.051682692307692304 0.03125 0.04807692307692308
0 0.2704326923076923 0.052884615384615384 0.028846153846153848 0.04807692307692308
0 0.2127403846153846 0.052884615384615384 0.03125 0.04807692307692308
0 0.18269230769230768 0.052884615384615384 0.03365384615384615 0.04807692307692308
0 0.3293269230769231 0.052884615384615384 0.03365384615384615 0.04567307692307692
0 0.29927884615384615 0.052884615384615384 0.03125 0.04567307692307692
0 0.24158653846153846 0.052884615384615384 0.03125 0.04807692307692308
0 0.3581730769230769 0.052884615384615384 0.028846153846153848 0.04807692307692308
0 0.3870192307692308 0.052884615384615384 0.028846153846153848 0.04807692307692308
0 0.4050480769230769 0.052884615384615384 0.009615384615384616 0.04807692307692308
0 0.002403846153846154 0.08533653846153846 0.004807692307692308 0.04326923076923077
0 0.021634615384615384 0.08774038461538461 0.03125 0.04807692307692308
0 0.05048076923076923 0.08774038461538461 0.03125 0.04807692307692308
0 0.08052884615384616 0.09014423076923077 0.03125 0.04807692307692308
0 0.140625 0.09014423076923077 0.03125 0.04807692307692308
0 0.11057692307692307 0.09014423076923077 0.03365384615384615 0.05048076923076923
0 0.16947115384615385 0.09014423076923077 0.03125 0.04807692307692308
0 0.22716346153846154 0.09134615384615384 0.03125 0.04807692307692308
0 0.19951923076923078 0.09134615384615384 0.03125 0.04807692307692308
0 0.31490384615384615 0.09134615384615384 0.03125 0.04807692307692308
0 0.2848557692307692 0.09134615384615384 0.026442307692307692 0.04807692307692308
0 0.25721153846153844 0.09134615384615384 0.028846153846153848 0.04807692307692308
0 0.34375 0.09134615384615384 0.028846153846153848 0.04807692307692308
0 0.37259615384615385 0.09134615384615384 0.03125 0.04807692307692308
0 0.39783653846153844 0.09254807692307693 0.02403846153846154 0.04567307692307692
0 0.037259615384615384 0.12620192307692307 0.03365384615384615 0.04807692307692308
0 0.010817307692307692 0.12259615384615384 0.021634615384615384 0.04326923076923077
0 0.09735576923076923 0.12620192307692307 0.03365384615384615 0.04807692307692308
0 0.0673076923076923 0.12620192307692307 0.03365384615384615 0.04807692307692308
0 0.18389423076923078 0.12740384615384615 0.03125 0.04807692307692308
0 0.15504807692307693 0.12740384615384615 0.03125 0.04807692307692308
0 0.12620192307692307 0.12740384615384615 0.03125 0.04326923076923077
0 0.21394230769230768 0.12860576923076922 0.03365384615384615 0.04807692307692308
0 0.24158653846153846 0.12860576923076922 0.03125 0.04807692307692308
0 0.29927884615384615 0.12860576923076922 0.028846153846153848 0.04807692307692308
0 0.2704326923076923 0.12860576923076922 0.028846153846153848 0.04326923076923077
0 0.3581730769230769 0.12980769230769232 0.028846153846153848 0.04807692307692308
0 0.328125 0.12980769230769232 0.03125 0.04567307692307692
0 0.4050480769230769 0.12860576923076922 0.009615384615384616 0.04807692307692308
0 0.3858173076923077 0.12980769230769232 0.028846153846153848 0.04807692307692308
0 0.055288461538461536 0.1622596153846154 0.03125 0.04807692307692308
0 0.004807692307692308 0.15985576923076922 0.009615384615384616 0.04807692307692308
0 0.0829326923076923 0.1622596153846154 0.026442307692307692 0.04567307692307692
0 0.025240384615384616 0.1622596153846154 0.03365384615384615 0.04807692307692308
0 0.11298076923076923 0.16346153846153846 0.028846153846153848 0.04807692307692308
0 0.140625 0.16346153846153846 0.03125 0.04567307692307692
0 0.17067307692307693 0.16346153846153846 0.03125 0.04807692307692308
0 0.22716346153846154 0.16466346153846154 0.03125 0.04567307692307692
0 0.20072115384615385 0.16466346153846154 0.03125 0.04567307692307692
0 0.31490384615384615 0.16466346153846154 0.028846153846153848 0.04567307692307692
0 0.2848557692307692 0.16466346153846154 0.028846153846153848 0.04807692307692308
0 0.25721153846153844 0.16466346153846154 0.028846153846153848 0.04567307692307692
0 0.3713942307692308 0.1658653846153846 0.028846153846153848 0.04807692307692308
0 0.3425480769230769 0.1658653846153846 0.028846153846153848 0.04807692307692308
0 0.39783653846153844 0.16466346153846154 0.02403846153846154 0.04567307692307692
0 0.06971153846153846 0.19951923076923078 0.03365384615384615 0.04807692307692308
0 0.040865384615384616 0.19951923076923078 0.03125 0.04807692307692308
0 0.01201923076923077 0.1971153846153846 0.02403846153846154 0.04807692307692308
0 0.12740384615384615 0.19951923076923078 0.03125 0.04807692307692308
0 0.09975961538461539 0.19951923076923078 0.03125 0.04567307692307692
0 0.15625 0.19951923076923078 0.03125 0.04567307692307692
0 0.21394230769230768 0.20072115384615385 0.03125 0.04567307692307692
0 0.18509615384615385 0.20072115384615385 0.03125 0.04567307692307692
0 0.27163461538461536 0.20072115384615385 0.028846153846153848 0.04807692307692308
0 0.24278846153846154 0.20072115384615385 0.028846153846153848 0.04567307692307692
0 0.29927884615384615 0.20072115384615385 0.028846153846153848 0.04567307692307692
0 0.3269230769230769 0.20072115384615385 0.028846153846153848 0.04567307692307692
0 0.3858173076923077 0.20192307692307693 0.028846153846153848 0.04567307692307692
0 0.35697115384615385 0.20192307692307693 0.03125 0.04567307692307692
0 0.40384615384615385 0.20192307692307693 0.01201923076923077 0.04567307692307692
0 0.6490384615384616 0.0673076923076923 0.21875 0.1346153846153846
0 0.46875 0.06610576923076923 0.11778846153846154 0.13221153846153846
0 0.44350961538461536 0.23918269230769232 0.0673076923076923 0.2548076923076923
0 0.8209134615384616 0.21995192307692307 0.28365384615384615 0.29086538461538464
0 0.5637019230769231 0.2439903846153846 0.21634615384615385 0.24519230769230768
0 0.25240384615384615 0.5504807692307693 0.15865384615384615 0.21875
0 0.8269230769230769 0.7548076923076923 0.15865384615384615 0.21875