0 0.4206730769230769 0.23918269230769232 0.036057692307692304 0.04807692307692308
0 0.3870192307692308 0.24158653846153846 0.036057692307692304 0.05048076923076923
0 0.35336538461538464 0.24278846153846154 0.036057692307692304 0.05048076923076923
0 0.31971153846153844 0.2439903846153846 0.036057692307692304 0.05048076923076923
0 0.2860576923076923 0.24639423076923078 0.036057692307692304 0.05048076923076923
0 0.25240384615384615 0.24759615384615385 0.036057692307692304 0.05048076923076923
0 0.21875 0.24879807692307693 0.036057692307692304 0.05048076923076923
0 0.18509615384615385 0.2512019230769231 0.036057692307692304 0.05048076923076923
0 0.15144230769230768 0.25240384615384615 0.036057692307692304 0.05048076923076923
0 0.11778846153846154 0.2536057692307692 0.036057692307692304 0.05048076923076923
0 0.08413461538461539 0.2548076923076923 0.03365384615384615 0.04807692307692308
0 0.04927884615384615 0.25600961538461536 0.036057692307692304 0.04807692307692308
0 0.015625 0.25600961538461536 0.03125 0.05048076923076923
0 0.4362980769230769 0.27884615384615385 0.036057692307692304 0.04807692307692308
0 0.40384615384615385 0.2800480769230769 0.036057692307692304 0.05048076923076923
0 0.3701923076923077 0.28125 0.038461538461538464 0.05048076923076923
0 0.33653846153846156 0.28365384615384615 0.036057692307692304 0.05048076923076923
0 0.3016826923076923 0.2848557692307692 0.038461538461538464 0.05048076923076923
0 0.26802884615384615 0.28725961538461536 0.036057692307692304 0.04807692307692308
0 0.23557692307692307 0.28846153846153844 0.036057692307692304 0.05048076923076923
0 0.20192307692307693 0.28966346153846156 0.036057692307692304 0.04807692307692308
0 0.16826923076923078 0.29086538461538464 0.03365384615384615 0.04807692307692308
0 0.1346153846153846 0.2920673076923077 0.03365384615384615 0.04807692307692308
0 0.10096153846153846 0.2932692307692308 0.036057692307692304 0.05048076923076923
0 0.06850961538461539 0.2956730769230769 0.03365384615384615 0.05048076923076923
0 0.03485576923076923 0.296875 0.036057692307692304 0.05048076923076923
0 0.008413461538461538 0.296875 0.016826923076923076 0.05048076923076923
0 0.4519230769230769 0.3161057692307692 0.036057692307692304 0.05048076923076923
0 0.4182692307692308 0.31850961538461536 0.036057692307692304 0.04807692307692308
0 0.38461538461538464 0.31971153846153844 0.036057692307692304 0.04807692307692308
0 0.35096153846153844 0.32091346153846156 0.036057692307692304 0.04567307692307692
0 0.31850961538461536 0.3233173076923077 0.038461538461538464 0.04807692307692308
0 0.2848557692307692 0.3245192307692308 0.036057692307692304 0.04807692307692308
0 0.2512019230769231 0.32572115384615385 0.036057692307692304 0.05048076923076923
0 0.21754807692307693 0.3269230769230769 0.036057692307692304 0.04807692307692308
0 0.18509615384615385 0.3293269230769231 0.036057692307692304 0.04807692307692308
0 0.15264423076923078 0.33052884615384615 0.03365384615384615 0.04807692307692308
0 0.11899038461538461 0.3317307692307692 0.03365384615384615 0.04807692307692308
0 0.08533653846153846 0.33413461538461536 0.03365384615384615 0.05048076923076923
0 0.052884615384615384 0.33533653846153844 0.036057692307692304 0.05048076923076923
0 0.019230769230769232 0.33653846153846156 0.03365384615384615 0.05048076923076923
0 0.4651442307692308 0.35336538461538464 0.03365384615384615 0.04807692307692308
0 0.4326923076923077 0.3557692307692308 0.036057692307692304 0.04807692307692308
0 0.40024038461538464 0.35697115384615385 0.036057692307692304 0.04807692307692308
0 0.36658653846153844 0.359375 0.036057692307692304 0.05048076923076923
0 0.33413461538461536 0.3605769230769231 0.036057692307692304 0.05048076923076923
0 0.3004807692307692 0.36177884615384615 0.036057692307692304 0.04807692307692308
0 0.2668269230769231 0.3641826923076923 0.03365384615384615 0.04807692307692308
0 0.23557692307692307 0.36538461538461536 0.036057692307692304 0.05048076923076923
0 0.20192307692307693 0.36658653846153844 0.036057692307692304 0.05048076923076923
0 0.16826923076923078 0.36778846153846156 0.03365384615384615 0.04807692307692308
0 0.13581730769230768 0.3701923076923077 0.03365384615384615 0.04807692307692308
0 0.10216346153846154 0.3713942307692308 0.036057692307692304 0.05048076923076923
0 0.07091346153846154 0.37259615384615385 0.036057692307692304 0.04807692307692308
0 0.037259615384615384 0.3737980769230769 0.036057692307692304 0.04807692307692308
0 0.009615384615384616 0.375 0.019230769230769232 0.04807692307692308
0 0.4483173076923077 0.3918269230769231 0.036057692307692304 0.04567307692307692
0 0.41466346153846156 0.39302884615384615 0.036057692307692304 0.04807692307692308
0 0.38221153846153844 0.3942307692307692 0.036057692307692304 0.04807692307692308
0 0.3485576923076923 0.39783653846153844 0.038461538461538464 0.04567307692307692
0 0.3173076923076923 0.39903846153846156 0.036057692307692304 0.04807692307692308
0 0.28365384615384615 0.40024038461538464 0.036057692307692304 0.04807692307692308
0 0.2512019230769231 0.4026442307692308 0.036057692307692304 0.04567307692307692
0 0.21754807692307693 0.40384615384615385 0.036057692307692304 0.04807692307692308
0 0.18509615384615385 0.4050480769230769 0.036057692307692304 0.04807692307692308
0 0.15384615384615385 0.40625 0.03365384615384615 0.04807692307692308
0 0.1201923076923077 0.4074519230769231 0.036057692307692304 0.04807692307692308
0 0.08774038461538461 0.4098557692307692 0.03365384615384615 0.04807692307692308
0 0.055288461538461536 0.4110576923076923 0.03365384615384615 0.04807692307692308
0 0.02283653846153846 0.41225961538461536 0.036057692307692304 0.04807692307692308
0 0.002403846153846154 0.41466346153846156 0.004807692307692308 0.04807692307692308
0 0.46153846153846156 0.42908653846153844 0.03365384615384615 0.04567307692307692
0 0.42908653846153844 0.42908653846153844 0.036057692307692304 0.04807692307692308
0 0.39783653846153844 0.43149038461538464 0.036057692307692304 0.04807692307692308
0 0.36538461538461536 0.4326923076923077 0.036057692307692304 0.04807692307692308
0 0.3317307692307692 0.4338942307692308 0.036057692307692304 0.04807692307692308
0 0.29927884615384615 0.4362980769230769 0.036057692307692304 0.04807692307692308
0 0.2668269230769231 0.4362980769230769 0.03365384615384615 0.04807692307692308
0 0.234375 0.43990384615384615 0.036057692307692304 0.04567307692307692
0 0.203125 0.4411057692307692 0.036057692307692304 0.04807692307692308
0 0.16947115384615385 0.4423076923076923 0.03365384615384615 0.04567307692307692
0 0.13701923076923078 0.44471153846153844 0.03365384615384615 0.04807692307692308
0 0.10576923076923077 0.44591346153846156 0.036057692307692304 0.04807692307692308
0 0.0733173076923077 0.4483173076923077 0.036057692307692304 0.04807692307692308
0 0.039663461538461536 0.4495192307692308 0.036057692307692304 0.04807692307692308
0 0.01201923076923077 0.45072115384615385 0.02403846153846154 0.04567307692307692
0 0.44471153846153844 0.4651442307692308 0.036057692307692304 0.04567307692307692
0 0.41225961538461536 0.4675480769230769 0.036057692307692304 0.04567307692307692
0 0.3786057692307692 0.46875 0.036057692307692304 0.04567307692307692
0 0.34615384615384615 0.4699519230769231 0.036057692307692304 0.04567307692307692
0 0.31490384615384615 0.47115384615384615 0.03365384615384615 0.04567307692307692
0 0.2824519230769231 0.4723557692307692 0.03365384615384615 0.04567307692307692
0 0.24879807692307693 0.47596153846153844 0.036057692307692304 0.04567307692307692
0 0.21754807692307693 0.47596153846153844 0.03365384615384615 0.04807692307692308
0 0.18629807692307693 0.47836538461538464 0.036057692307692304 0.04807692307692308
0 0.15384615384615385 0.4807692307692308 0.03365384615384615 0.04567307692307692
0 0.12139423076923077 0.48197115384615385 0.036057692307692304 0.04326923076923077
0 0.0889423076923077 0.484375 0.036057692307692304 0.04326923076923077
0 0.056490384615384616 0.4855769230769231 0.036057692307692304 0.04807692307692308
0 0.025240384615384616 0.48677884615384615 0.036057692307692304 0.04326923076923077
0 0.003605769230769231 0.4891826923076923 0.007211538461538462 0.04326923076923077
0 0.4567307692307692 0.5 0.03365384615384615 0.04326923076923077
0 0.42427884615384615 0.5012019230769231 0.03365384615384615 0.04326923076923077
0 0.39302884615384615 0.5012019230769231 0.036057692307692304 0.04326923076923077
0 0.36177884615384615 0.5024038461538461 0.036057692307692304 0.038461538461538464
0 0.33052884615384615 0.5036057692307693 0.03365384615384615 0.038461538461538464
0 0.2956730769230769 0.5036057692307693 0.03365384615384615 0.038461538461538464
0 0.2644230769230769 0.5048076923076923 0.036057692307692304 0.036057692307692304
0 0.23317307692307693 0.5048076923076923 0.036057692307692304 0.036057692307692304
0 0.20192307692307693 0.5060096153846154 0.03365384615384615 0.03365384615384615
0 0.16826923076923078 0.5072115384615384 0.03365384615384615 0.028846153846153848
0 0.13701923076923078 0.5072115384615384 0.03365384615384615 0.028846153846153848
0 0.10576923076923077 0.5084134615384616 0.03365384615384615 0.028846153846153848
0 0.0733173076923077 0.5096153846153846 0.03125 0.02403846153846154
0 0.040865384615384616 0.5108173076923077 0.03365384615384615 0.02403846153846154
0 0.01201923076923077 0.5120192307692307 0.02403846153846154 0.019230769230769232
0 0.4567307692307692 0.15745192307692307 0.038461538461538464 0.05048076923076923
0 0.4230769230769231 0.15865384615384615 0.036057692307692304 0.05048076923076923
0 0.3894230769230769 0.15985576923076922 0.038461538461538464 0.05048076923076923
0 0.3557692307692308 0.16105769230769232 0.036057692307692304 0.04807692307692308
0 0.32091346153846156 0.16346153846153846 0.038461538461538464 0.05048076923076923
0 0.28725961538461536 0.16466346153846154 0.036057692307692304 0.052884615384615384
0 0.25240384615384615 0.1658653846153846 0.036057692307692304 0.05048076923076923
0 0.21754807692307693 0.16826923076923078 0.036057692307692304 0.04807692307692308
0 0.18389423076923078 0.16947115384615385 0.03365384615384615 0.04807692307692308
0 0.1502403846153846 0.17067307692307693 0.036057692307692304 0.05048076923076923
0 0.11658653846153846 0.171875 0.036057692307692304 0.05048076923076923
0 0.08173076923076923 0.17307692307692307 0.036057692307692304 0.05048076923076923
0 0.046875 0.17427884615384615 0.038461538461538464 0.052884615384615384
0 0.014423076923076924 0.17427884615384615 0.028846153846153848 0.05048076923076923
0 0.46875 0.19591346153846154 0.03365384615384615 0.05048076923076923
0 0.43990384615384615 0.19831730769230768 0.036057692307692304 0.05048076923076923
0 0.40625 0.19951923076923078 0.036057692307692304 0.05048076923076923
0 0.3713942307692308 0.20192307692307693 0.036057692307692304 0.052884615384615384
0 0.33774038461538464 0.203125 0.036057692307692304 0.052884615384615384
0 0.30288461538461536 0.20432692307692307 0.038461538461538464 0.052884615384615384
0 0.2692307692307692 0.20673076923076922 0.038461538461538464 0.05048076923076923
0 0.23557692307692307 0.20793269230769232 0.036057692307692304 0.05048076923076923
0 0.20192307692307693 0.2091346153846154 0.036057692307692304 0.05048076923076923
0 0.16826923076923078 0.21153846153846154 0.03365384615384615 0.05048076923076923
0 0.13341346153846154 0.2127403846153846 0.036057692307692304 0.05048076923076923
0 0.0985576923076923 0.21394230769230768 0.036057692307692304 0.05048076923076923
0 0.06610576923076923 0.21514423076923078 0.038461538461538464 0.05048076923076923
0 0.03125 0.21634615384615385 0.036057692307692304 0.052884615384615384
0 0.007211538461538462 0.21634615384615385 0.014423076923076924 0.052884615384615384
0 0.45552884615384615 0.23798076923076922 0.036057692307692304 0.05048076923076923
0 0.8401442307692307 0.0673076923076923 0.052884615384615384 0.09134615384615384
0 0.6298076923076923 0.078125 0.057692307692307696 0.10336538461538461
0 0.9807692307692307 0.0889423076923077 0.038461538461538464 0.11538461538461539
0 0.5408653846153846 0.0985576923076923 0.055288461538461536 0.10336538461538461
0 0.8966346153846154 0.11658653846153846 0.057692307692307696 0.10096153846153846
0 0.7740384615384616 0.11899038461538461 0.057692307692307696 0.10096153846153846
0 0.6802884615384616 0.1201923076923077 0.057692307692307696 0.10096153846153846
0 0.5853365384615384 0.15745192307692307 0.06009615384615385 0.10096153846153846
0 0.8341346153846154 0.16105769230769232 0.057692307692307696 0.0985576923076923
0 0.9927884615384616 0.17307692307692307 0.014423076923076924 0.0985576923076923
0 0.7319711538461539 0.18269230769230768 0.057692307692307696 0.0985576923076923
0 0.5108173076923077 0.18870192307692307 0.052884615384615384 0.0985576923076923
0 0.9495192307692307 0.18990384615384615 0.06009615384615385 0.11057692307692307
0 0.6442307692307693 0.1971153846153846 0.057692307692307696 0.10096153846153846
0 0.8798076923076923 0.21514423076923078 0.057692307692307696 0.09615384615384616
0 0.7848557692307693 0.22235576923076922 0.06009615384615385 0.10817307692307693
0 0.5372596153846154 0.2548076923076923 0.06009615384615385 0.11057692307692307
0 0.9735576923076923 0.25961538461538464 0.052884615384615384 0.0985576923076923
0 0.6923076923076923 0.2620192307692308 0.057692307692307696 0.0985576923076923
0 0.49158653846153844 0.2764423076923077 0.01201923076923077 0.10096153846153846
0 0.8341346153846154 0.27884615384615385 0.057692307692307696 0.0985576923076923
0 0.6141826923076923 0.28365384615384615 0.057692307692307696 0.0985576923076923
0 0.9230769230769231 0.296875 0.057692307692307696 0.09615384615384616
0 0.7475961538461539 0.29927884615384615 0.057692307692307696 0.0985576923076923
0 0.5192307692307693 0.33413461538461536 0.055288461538461536 0.0985576923076923
0 0.8737980769230769 0.3425480769230769 0.057692307692307696 0.09375
0 0.6634615384615384 0.3485576923076923 0.055288461538461536 0.09615384615384616
0 0.5829326923076923 0.36778846153846156 0.057692307692307696 0.09615384615384616
0 0.7151442307692307 0.3870192307692308 0.055288461538461536 0.09375
0 0.7956730769230769 0.4050480769230769 0.0673076923076923 0.11778846153846154
0 0.8401442307692307 0.41947115384615385 0.05048076923076923 0.09615384615384616
0 0.6213942307692307 0.4423076923076923 0.06009615384615385 0.0985576923076923
0 0.7620192307692307 0.45072115384615385 0.055288461538461536 0.0985576923076923
0 0.6802884615384616 0.4675480769230769 0.057692307692307696 0.09615384615384616
0 0.8052884615384616 0.49158653846153844 0.057692307692307696 0.06009615384615385
0 0.5240384615384616 0.5024038461538461 0.0673076923076923 0.038461538461538464
0 0.7331730769230769 0.5024038461538461 0.10336538461538461 0.038461538461538464
0 0.5336538461538461 0.007211538461538462 0.057692307692307696 0.014423076923076924
0 0.671875 0.030048076923076924 0.057692307692307696 0.06009615384615385
0 0.7908653846153846 0.036057692307692304 0.057692307692307696 0.07211538461538461
0 0.5805288461538461 0.037259615384615384 0.057692307692307696 0.07451923076923077
0 0.9266826923076923 0.038461538461538464 0.057692307692307696 0.07692307692307693
0 0.9951923076923077 0.040865384615384616 0.009615384615384616 0.08173076923076923
0 0.5036057692307693 0.04447115384615385 0.038461538461538464 0.0889423076923077
0 0.7247596153846154 0.05048076923076923 0.06009615384615385 0.10096153846153846
0 0.06850961538461539 0.7992788461538461 0.0625 0.04567307692307692
0 0.30408653846153844 0.6418269230769231 0.057692307692307696 0.04807692307692308
0 0.15144230769230768 0.6009615384615384 0.06490384615384616 0.05048076923076923
0 0.018028846153846152 0.796875 0.036057692307692304 0.04567307692307692
0 0.3641826923076923 0.796875 0.057692307692307696 0.04807692307692308
0 0.30528846153846156 0.796875 0.06009615384615385 0.04567307692307692
0 0.06490384615384616 0.7211538461538461 0.06490384615384616 0.04807692307692308
0 0.18870192307692307 0.7980769230769231 0.0625 0.04326923076923077
0 0.18509615384615385 0.7211538461538461 0.0625 0.04807692307692308
0 0.15985576923076922 0.8365384615384616 0.0625 0.04326923076923077
0 0.125 0.7211538461538461 0.0625 0.04807692307692308
0 0.24639423076923078 0.7980769230769231 0.0625 0.04326923076923077
0 0.039663461538461536 0.8365384615384616 0.06490384615384616 0.04807692307692308
0 0.12860576923076922 0.7980769230769231 0.0625 0.04326923076923077
0 0.21875 0.8353365384615384 0.0625 0.04807692307692308
0 0.004807692307692308 0.8365384615384616 0.009615384615384616 0.04326923076923077
0 0.08533653846153846 0.6033653846153846 0.06490384615384616 0.04807692307692308
0 0.042067307692307696 0.9122596153846154 0.0625 0.04807692307692308
0 0.09975961538461539 0.8365384615384616 0.0625 0.04807692307692308
0 0.15745192307692307 0.7596153846153846 0.0625 0.04807692307692308
0 0.30408653846153844 0.7199519230769231 0.057692307692307696 0.04807692307692308
0 0.09615384615384616 0.7596153846153846 0.0625 0.05048076923076923
0 0.2439903846153846 0.6418269230769231 0.0625 0.04807692307692308
0 0.18990384615384615 0.8725961538461539 0.0625 0.04807692307692308
0 0.24639423076923078 0.7211538461538461 0.0625 0.04807692307692308
0 0.24879807692307693 0.8713942307692307 0.06009615384615385 0.04807692307692308
0 0.33413461538461536 0.7584134615384616 0.057692307692307696 0.04807692307692308
0 0.019230769230769232 0.8725961538461539 0.038461538461538464 0.04326923076923077
0 0.4206730769230769 0.7956730769230769 0.06009615384615385 0.04326923076923077
0 0.09134615384615384 0.6826923076923077 0.06490384615384616 0.04807692307692308
0 0.006009615384615385 0.9122596153846154 0.01201923076923077 0.04807692307692308
0 0.21634615384615385 0.7596153846153846 0.0625 0.05048076923076923
0 0.014423076923076924 0.7211538461538461 0.028846153846153848 0.04807692307692308
0 0.3641826923076923 0.6430288461538461 0.057692307692307696 0.04567307692307692
0 0.33413461538461536 0.8341346153846154 0.057692307692307696 0.04326923076923077
0 0.2764423076923077 0.7596153846153846 0.06009615384615385 0.04807692307692308
0 0.3942307692307692 0.6021634615384616 0.06009615384615385 0.04807692307692308
0 0.3918269230769231 0.8329326923076923 0.057692307692307696 0.04567307692307692
0 0.4543269230769231 0.6021634615384616 0.06009615384615385 0.04807692307692308
0 0.3918269230769231 0.7572115384615384 0.06009615384615385 0.04807692307692308
0 0.02283653846153846 0.9483173076923077 0.04567307692307692 0.04567307692307692
0 0.07091346153846154 0.8737980769230769 0.0625 0.04326923076923077
0 0.030048076923076924 0.6826923076923077 0.06009615384615385 0.05048076923076923
0 0.4675480769230769 0.71875 0.036057692307692304 0.04807692307692308
0 0.3641826923076923 0.7199519230769231 0.057692307692307696 0.04326923076923077
0 0.0733173076923077 0.9483173076923077 0.0625 0.04807692307692308
0 0.10096153846153846 0.9110576923076923 0.0625 0.04807692307692308
0 0.27403846153846156 0.6814903846153846 0.06009615384615385 0.05048076923076923
0 0.4675480769230769 0.640625 0.036057692307692304 0.05048076923076923
0 0.4483173076923077 0.9050480769230769 0.057692307692307696 0.04326923076923077
0 0.12980769230769232 0.8737980769230769 0.0625 0.04807692307692308
0 0.01201923076923077 0.6430288461538461 0.02403846153846154 0.04567307692307692
0 0.30649038461538464 0.8713942307692307 0.06009615384615385 0.04326923076923077
0 0.036057692307692304 0.7608173076923077 0.0673076923076923 0.04807692307692308
0 0.4230769230769231 0.7199519230769231 0.06009615384615385 0.04807692307692308
0 0.4230769230769231 0.6418269230769231 0.057692307692307696 0.05048076923076923
0 0.026442307692307692 0.6033653846153846 0.05048076923076923 0.05048076923076923
0 0.007211538461538462 0.9807692307692307 0.014423076923076924 0.038461538461538464
0 0.042067307692307696 0.9807692307692307 0.06009615384615385 0.038461538461538464
0 0.33413461538461536 0.6814903846153846 0.06009615384615385 0.05048076923076923
0 0.18269230769230768 0.6418269230769231 0.0625 0.05048076923076923
0 0.46634615384615385 0.7944711538461539 0.038461538461538464 0.04567307692307692
0 0.3641826923076923 0.8701923076923077 0.057692307692307696 0.04807692307692308
0 0.10096153846153846 0.9795673076923077 0.0625 0.040865384615384616
0 0.19110576923076922 0.9975961538461539 0.06009615384615385 0.004807692307692308
0 0.46634615384615385 0.8677884615384616 0.038461538461538464 0.04807692307692308
0 0.30408653846153844 0.9963942307692307 0.057692307692307696 0.007211538461538462
0 0.12139423076923077 0.6418269230769231 0.06490384615384616 0.05048076923076923
0 0.13221153846153846 0.9483173076923077 0.06009615384615385 0.04807692307692308
0 0.21394230769230768 0.6814903846153846 0.0625 0.05048076923076923
0 0.4206730769230769 0.8689903846153846 0.06009615384615385 0.04326923076923077
0 0.2764423076923077 0.8341346153846154 0.06009615384615385 0.04807692307692308
0 0.36177884615384615 0.9951923076923077 0.06009615384615385 0.009615384615384616
0 0.24879807692307693 0.9459134615384616 0.06009615384615385 0.04326923076923077
0 0.33533653846153844 0.9074519230769231 0.057692307692307696 0.04807692307692308
0 0.3641826923076923 0.9435096153846154 0.057692307692307696 0.04326923076923077
0 0.16105769230769232 0.9098557692307693 0.0625 0.04807692307692308
0 0.39302884615384615 0.6814903846153846 0.06009615384615385 0.04807692307692308
0 0.30649038461538464 0.9447115384615384 0.057692307692307696 0.04326923076923077
0 0.33413461538461536 0.9771634615384616 0.057692307692307696 0.04326923076923077
0 0.2776442307692308 0.9086538461538461 0.06009615384615385 0.04567307692307692
0 0.4519230769230769 0.6802884615384616 0.06009615384615385 0.04807692307692308
0 0.19110576923076922 0.9471153846153846 0.06009615384615385 0.04326923076923077
0 0.21875 0.9098557692307693 0.06009615384615385 0.04807692307692308
0 0.2776442307692308 0.9771634615384616 0.06009615384615385 0.04326923076923077
0 0.4651442307692308 0.9399038461538461 0.040865384615384616 0.04807692307692308
0 0.24759615384615385 0.9975961538461539 0.06009615384615385 0.004807692307692308
0 0.4651442307692308 0.9939903846153846 0.040865384615384616 0.01201923076923077
0 0.055288461538461536 0.6442307692307693 0.06490384615384616 0.05048076923076923
0 0.4483173076923077 0.9759615384615384 0.057692307692307696 0.04326923076923077
0 0.21754807692307693 0.9783653846153846 0.06009615384615385 0.04326923076923077
0 0.4206730769230769 0.9423076923076923 0.06009615384615385 0.04567307692307692
0 0.3918269230769231 0.90625 0.057692307692307696 0.04567307692307692
0 0.45072115384615385 0.8329326923076923 0.06009615384615385 0.04567307692307692
0 0.15985576923076922 0.9795673076923077 0.06009615384615385 0.040865384615384616
0 0.2127403846153846 0.6009615384615384 0.0625 0.05048076923076923
0 0.45072115384615385 0.7572115384615384 0.06009615384615385 0.04807692307692308
0 0.3918269230769231 0.9771634615384616 0.06009615384615385 0.04326923076923077
0 0.15384615384615385 0.6814903846153846 0.06490384615384616 0.05048076923076923
0 0.41947115384615385 0.9951923076923077 0.057692307692307696 0.009615384615384616
0 0.6418269230769231 0.6586538461538461 0.18990384615384615 0.2668269230769231
0 0.8497596153846154 0.6850961538461539 0.23557692307692307 0.3269230769230769
0 0.9795673076923077 0.6658653846153846 0.040865384615384616 0.27403846153846156
0 0.6442307692307693 0.8930288461538461 0.2403846153846154 0.21394230769230768
0 0.8413461538461539 0.921875 0.17307692307692307 0.15625
0 0.9615384615384616 0.8978365384615384 0.07692307692307693 0.20432692307692307