0 0.39002403846153844 0.325 0.05264423076923077 0.06923076923076923
0 0.7652644230769231 0.327724358974359 0.04927884615384615 0.06442307692307692
0 0.4405048076923077 0.3326923076923077 0.05216346153846154 0.06987179487179487
0 0.8128605769230769 0.33798076923076925 0.04735576923076923 0.06570512820512821
0 0.4891826923076923 0.33958333333333335 0.04903846153846154 0.06955128205128205
0 0.09507211538461538 0.3440705128205128 0.05552884615384615 0.07083333333333333
0 0.8567307692307692 0.3450320512820513 0.04567307692307692 0.06442307692307692
0 0.5368990384615384 0.3467948717948718 0.04879807692307692 0.06666666666666667
0 0.14915865384615384 0.35096153846153844 0.056490384615384616 0.07051282051282051
0 0.8981971153846153 0.35128205128205126 0.043028846153846154 0.06346153846153846
0 0.5848557692307692 0.352724358974359 0.04855769230769231 0.06762820512820512
0 0.9395432692307693 0.3580128205128205 0.043028846153846154 0.06282051282051282
0 0.20336538461538461 0.35865384615384616 0.05625 0.07115384615384615
0 0.6335336538461539 0.3592948717948718 0.04975961538461538 0.06794871794871794
0 0.25721153846153844 0.36522435897435895 0.05576923076923077 0.06955128205128205
0 0.6798076923076923 0.3661858974358974 0.047115384615384615 0.06891025641025642
0 0.7264423076923077 0.371474358974359 0.04855769230769231 0.06538461538461539
0 0.3097355769230769 0.37243589743589745 0.054086538461538464 0.06923076923076923
0 0.3612980769230769 0.3798076923076923 0.052884615384615384 0.06794871794871794
0 0.7775240384615385 0.3860576923076923 0.048317307692307694 0.06442307692307692
0 0.41165865384615385 0.3870192307692308 0.051682692307692304 0.06762820512820512
0 0.4606971153846154 0.39310897435897435 0.05024038461538462 0.06762820512820512
0 0.8235576923076923 0.3956730769230769 0.046634615384615385 0.06378205128205128
0 0.5081730769230769 0.3993589743589744 0.04855769230769231 0.06666666666666667
0 0.8668269230769231 0.4009615384615385 0.04423076923076923 0.06217948717948718
0 0.06899038461538462 0.40208333333333335 0.05480769230769231 0.06955128205128205
0 0.5552884615384616 0.40528846153846154 0.04807692307692308 0.06570512820512821
0 0.12271634615384615 0.40689102564102564 0.05552884615384615 0.06955128205128205
0 0.9076923076923077 0.4080128205128205 0.04230769230769231 0.06217948717948718
0 0.6014423076923077 0.4113782051282051 0.047596153846153844 0.06506410256410257
0 0.9489182692307693 0.413301282051282 0.043028846153846154 0.0625
0 0.1762019230769231 0.41394230769230766 0.05480769230769231 0.06826923076923076
0 0.6481971153846153 0.4165064102564103 0.04879807692307692 0.06442307692307692
0 0.22944711538461537 0.4200320512820513 0.054086538461538464 0.06891025641025642
0 0.6939903846153846 0.42243589743589743 0.047115384615384615 0.0641025641025641
0 0.28173076923076923 0.42628205128205127 0.05384615384615385 0.0673076923076923
0 0.7391826923076923 0.4282051282051282 0.04807692307692308 0.0641025641025641
0 0.3331730769230769 0.4328525641025641 0.052884615384615384 0.06634615384615385
0 0.38353365384615384 0.4392628205128205 0.050721153846153846 0.06634615384615385
0 0.7890625 0.44166666666666665 0.04783653846153846 0.06025641025641026
0 0.4322115384615385 0.44535256410256413 0.05 0.06442307692307692
0 0.4795673076923077 0.45080128205128206 0.04855769230769231 0.06442307692307692
0 0.8342548076923076 0.4511217948717949 0.04447115384615385 0.06185897435897436
0 0.8760817307692308 0.45560897435897435 0.043028846153846154 0.06185897435897436
0 0.5263221153846154 0.4565705128205128 0.04783653846153846 0.06442307692307692
0 0.9173076923076923 0.46057692307692305 0.041826923076923074 0.06025641025641026
0 0.5728365384615385 0.4623397435897436 0.047115384615384615 0.0625
0 0.09627403846153847 0.46282051282051284 0.054086538461538464 0.06794871794871794
0 0.6168269230769231 0.4673076923076923 0.046153846153846156 0.06282051282051282
0 0.14951923076923077 0.46794871794871795 0.05432692307692308 0.0673076923076923
0 0.6628605769230769 0.4719551282051282 0.04639423076923077 0.06314102564102564
0 0.20252403846153846 0.47323717948717947 0.054086538461538464 0.06634615384615385
0 0.7070913461538462 0.477724358974359 0.04639423076923077 0.06185897435897436
0 0.25432692307692306 0.4790064102564103 0.052884615384615384 0.06506410256410257
0 0.7512019230769231 0.4831730769230769 0.047115384615384615 0.06185897435897436
0 0.30540865384615384 0.4841346153846154 0.05264423076923077 0.06506410256410257
0 0.35564903846153845 0.49006410256410254 0.050721153846153846 0.0641025641025641
0 0.7998798076923077 0.49455128205128207 0.048317307692307694 0.05897435897435897
0 0.4043269230769231 0.4953525641025641 0.04903846153846154 0.06442307692307692
0 0.4512019230769231 0.500801282051282 0.04807692307692308 0.06378205128205128
0 0.8451923076923077 0.5032051282051282 0.04375 0.05961538461538462
0 0.4974759615384615 0.5056089743589743 0.04783653846153846 0.0625
0 0.8864182692307693 0.5089743589743589 0.04158653846153846 0.060897435897435896
0 0.54375 0.5110576923076923 0.046634615384615385 0.0625
0 0.9268028846153846 0.5128205128205128 0.040625 0.06025641025641026
0 0.5883413461538461 0.5155448717948717 0.045432692307692306 0.061217948717948716
0 0.07115384615384615 0.5169871794871795 0.05144230769230769 0.06666666666666667
0 0.6326923076923077 0.5205128205128206 0.046153846153846156 0.06217948717948718
0 0.12355769230769231 0.5208333333333334 0.05384615384615385 0.06666666666666667
0 0.1753605769230769 0.525 0.05360576923076923 0.06474358974358975
0 0.6771634615384615 0.5254807692307693 0.04519230769230769 0.06057692307692308
0 0.7206730769230769 0.5301282051282051 0.04471153846153846 0.060897435897435896
0 0.22776442307692307 0.5306089743589744 0.053125 0.06506410256410257
0 0.7641826923076923 0.5344551282051282 0.046153846153846156 0.05993589743589744
0 0.27860576923076924 0.5355769230769231 0.051923076923076926 0.0641025641025641
0 0.32800480769230766 0.5405448717948718 0.051201923076923075 0.06506410256410257
0 0.3766826923076923 0.5450320512820512 0.04903846153846154 0.06314102564102564
0 0.8122596153846153 0.5472756410256411 0.04567307692307692 0.05929487179487179
0 0.42403846153846153 0.5496794871794872 0.047596153846153844 0.06217948717948718
0 0.4698317307692308 0.5541666666666667 0.046875 0.06153846153846154
0 0.8557692307692307 0.5543269230769231 0.04278846153846154 0.058012820512820515
0 0.5149038461538461 0.5584935897435898 0.046153846153846156 0.061217948717948716
0 0.8963942307692307 0.5591346153846154 0.04230769230769231 0.058012820512820515
0 0.5605769230769231 0.563301282051282 0.046634615384615385 0.06057692307692308
0 0.6042067307692308 0.5676282051282051 0.04447115384615385 0.06025641025641026
0 0.6475961538461539 0.5714743589743589 0.04519230769230769 0.06025641025641026
0 0.09771634615384615 0.5732371794871794 0.05360576923076923 0.06378205128205128
0 0.6908653846153846 0.575801282051282 0.04375 0.06057692307692308
0 0.15 0.5774038461538461 0.051923076923076926 0.06570512820512821
0 0.7334134615384615 0.5807692307692308 0.04423076923076923 0.05961538461538462
0 0.20120192307692308 0.58125 0.052884615384615384 0.06442307692307692
0 0.7757211538461538 0.5852564102564103 0.04423076923076923 0.05961538461538462
0 0.2515625 0.5855769230769231 0.050721153846153846 0.06217948717948718
0 0.3010817307692308 0.5897435897435898 0.050721153846153846 0.06282051282051282
0 0.34951923076923075 0.5939102564102564 0.04855769230769231 0.06153846153846154
0 0.8231971153846154 0.5969551282051282 0.042548076923076925 0.058012820512820515
0 0.396875 0.5975961538461538 0.047596153846153844 0.061217948717948716
0 0.44290865384615385 0.6020833333333333 0.04639423076923077 0.061217948717948716
0 0.8661057692307692 0.6036858974358974 0.041346153846153845 0.05737179487179487
0 0.48834134615384617 0.6060897435897435 0.04639423076923077 0.060897435897435896
0 0.9052884615384615 0.6080128205128205 0.03990384615384615 0.05705128205128205
0 0.5328125 0.6096153846153847 0.045432692307692306 0.05961538461538462
0 0.5764423076923076 0.6134615384615385 0.04471153846153846 0.058333333333333334
0 0.619951923076923 0.6182692307692308 0.04423076923076923 0.05897435897435897
0 0.6620192307692307 0.6213141025641026 0.04423076923076923 0.058012820512820515
0 0.07355769230769231 0.6245192307692308 0.051923076923076926 0.06378205128205128
0 0.7045673076923077 0.6261217948717949 0.04326923076923077 0.058012820512820515
0 0.12439903846153846 0.6282051282051282 0.051682692307692304 0.06282051282051282
0 0.7463942307692307 0.6296474358974359 0.04375 0.05737179487179487
0 0.17475961538461537 0.6314102564102564 0.051923076923076926 0.06217948717948718
0 0.7877403846153846 0.6333333333333333 0.04278846153846154 0.05897435897435897
0 0.22560096153846154 0.6354166666666666 0.05024038461538462 0.06314102564102564
0 0.27439903846153846 0.639102564102564 0.04975961538461538 0.06217948717948718
0 0.3231971153846154 0.6424679487179488 0.04927884615384615 0.06185897435897436
0 0.8342548076923076 0.6448717948717949 0.04350961538461538 0.05576923076923077
0 0.3701923076923077 0.6458333333333334 0.047115384615384615 0.06217948717948718
0 0.41634615384615387 0.6495192307692308 0.047115384615384615 0.061217948717948716
0 0.8766826923076924 0.6511217948717949 0.041826923076923074 0.05608974358974359
0 0.4621394230769231 0.6524038461538462 0.045432692307692306 0.06057692307692308
0 0.5060096153846154 0.6567307692307692 0.04567307692307692 0.05897435897435897
0 0.549639423076923 0.6596153846153846 0.04447115384615385 0.058333333333333334
0 0.5920673076923076 0.6631410256410256 0.04423076923076923 0.058333333333333334
0 0.6356971153846154 0.6677884615384615 0.04447115384615385 0.05737179487179487
0 0.6766826923076923 0.6698717948717948 0.04278846153846154 0.057692307692307696
0 0.7182692307692308 0.6738782051282052 0.04278846153846154 0.05673076923076923
0 0.09915865384615384 0.6764423076923077 0.051682692307692304 0.05993589743589744
0 0.7592548076923077 0.677724358974359 0.042548076923076925 0.05673076923076923
0 0.14951923076923077 0.6810897435897436 0.05096153846153846 0.06153846153846154
0 0.8007211538461538 0.6818910256410257 0.04375 0.05608974358974359
0 0.19915865384615383 0.6844551282051282 0.05024038461538462 0.061217948717948716
0 0.2484375 0.6876602564102564 0.04927884615384615 0.061217948717948716
0 0.2960336538461538 0.6907051282051282 0.04879807692307692 0.06217948717948718
0 0.8455528846153846 0.6911858974358974 0.043028846153846154 0.055448717948717946
0 0.34362980769230766 0.69375 0.048317307692307694 0.06185897435897436
0 0.38990384615384616 0.6966346153846154 0.046634615384615385 0.05929487179487179
0 0.8871394230769231 0.6975961538461538 0.04014423076923077 0.05480769230769231
0 0.43521634615384613 0.6996794871794871 0.04591346153846154 0.06153846153846154
0 0.4796875 0.7027243589743589 0.045432692307692306 0.061217948717948716
0 0.5229567307692308 0.7056089743589744 0.04447115384615385 0.058012820512820515
0 0.5658653846153846 0.7080128205128206 0.04326923076923077 0.05705128205128205
0 0.6078125 0.7107371794871795 0.042548076923076925 0.05608974358974359
0 0.6497596153846154 0.7144230769230769 0.04278846153846154 0.05576923076923077
0 0.6911057692307693 0.7173076923076923 0.04230769230769231 0.05641025641025641
0 0.731610576923077 0.7217948717948718 0.04158653846153846 0.05705128205128205
0 0.07367788461538462 0.7240384615384615 0.05216346153846154 0.06025641025641026
0 0.7721153846153846 0.7245192307692307 0.041346153846153845 0.05608974358974359
0 0.8123798076923077 0.7277243589743589 0.04110576923076923 0.05480769230769231
0 0.12439903846153846 0.7282051282051282 0.05216346153846154 0.06025641025641026
0 0.17415865384615384 0.732051282051282 0.04879807692307692 0.06153846153846154
0 0.2221153846153846 0.7357371794871795 0.04903846153846154 0.06057692307692308
0 0.8558894230769231 0.736698717948718 0.042067307692307696 0.052243589743589745
0 0.2704326923076923 0.7392628205128206 0.04855769230769231 0.06057692307692308
0 0.3174278846153846 0.7415064102564103 0.04783653846153846 0.06057692307692308
0 0.3638221153846154 0.74375 0.04783653846153846 0.05993589743589744
0 0.40889423076923076 0.746474358974359 0.04567307692307692 0.05897435897435897
0 0.45384615384615384 0.749198717948718 0.04567307692307692 0.05737179487179487
0 0.4974759615384615 0.7514423076923077 0.04447115384615385 0.05608974358974359
0 0.5395432692307692 0.7519230769230769 0.043028846153846154 0.05576923076923077
0 0.5813701923076923 0.7548076923076923 0.043028846153846154 0.05576923076923077
0 0.6234375 0.7583333333333333 0.042067307692307696 0.05576923076923077
0 0.6644230769230769 0.7620192307692307 0.041826923076923074 0.05673076923076923
0 0.7052884615384616 0.7642628205128205 0.041826923076923074 0.055448717948717946
0 0.744951923076923 0.7669871794871795 0.04038461538461539 0.05576923076923077
0 0.7841346153846154 0.7701923076923077 0.04038461538461539 0.05384615384615385
0 0.8234375 0.7722756410256411 0.04110576923076923 0.052243589743589745
0 0.09867788461538461 0.7745192307692308 0.050721153846153846 0.058012820512820515
0 0.46105769230769234 0.07756410256410257 0.05625 0.07179487179487179
0 0.14915865384615384 0.7791666666666667 0.05024038461538462 0.05897435897435897
0 0.8701923076923077 0.7810897435897436 0.040865384615384616 0.05384615384615385
0 0.196875 0.7830128205128205 0.04807692307692308 0.05961538461538462
0 0.24447115384615384 0.7862179487179487 0.04807692307692308 0.05897435897435897
0 0.29170673076923076 0.7889423076923077 0.04735576923076923 0.058012820512820515
0 0.3376201923076923 0.7903846153846154 0.04639423076923077 0.057692307692307696
0 0.38317307692307695 0.7923076923076923 0.046153846153846156 0.057692307692307696
0 0.42740384615384613 0.7942307692307692 0.04423076923076923 0.05641025641025641
0 0.47091346153846153 0.7961538461538461 0.04423076923076923 0.05576923076923077
0 0.5140625 0.7982371794871795 0.04350961538461538 0.05608974358974359
0 0.5560096153846154 0.8 0.04326923076923077 0.057692307692307696
0 0.5977163461538462 0.8024038461538462 0.042548076923076925 0.05929487179487179
0 0.6388221153846154 0.8056089743589744 0.04158653846153846 0.05673076923076923
0 0.6804086538461539 0.8088141025641026 0.04158653846153846 0.05608974358974359
0 0.7189903846153847 0.8100961538461539 0.04038461538461539 0.055448717948717946
0 0.7581730769230769 0.8121794871794872 0.03942307692307692 0.05512820512820513
0 0.7966346153846153 0.8139423076923077 0.03990384615384615 0.052884615384615384
0 0.8362980769230769 0.8147435897435897 0.040865384615384616 0.05
0 0.07415865384615385 0.8213141025641025 0.051201923076923075 0.058653846153846154
0 0.09290865384615385 0.08253205128205128 0.06033653846153846 0.07660256410256411
0 0.12307692307692308 0.8240384615384615 0.05048076923076923 0.057692307692307696
0 0.1719951923076923 0.8290064102564103 0.04927884615384615 0.05673076923076923
0 0.21983173076923077 0.8322115384615385 0.04735576923076923 0.05737179487179487
0 0.26622596153846156 0.8346153846153846 0.046875 0.05705128205128205
0 0.3122596153846154 0.8363782051282052 0.046153846153846156 0.05673076923076923
0 0.35757211538461536 0.8379807692307693 0.045432692307692306 0.05737179487179487
0 0.40216346153846155 0.8395833333333333 0.04567307692307692 0.05673076923076923
0 0.4455528846153846 0.840224358974359 0.04350961538461538 0.05480769230769231
0 0.48834134615384617 0.8419871794871795 0.043028846153846154 0.05512820512820513
0 0.5308894230769231 0.84375 0.043028846153846154 0.05480769230769231
0 0.5727163461538461 0.8479166666666667 0.042067307692307696 0.05480769230769231
0 0.6131009615384615 0.8487179487179487 0.04110576923076923 0.05448717948717949
0 0.6544471153846154 0.8522435897435897 0.04158653846153846 0.05576923076923077
0 0.6935096153846154 0.8525641025641025 0.03990384615384615 0.05448717948717949
0 0.85 0.8536858974358974 0.038461538461538464 0.0516025641025641
0 0.7322115384615384 0.8541666666666666 0.038461538461538464 0.0532051282051282
0 0.8104567307692307 0.8548076923076923 0.040625 0.04935897435897436
0 0.7705528846153846 0.8552884615384615 0.039663461538461536 0.0516025641025641
0 0.09903846153846153 0.8684294871794872 0.04855769230769231 0.05673076923076923
0 0.1469951923076923 0.8717948717948718 0.04879807692307692 0.05641025641025641
0 0.1953125 0.8764423076923077 0.048317307692307694 0.05480769230769231
0 0.24194711538461539 0.8786858974358974 0.04591346153846154 0.05480769230769231
0 0.2876201923076923 0.8804487179487179 0.045432692307692306 0.05512820512820513
0 0.5143028846153846 0.08830128205128206 0.05600961538461539 0.07532051282051282
0 0.3326923076923077 0.8818910256410256 0.04519230769230769 0.05416666666666667
0 0.37728365384615387 0.8836538461538461 0.045432692307692306 0.05384615384615385
0 0.4207932692307692 0.8841346153846154 0.04399038461538462 0.05352564102564102
0 0.46310096153846153 0.8852564102564102 0.042548076923076925 0.05384615384615385
0 0.5052884615384615 0.8865384615384615 0.041826923076923074 0.0532051282051282
0 0.5466346153846153 0.8887820512820512 0.041826923076923074 0.05384615384615385
0 0.5873798076923077 0.8910256410256411 0.04110576923076923 0.0532051282051282
0 0.8239182692307693 0.892948717948718 0.039663461538461536 0.04935897435897436
0 0.6282451923076923 0.8932692307692308 0.04110576923076923 0.0532051282051282
0 0.6679086538461538 0.8950320512820513 0.04014423076923077 0.05352564102564102
0 0.784014423076923 0.8953525641025641 0.039663461538461536 0.049679487179487176
0 0.7067307692307693 0.8958333333333334 0.03894230769230769 0.052564102564102565
0 0.744951923076923 0.8963141025641026 0.03894230769230769 0.0516025641025641
0 0.07560096153846153 0.9128205128205128 0.04927884615384615 0.058333333333333334
0 0.12355769230769231 0.9153846153846154 0.046634615384615385 0.057692307692307696
0 0.15108173076923076 0.09182692307692308 0.06033653846153846 0.07660256410256411
0 0.16995192307692308 0.9189102564102564 0.046634615384615385 0.05641025641025641
0 0.21754807692307693 0.9219551282051283 0.047115384615384615 0.05608974358974359
0 0.26382211538461536 0.9240384615384616 0.04495192307692308 0.05641025641025641
0 0.30841346153846155 0.9251602564102565 0.04471153846153846 0.05608974358974359
0 0.3528846153846154 0.9261217948717949 0.04278846153846154 0.055448717948717946
0 0.3955528846153846 0.9274038461538462 0.04350961538461538 0.05480769230769231
0 0.43822115384615384 0.9283653846153846 0.04230769230769231 0.05480769230769231
0 0.48004807692307694 0.9291666666666667 0.04230769230769231 0.05512820512820513
0 0.521875 0.9302884615384616 0.041346153846153845 0.05352564102564102
0 0.5626201923076923 0.9320512820512821 0.040625 0.0532051282051282
0 0.8336538461538462 0.9320512820512821 0.03701923076923077 0.05
0 0.7977163461538461 0.9325320512820513 0.03822115384615385 0.049679487179487176
0 0.6027644230769231 0.933974358974359 0.040625 0.0532051282051282
0 0.7581730769230769 0.9352564102564103 0.03990384615384615 0.04935897435897436
0 0.6425480769230769 0.9357371794871795 0.03990384615384615 0.052243589743589745
0 0.68125 0.9363782051282051 0.038461538461538464 0.05096153846153846
0 0.7193509615384616 0.936698717948718 0.03870192307692308 0.05032051282051282
0 0.5665865384615385 0.09743589743589744 0.05432692307692308 0.07628205128205129
0 0.20841346153846155 0.10128205128205128 0.058173076923076925 0.07756410256410257
0 0.6176682692307692 0.10721153846153846 0.054086538461538464 0.07403846153846154
0 0.26490384615384616 0.10993589743589743 0.05913461538461538 0.07756410256410257
0 0.3211538461538462 0.11987179487179488 0.05721153846153846 0.07628205128205129
0 0.3762019230769231 0.1294871794871795 0.05721153846153846 0.07435897435897436
0 0.4296875 0.13926282051282052 0.05552884615384615 0.07596153846153846
0 0.06526442307692308 0.1467948717948718 0.05985576923076923 0.07756410256410257
0 0.48221153846153847 0.1483974358974359 0.05480769230769231 0.07564102564102564
0 0.12295673076923076 0.15512820512820513 0.05841346153846154 0.07756410256410257
0 0.5344951923076923 0.1580128205128205 0.05360576923076923 0.075
0 0.17932692307692308 0.1641025641025641 0.058173076923076925 0.07756410256410257
0 0.5847355769230769 0.1671474358974359 0.05216346153846154 0.07403846153846154
0 0.23545673076923077 0.17307692307692307 0.05793269230769231 0.07756410256410257
0 0.6346153846153846 0.17564102564102563 0.05096153846153846 0.07435897435897436
0 0.29086538461538464 0.1815705128205128 0.05721153846153846 0.07596153846153846
0 0.6853365384615384 0.18333333333333332 0.052884615384615384 0.07115384615384615
0 0.3454326923076923 0.19054487179487178 0.05673076923076923 0.07596153846153846
0 0.39915865384615384 0.1998397435897436 0.056971153846153845 0.07596153846153846
0 0.7395432692307692 0.20176282051282052 0.051682692307692304 0.06762820512820512
0 0.4515625 0.2091346153846154 0.05360576923076923 0.07403846153846154
0 0.7877403846153846 0.2155448717948718 0.05 0.06891025641025642
0 0.5021634615384616 0.21778846153846154 0.052403846153846155 0.0733974358974359
0 0.09362980769230769 0.21794871794871795 0.056490384615384616 0.07564102564102564
0 0.8336538461538462 0.22355769230769232 0.046634615384615385 0.07083333333333333
0 0.5530048076923076 0.22580128205128205 0.05216346153846154 0.0733974358974359
0 0.14903846153846154 0.2264423076923077 0.057692307692307696 0.07532051282051282
0 0.8776442307692308 0.23237179487179488 0.04519230769230769 0.0685897435897436
0 0.6022836538461539 0.2344551282051282 0.05024038461538462 0.07211538461538461
0 0.20504807692307692 0.2344551282051282 0.05721153846153846 0.07403846153846154
0 0.9203125 0.24022435897435898 0.04447115384615385 0.06826923076923076
0 0.6515625 0.24134615384615385 0.051201923076923075 0.07179487179487179
0 0.25997596153846153 0.24278846153846154 0.056971153846153845 0.07467948717948718
0 0.9628605769230769 0.24743589743589745 0.046875 0.06987179487179487
0 0.6998798076923077 0.24903846153846154 0.05024038461538462 0.06987179487179487
0 0.31454326923076925 0.2512820512820513 0.05552884615384615 0.07435897435897436
0 0.36754807692307695 0.25993589743589746 0.055288461538461536 0.07307692307692308
0 0.7524038461538461 0.26650641025641025 0.05144230769230769 0.06698717948717949
0 0.41959134615384613 0.2685897435897436 0.05264423076923077 0.07243589743589744
0 0.4703125 0.2766025641025641 0.051682692307692304 0.07179487179487179
0 0.8010817307692307 0.27852564102564104 0.04879807692307692 0.06602564102564103
0 0.06766826923076923 0.2796474358974359 0.05504807692307692 0.0733974358974359
0 0.5201923076923077 0.2841346153846154 0.05144230769230769 0.07403846153846154
0 0.8459134615384616 0.28525641025641024 0.04567307692307692 0.06666666666666667
0 0.12175480769230769 0.2860576923076923 0.056971153846153845 0.07211538461538461
0 0.56875 0.29118589743589746 0.05 0.07019230769230769
0 0.8888221153846154 0.2932692307692308 0.04399038461538462 0.06602564102564103
0 0.17692307692307693 0.29375 0.05673076923076923 0.07275641025641026
0 0.6167067307692308 0.2985576923076923 0.04879807692307692 0.06955128205128205
0 0.9302884615384616 0.3 0.04326923076923077 0.06666666666666667
0 0.23149038461538463 0.3016025641025641 0.05625 0.07243589743589744
0 0.6644230769230769 0.30496794871794874 0.04855769230769231 0.06762820512820512
0 0.9722355769230769 0.3072115384615385 0.04399038461538462 0.06506410256410257
0 0.28533653846153845 0.3096153846153846 0.05576923076923077 0.07115384615384615
0 0.7123798076923077 0.31314102564102564 0.050721153846153846 0.0685897435897436
0 0.33834134615384615 0.3173076923076923 0.05504807692307692 0.07115384615384615