0 0.4889423076923077 0.5234375 0.13814102564102565 0.05480769230769231
0 0.6217948717948718 0.5780048076923077 0.13173076923076923 0.05456730769230769
0 0.3419871794871795 0.4798076923076923 0.14358974358974358 0.05889423076923077
0 0.21650641025641026 0.41814903846153845 0.1439102564102564 0.05673076923076923
0 0.7878205128205128 0.5921875 0.14294871794871794 0.05673076923076923
0 0.2049679487179487 0.4736778846153846 0.14423076923076922 0.061057692307692306
0 0.48669871794871794 0.5735576923076923 0.1326923076923077 0.055288461538461536
0 0.21570512820512822 0.56875 0.08942307692307692 0.10841346153846154
0 0.3852564102564103 0.5557692307692308 0.07692307692307693 0.10144230769230769
0 0.30288461538461536 0.5627403846153847 0.0810897435897436 0.10817307692307693
0 0.14310897435897435 0.5643028846153846 0.08205128205128205 0.11009615384615384