0 0.056490384615384616 0.1502403846153846 0.04567307692307692 0.0625
0 0.10096153846153846 0.1502403846153846 0.04807692307692308 0.06490384615384616
0 0.1466346153846154 0.1502403846153846 0.04807692307692308 0.06490384615384616
0 0.19230769230769232 0.1502403846153846 0.04807692307692308 0.06490384615384616
0 0.23798076923076922 0.15144230769230768 0.04807692307692308 0.06490384615384616
0 0.28365384615384615 0.15264423076923078 0.04807692307692308 0.0625
0 0.33052884615384615 0.15264423076923078 0.04807692307692308 0.0625
0 0.375 0.15264423076923078 0.04567307692307692 0.0625
0 0.4639423076923077 0.15384615384615385 0.04567307692307692 0.0625
0 0.41947115384615385 0.15384615384615385 0.04567307692307692 0.0625
0 0.5024038461538461 0.15384615384615385 0.03365384615384615 0.0625
0 0.12620192307692307 0.203125 0.04567307692307692 0.0625
0 0.08052884615384616 0.203125 0.04567307692307692 0.06490384615384616
0 0.171875 0.203125 0.04567307692307692 0.0625
0 0.21634615384615385 0.203125 0.04807692307692308 0.0625
0 0.26322115384615385 0.20432692307692307 0.04807692307692308 0.0625
0 0.3076923076923077 0.20432692307692307 0.04567307692307692 0.0625
0 0.35336538461538464 0.20552884615384615 0.04567307692307692 0.0625
0 0.39783653846153844 0.20552884615384615 0.04567307692307692 0.0625
0 0.5120192307692307 0.20432692307692307 0.014423076923076924 0.0625
0 0.4855769230769231 0.20552884615384615 0.04567307692307692 0.0625
0 0.4423076923076923 0.20552884615384615 0.04567307692307692 0.0625
0 0.10697115384615384 0.2548076923076923 0.04567307692307692 0.0625
0 0.0625 0.2548076923076923 0.04567307692307692 0.0625
0 0.15144230769230768 0.2548076923076923 0.04567307692307692 0.0625
0 0.1971153846153846 0.2548076923076923 0.04807692307692308 0.0625
0 0.24158653846153846 0.25600961538461536 0.04567307692307692 0.0625
0 0.28725961538461536 0.25600961538461536 0.04567307692307692 0.0625
0 0.3317307692307692 0.25600961538461536 0.04567307692307692 0.06009615384615385
0 0.5012019230769231 0.25600961538461536 0.036057692307692304 0.06009615384615385
0 0.3762019230769231 0.25600961538461536 0.04567307692307692 0.0625
0 0.41947115384615385 0.25600961538461536 0.04567307692307692 0.0625
0 0.4639423076923077 0.25721153846153844 0.04567307692307692 0.06009615384615385
0 0.484375 0.30528846153846156 0.04326923076923077 0.057692307692307696
0 0.08774038461538461 0.30528846153846156 0.04567307692307692 0.06009615384615385
0 0.5120192307692307 0.30408653846153844 0.014423076923076924 0.06009615384615385
0 0.265625 0.30649038461538464 0.04567307692307692 0.06009615384615385
0 0.22115384615384615 0.30649038461538464 0.04567307692307692 0.06009615384615385
0 0.13221153846153846 0.30649038461538464 0.04567307692307692 0.06009615384615385
0 0.17668269230769232 0.30649038461538464 0.04567307692307692 0.06009615384615385
0 0.4411057692307692 0.30649038461538464 0.04326923076923077 0.057692307692307696
0 0.39903846153846156 0.30649038461538464 0.04567307692307692 0.06009615384615385
0 0.3545673076923077 0.30649038461538464 0.04567307692307692 0.06009615384615385
0 0.3112980769230769 0.30649038461538464 0.04567307692307692 0.06009615384615385
0 0.5012019230769231 0.35336538461538464 0.036057692307692304 0.057692307692307696
0 0.46274038461538464 0.3545673076923077 0.04326923076923077 0.057692307692307696
0 0.4206730769230769 0.3557692307692308 0.04326923076923077 0.06009615384615385
0 0.37740384615384615 0.3557692307692308 0.04567307692307692 0.06009615384615385
0 0.24519230769230768 0.3557692307692308 0.04326923076923077 0.06009615384615385
0 0.06971153846153846 0.3557692307692308 0.04326923076923077 0.06009615384615385
0 0.20072115384615385 0.3557692307692308 0.04567307692307692 0.06009615384615385
0 0.15625 0.3557692307692308 0.04567307692307692 0.06009615384615385
0 0.11177884615384616 0.3557692307692308 0.04567307692307692 0.06009615384615385
0 0.3329326923076923 0.3557692307692308 0.04567307692307692 0.06009615384615385
0 0.28846153846153844 0.35697115384615385 0.04567307692307692 0.06009615384615385
0 0.484375 0.4026442307692308 0.04326923076923077 0.057692307692307696
0 0.5120192307692307 0.4014423076923077 0.014423076923076924 0.057692307692307696
0 0.4411057692307692 0.4026442307692308 0.04326923076923077 0.057692307692307696
0 0.39903846153846156 0.40384615384615385 0.04326923076923077 0.057692307692307696
0 0.3557692307692308 0.40384615384615385 0.04567307692307692 0.06009615384615385
0 0.3125 0.40384615384615385 0.04567307692307692 0.06009615384615385
0 0.26802884615384615 0.4050480769230769 0.04567307692307692 0.057692307692307696
0 0.2247596153846154 0.4050480769230769 0.04567307692307692 0.06009615384615385
0 0.09254807692307693 0.4050480769230769 0.04567307692307692 0.06009615384615385
0 0.18028846153846154 0.4050480769230769 0.04567307692307692 0.06009615384615385
0 0.13581730769230768 0.4050480769230769 0.04567307692307692 0.06009615384615385
0 0.5012019230769231 0.4495192307692308 0.036057692307692304 0.057692307692307696
0 0.46274038461538464 0.4495192307692308 0.04326923076923077 0.057692307692307696
0 0.4206730769230769 0.45072115384615385 0.04326923076923077 0.057692307692307696
0 0.37740384615384615 0.45072115384615385 0.04326923076923077 0.057692307692307696
0 0.33533653846153844 0.4519230769230769 0.04326923076923077 0.06009615384615385
0 0.2920673076923077 0.4519230769230769 0.04567307692307692 0.06009615384615385
0 0.24879807692307693 0.453125 0.04567307692307692 0.06009615384615385
0 0.20432692307692307 0.453125 0.04567307692307692 0.06009615384615385
0 0.11658653846153846 0.453125 0.04326923076923077 0.06009615384615385
0 0.0733173076923077 0.453125 0.04326923076923077 0.06009615384615385
0 0.15985576923076922 0.4543269230769231 0.04567307692307692 0.06009615384615385
0 0.5108173076923077 0.4951923076923077 0.016826923076923076 0.057692307692307696
0 0.4411057692307692 0.49759615384615385 0.04326923076923077 0.057692307692307696
0 0.39903846153846156 0.49759615384615385 0.04326923076923077 0.057692307692307696
0 0.4831730769230769 0.49759615384615385 0.040865384615384616 0.057692307692307696
0 0.35697115384615385 0.4987980769230769 0.04326923076923077 0.057692307692307696
0 0.3137019230769231 0.4987980769230769 0.04326923076923077 0.057692307692307696
0 0.27163461538461536 0.5 0.04326923076923077 0.06009615384615385
0 0.2283653846153846 0.5 0.04326923076923077 0.057692307692307696
0 0.0985576923076923 0.5012019230769231 0.04326923076923077 0.06009615384615385
0 0.18509615384615385 0.5012019230769231 0.04567307692307692 0.057692307692307696
0 0.14182692307692307 0.5012019230769231 0.04567307692307692 0.06009615384615385
0 0.5 0.5420673076923077 0.038461538461538464 0.055288461538461536
0 0.46153846153846156 0.5432692307692307 0.04326923076923077 0.057692307692307696
0 0.4206730769230769 0.5444711538461539 0.04326923076923077 0.057692307692307696
0 0.3786057692307692 0.5444711538461539 0.04326923076923077 0.057692307692307696
0 0.33653846153846156 0.5456730769230769 0.04326923076923077 0.057692307692307696
0 0.2932692307692308 0.546875 0.04326923076923077 0.057692307692307696
0 0.25 0.5480769230769231 0.04567307692307692 0.057692307692307696
0 0.20793269230769232 0.5480769230769231 0.04326923076923077 0.057692307692307696
0 0.16466346153846154 0.5480769230769231 0.04326923076923077 0.057692307692307696
0 0.12139423076923077 0.5492788461538461 0.04326923076923077 0.057692307692307696
0 0.07932692307692307 0.5516826923076923 0.04326923076923077 0.057692307692307696
0 0.5108173076923077 0.5877403846153846 0.016826923076923076 0.055288461538461536
0 0.4831730769230769 0.5889423076923077 0.040865384615384616 0.057692307692307696
0 0.43990384615384615 0.5889423076923077 0.04326923076923077 0.057692307692307696
0 0.39783653846153844 0.5889423076923077 0.040865384615384616 0.057692307692307696
0 0.3557692307692308 0.5901442307692307 0.04326923076923077 0.055288461538461536
0 0.31490384615384615 0.5901442307692307 0.04326923076923077 0.055288461538461536
0 0.27163461538461536 0.5913461538461539 0.04326923076923077 0.052884615384615384
0 0.23076923076923078 0.5913461538461539 0.04326923076923077 0.052884615384615384
0 0.10336538461538461 0.5913461538461539 0.04326923076923077 0.052884615384615384
0 0.1875 0.5913461538461539 0.04326923076923077 0.052884615384615384
0 0.14423076923076922 0.5913461538461539 0.04326923076923077 0.052884615384615384
0 0.46033653846153844 0.6117788461538461 0.040865384615384616 0.01201923076923077
0 0.41947115384615385 0.6117788461538461 0.040865384615384616 0.01201923076923077
0 0.16105769230769232 0.008413461538461538 0.04807692307692308 0.016826923076923076
0 0.06971153846153846 0.008413461538461538 0.04807692307692308 0.016826923076923076
0 0.11538461538461539 0.008413461538461538 0.04807692307692308 0.016826923076923076
0 0.20793269230769232 0.008413461538461538 0.04567307692307692 0.016826923076923076
0 0.2548076923076923 0.009615384615384616 0.04807692307692308 0.019230769230769232
0 0.3016826923076923 0.009615384615384616 0.04567307692307692 0.019230769230769232
0 0.3485576923076923 0.009615384615384616 0.04807692307692308 0.019230769230769232
0 0.3954326923076923 0.010817307692307692 0.04567307692307692 0.021634615384615384
0 0.4411057692307692 0.010817307692307692 0.04567307692307692 0.021634615384615384
0 0.48677884615384615 0.010817307692307692 0.04567307692307692 0.021634615384615384
0 0.04927884615384615 0.040865384615384616 0.04567307692307692 0.0625
0 0.09495192307692307 0.042067307692307696 0.04807692307692308 0.06490384615384616
0 0.14182692307692307 0.042067307692307696 0.04567307692307692 0.06490384615384616
0 0.1875 0.042067307692307696 0.04807692307692308 0.0673076923076923
0 0.234375 0.042067307692307696 0.04807692307692308 0.0673076923076923
0 0.28125 0.04326923076923077 0.04807692307692308 0.06490384615384616
0 0.3269230769230769 0.04447115384615385 0.04807692307692308 0.06490384615384616
0 0.3737980769230769 0.04447115384615385 0.04807692307692308 0.06490384615384616
0 0.41947115384615385 0.04567307692307692 0.04567307692307692 0.0673076923076923
0 0.4651442307692308 0.046875 0.04567307692307692 0.06490384615384616
0 0.5024038461538461 0.046875 0.03365384615384615 0.06490384615384616
0 0.07451923076923077 0.09615384615384616 0.04567307692307692 0.06490384615384616
0 0.12139423076923077 0.09615384615384616 0.04807692307692308 0.06490384615384616
0 0.16706730769230768 0.09735576923076923 0.04807692307692308 0.06490384615384616
0 0.21394230769230768 0.09735576923076923 0.04807692307692308 0.06490384615384616
0 0.25961538461538464 0.09735576923076923 0.04807692307692308 0.06490384615384616
0 0.30528846153846156 0.0985576923076923 0.04567307692307692 0.06490384615384616
0 0.35096153846153844 0.09975961538461539 0.04807692307692308 0.0625
0 0.39663461538461536 0.09975961538461539 0.04567307692307692 0.0625
0 0.48677884615384615 0.10096153846153846 0.04567307692307692 0.06490384615384616
0 0.4423076923076923 0.10096153846153846 0.04567307692307692 0.06490384615384616
0 0.5132211538461539 0.10096153846153846 0.01201923076923077 0.0625
0 0.9098557692307693 0.20192307692307693 0.18028846153846154 0.40384615384615385
0 0.5360576923076923 0.4026442307692308 0.03365384615384615 0.43028846153846156
0 0.6382211538461539 0.42908653846153844 0.18028846153846154 0.37740384615384615
0 0.8305288461538461 0.4579326923076923 0.19951923076923078 0.31971153846153844
0 0.5733173076923077 0.13701923076923078 0.10817307692307693 0.27403846153846156
0 0.7223557692307693 0.16706730769230768 0.18990384615384615 0.33413461538461536
0 0.09495192307692307 0.7728365384615384 0.18509615384615385 0.31009615384615385
0 0.04927884615384615 0.9242788461538461 0.0985576923076923 0.15144230769230768
0 0.41586538461538464 0.9507211538461539 0.20673076923076922 0.0985576923076923
0 0.19831730769230768 0.9519230769230769 0.2091346153846154 0.09615384615384616
0 0.31009615384615385 0.7704326923076923 0.20192307692307693 0.30528846153846156
0 0.4675480769230769 0.7860576923076923 0.10336538461538461 0.33653846153846156
0 0.8774038461538461 0.8377403846153846 0.10096153846153846 0.17548076923076922
0 0.8894230769230769 0.9783653846153846 0.10096153846153846 0.04326923076923077