0 0.03365384615384615 0.4567307692307692 0.04807692307692308 0.028846153846153848
0 0.18028846153846154 0.4567307692307692 0.05048076923076923 0.028846153846153848
0 0.23076923076923078 0.45552884615384615 0.05048076923076923 0.03125
0 0.08173076923076923 0.4567307692307692 0.04807692307692308 0.028846153846153848
0 0.1310096153846154 0.45552884615384615 0.04807692307692308 0.03125
0 0.2824519230769231 0.45552884615384615 0.052884615384615384 0.03125
0 0.33413461538461536 0.4543269230769231 0.052884615384615384 0.03365384615384615
0 0.3858173076923077 0.453125 0.052884615384615384 0.036057692307692304
0 0.015625 0.421875 0.03125 0.06490384615384616
0 0.057692307692307696 0.4230769230769231 0.04807692307692308 0.0673076923076923
0 0.1045673076923077 0.4206730769230769 0.05048076923076923 0.0673076923076923
0 0.20432692307692307 0.4206730769230769 0.052884615384615384 0.06971153846153846
0 0.2536057692307692 0.41947115384615385 0.05048076923076923 0.0673076923076923
0 0.15384615384615385 0.41947115384615385 0.05048076923076923 0.0673076923076923
0 0.30528846153846156 0.4170673076923077 0.05048076923076923 0.0673076923076923
0 0.3557692307692308 0.41466346153846156 0.052884615384615384 0.0673076923076923
0 0.4074519230769231 0.41225961538461536 0.052884615384615384 0.06971153846153846
0 0.004807692307692308 0.3713942307692308 0.009615384615384616 0.0625
0 0.03365384615384615 0.3701923076923077 0.05048076923076923 0.06009615384615385
0 0.08052884615384616 0.36778846153846156 0.04807692307692308 0.0673076923076923
0 0.12860576923076922 0.36538461538461536 0.04807692307692308 0.0673076923076923
0 0.22716346153846154 0.3641826923076923 0.052884615384615384 0.06971153846153846
0 0.2776442307692308 0.3629807692307692 0.05048076923076923 0.0673076923076923
0 0.1778846153846154 0.3629807692307692 0.05048076923076923 0.0673076923076923
0 0.3269230769230769 0.36177884615384615 0.052884615384615384 0.0673076923076923
0 0.37740384615384615 0.3581730769230769 0.052884615384615384 0.0673076923076923
0 0.015625 0.3173076923076923 0.03125 0.0625
0 0.055288461538461536 0.3173076923076923 0.05048076923076923 0.06490384615384616
0 0.10216346153846154 0.3137019230769231 0.05048076923076923 0.0625
0 0.1502403846153846 0.3112980769230769 0.05048076923076923 0.06009615384615385
0 0.19951923076923078 0.3088942307692308 0.05048076923076923 0.0673076923076923
0 0.25 0.3088942307692308 0.052884615384615384 0.0673076923076923
0 0.2980769230769231 0.3076923076923077 0.05048076923076923 0.0673076923076923
0 0.3485576923076923 0.30528846153846156 0.052884615384615384 0.0673076923076923
0 0.39783653846153844 0.30288461538461536 0.05048076923076923 0.0625
0 0.003605769230769231 0.2704326923076923 0.007211538461538462 0.06490384615384616
0 0.03125 0.2668269230769231 0.04807692307692308 0.0625
0 0.078125 0.26322115384615385 0.05048076923076923 0.0625
0 0.12620192307692307 0.2608173076923077 0.05048076923076923 0.06490384615384616
0 0.17307692307692307 0.25721153846153844 0.05048076923076923 0.06490384615384616
0 0.2704326923076923 0.2548076923076923 0.04807692307692308 0.0673076923076923
0 0.22115384615384615 0.2548076923076923 0.05048076923076923 0.0673076923076923
0 0.31971153846153844 0.2536057692307692 0.052884615384615384 0.0625
0 0.36899038461538464 0.25240384615384615 0.05048076923076923 0.06490384615384616
0 0.014423076923076924 0.21634615384615385 0.028846153846153848 0.0625
0 0.054086538461538464 0.21514423076923078 0.04807692307692308 0.0625
0 0.09975961538461539 0.21033653846153846 0.04807692307692308 0.06490384615384616
0 0.14783653846153846 0.20793269230769232 0.05048076923076923 0.0625
0 0.19471153846153846 0.20432692307692307 0.05048076923076923 0.06490384615384616
0 0.2920673076923077 0.20192307692307693 0.04807692307692308 0.0673076923076923
0 0.2439903846153846 0.20192307692307693 0.05048076923076923 0.06490384615384616
0 0.34134615384615385 0.20072115384615385 0.05048076923076923 0.06490384615384616
0 0.3894230769230769 0.19831730769230768 0.05048076923076923 0.06490384615384616
0 0.003605769230769231 0.16826923076923078 0.007211538461538462 0.06009615384615385
0 0.030048076923076924 0.1658653846153846 0.04807692307692308 0.06490384615384616
0 0.07572115384615384 0.1622596153846154 0.04807692307692308 0.06490384615384616
0 0.12139423076923077 0.15865384615384615 0.05048076923076923 0.06490384615384616
0 0.16826923076923078 0.15504807692307693 0.04567307692307692 0.06490384615384616
0 0.21634615384615385 0.15144230769230768 0.05048076923076923 0.06490384615384616
0 0.3125 0.14903846153846154 0.05048076923076923 0.0673076923076923
0 0.2644230769230769 0.14903846153846154 0.05048076923076923 0.06490384615384616
0 0.3605769230769231 0.14783653846153846 0.04807692307692308 0.06490384615384616
0 0.01201923076923077 0.11538461538461539 0.02403846153846154 0.06490384615384616
0 0.04807692307692308 0.11177884615384616 0.04807692307692308 0.06490384615384616
0 0.09375 0.10697115384615384 0.04807692307692308 0.06009615384615385
0 0.13942307692307693 0.1045673076923077 0.04807692307692308 0.0625
0 0.18629807692307693 0.10096153846153846 0.04807692307692308 0.06490384615384616
0 0.23317307692307693 0.09735576923076923 0.04807692307692308 0.06490384615384616
0 0.328125 0.09615384615384616 0.05048076923076923 0.06490384615384616
0 0.28125 0.09495192307692307 0.04807692307692308 0.06490384615384616
0 0.37740384615384615 0.09375 0.05048076923076923 0.0625
0 0.5625 0.2848557692307692 0.18028846153846154 0.13701923076923078
0 0.7427884615384616 0.27163461538461536 0.18269230769230768 0.13942307692307693
0 0.9146634615384616 0.265625 0.17067307692307693 0.13942307692307693
0 0.5637019230769231 0.1466346153846154 0.18269230769230768 0.14182692307692307
0 0.7403846153846154 0.13581730769230768 0.18269230769230768 0.13942307692307693
0 0.9134615384615384 0.12980769230769232 0.17307692307692307 0.14182692307692307
0 0.5588942307692307 0.040865384615384616 0.17307692307692307 0.08173076923076923
0 0.734375 0.036057692307692304 0.1875 0.07211538461538461
0 0.9110576923076923 0.02403846153846154 0.1778846153846154 0.04807692307692308
0 0.5637019230769231 0.4110576923076923 0.18269230769230768 0.11778846153846154
0 0.7451923076923077 0.4050480769230769 0.18509615384615385 0.13221153846153846
0 0.9206730769230769 0.40384615384615385 0.15865384615384615 0.1346153846153846
0 0.040865384615384616 0.9050480769230769 0.08173076923076923 0.18990384615384615
0 0.38461538461538464 0.8990384615384616 0.1778846153846154 0.20192307692307693
0 0.18269230769230768 0.8088942307692307 0.28846153846153844 0.21875
0 0.03245192307692308 0.7103365384615384 0.0625 0.19951923076923078
0 0.37259615384615385 0.6947115384615384 0.19951923076923078 0.1971153846153846
0 0.16346153846153846 0.6033653846153846 0.27403846153846156 0.19471153846153846
0 0.03485576923076923 0.5408653846153846 0.06971153846153846 0.14182692307692307
0 0.3786057692307692 0.5324519230769231 0.18990384615384615 0.12259615384615384
0 0.18389423076923078 0.9603365384615384 0.3076923076923077 0.07932692307692307
0 0.6382211538461539 0.9939903846153846 0.055288461538461536 0.01201923076923077
0 0.6935096153846154 0.9951923076923077 0.052884615384615384 0.009615384615384616