0 0.19831730769230768 0.28365384615384615 0.057692307692307696 0.026442307692307692
0 0.17307692307692307 0.24278846153846154 0.057692307692307696 0.07692307692307693
0 0.09134615384615384 0.17307692307692307 0.055288461538461536 0.07211538461538461
0 0.11778846153846154 0.23677884615384615 0.057692307692307696 0.07451923076923077
0 0.06370192307692307 0.23317307692307693 0.055288461538461536 0.07451923076923077
0 0.17067307692307693 0.11658653846153846 0.055288461538461536 0.07211538461538461
0 0.11778846153846154 0.11538461538461539 0.055288461538461536 0.07211538461538461
0 0.03365384615384615 0.2776442307692308 0.057692307692307696 0.040865384615384616
0 0.28125 0.12379807692307693 0.057692307692307696 0.07211538461538461
0 0.42427884615384615 0.18990384615384615 0.057692307692307696 0.07451923076923077
0 0.34134615384615385 0.25 0.057692307692307696 0.07692307692307693
0 0.019230769230769232 0.11057692307692307 0.038461538461538464 0.06971153846153846
0 0.003605769230769231 0.2764423076923077 0.007211538461538462 0.04326923076923077
0 0.19951923076923078 0.1814903846153846 0.057692307692307696 0.07451923076923077
0 0.09254807692307693 0.055288461538461536 0.052884615384615384 0.06971153846153846
0 0.018028846153846152 0.22956730769230768 0.036057692307692304 0.07451923076923077
0 0.08774038461538461 0.27884615384615385 0.055288461538461536 0.038461538461538464
0 0.2548076923076923 0.18389423076923078 0.055288461538461536 0.07451923076923077
0 0.31009615384615385 0.18629807692307693 0.057692307692307696 0.07451923076923077
0 0.3137019230769231 0.2860576923076923 0.057692307692307696 0.021634615384615384
0 0.22716346153846154 0.24519230769230768 0.057692307692307696 0.07451923076923077
0 0.28365384615384615 0.24759615384615385 0.057692307692307696 0.07692307692307693
0 0.22596153846153846 0.12139423076923077 0.057692307692307696 0.07451923076923077
0 0.19831730769230768 0.05889423076923077 0.055288461538461536 0.07211538461538461
0 0.25600961538461536 0.2848557692307692 0.057692307692307696 0.02403846153846154
0 0.037259615384615384 0.17067307692307693 0.055288461538461536 0.07211538461538461
0 0.36658653846153844 0.1875 0.057692307692307696 0.07211538461538461
0 0.14302884615384615 0.28125 0.055288461538461536 0.03365384615384615
0 0.33653846153846156 0.125 0.057692307692307696 0.07451923076923077
0 0.006009615384615385 0.16826923076923078 0.01201923076923077 0.07211538461538461
0 0.14543269230769232 0.17668269230769232 0.057692307692307696 0.07451923076923077
0 0.37259615384615385 0.28725961538461536 0.06009615384615385 0.019230769230769232
0 0.39903846153846156 0.25240384615384615 0.06009615384615385 0.07692307692307693
0 0.040865384615384616 0.054086538461538464 0.052884615384615384 0.0673076923076923
0 0.25240384615384615 0.0625 0.055288461538461536 0.07211538461538461
0 0.39302884615384615 0.12620192307692307 0.057692307692307696 0.07451923076923077
0 0.45552884615384615 0.2548076923076923 0.057692307692307696 0.07692307692307693
0 0.44711538461538464 0.12860576923076922 0.057692307692307696 0.06971153846153846
0 0.36177884615384615 0.06610576923076923 0.055288461538461536 0.07211538461538461
0 0.43028846153846156 0.28846153846153844 0.06009615384615385 0.019230769230769232
0 0.11899038461538461 0.016826923076923076 0.052884615384615384 0.03365384615384615
0 0.06490384615384616 0.11298076923076923 0.055288461538461536 0.07211538461538461
0 0.22355769230769232 0.019230769230769232 0.052884615384615384 0.038461538461538464
0 0.30649038461538464 0.06490384615384616 0.055288461538461536 0.07211538461538461
0 0.14543269230769232 0.056490384615384616 0.055288461538461536 0.07211538461538461
0 0.41586538461538464 0.0673076923076923 0.057692307692307696 0.07211538461538461
0 0.007211538461538462 0.051682692307692304 0.014423076923076924 0.0673076923076923
0 0.06490384615384616 0.014423076923076924 0.052884615384615384 0.028846153846153848
0 0.020432692307692308 0.014423076923076924 0.040865384615384616 0.028846153846153848
0 0.2764423076923077 0.020432692307692308 0.052884615384615384 0.040865384615384616
0 0.33052884615384615 0.020432692307692308 0.055288461538461536 0.040865384615384616
0 0.16947115384615385 0.018028846153846152 0.055288461538461536 0.036057692307692304
0 0.4375 0.021634615384615384 0.055288461538461536 0.04326923076923077
0 0.38461538461538464 0.021634615384615384 0.055288461538461536 0.04326923076923077
0 0.6021634615384616 0.15745192307692307 0.057692307692307696 0.07451923076923077
0 0.6574519230769231 0.15865384615384615 0.057692307692307696 0.07451923076923077
0 0.5480769230769231 0.15625 0.057692307692307696 0.07451923076923077
0 0.7127403846153846 0.15985576923076922 0.057692307692307696 0.07451923076923077
0 0.5997596153846154 0.27163461538461536 0.06009615384615385 0.052884615384615384
0 0.5108173076923077 0.15625 0.019230769230769232 0.07211538461538461
0 0.5432692307692307 0.27163461538461536 0.057692307692307696 0.052884615384615384
0 0.5240384615384616 0.21754807692307693 0.04326923076923077 0.07451923076923077
0 0.7728365384615384 0.27283653846153844 0.06009615384615385 0.05048076923076923
0 0.7932692307692307 0.10216346153846154 0.057692307692307696 0.07211538461538461
0 0.7992788461538461 0.2247596153846154 0.06009615384615385 0.07451923076923077
0 0.8305288461538461 0.27403846153846156 0.06009615384615385 0.04807692307692308
0 0.5120192307692307 0.03485576923076923 0.019230769230769232 0.06971153846153846
0 0.65625 0.039663461538461536 0.057692307692307696 0.0673076923076923
0 0.6298076923076923 0.22115384615384615 0.06009615384615385 0.07692307692307693
0 0.7427884615384616 0.22355769230769232 0.06009615384615385 0.07451923076923077
0 0.6850961538461539 0.09735576923076923 0.057692307692307696 0.07211538461538461
0 0.5733173076923077 0.21995192307692307 0.057692307692307696 0.07451923076923077
0 0.9963942307692307 0.22596153846153846 0.007211538461538462 0.07692307692307693
0 0.8557692307692307 0.2247596153846154 0.0625 0.07451923076923077
0 0.6574519230769231 0.27163461538461536 0.06009615384615385 0.052884615384615384
0 0.7872596153846154 0.008413461538461538 0.055288461538461536 0.016826923076923076
0 0.7391826923076923 0.09975961538461539 0.057692307692307696 0.07211538461538461
0 0.5492788461538461 0.037259615384615384 0.057692307692307696 0.07211538461538461
0 0.6862980769230769 0.22115384615384615 0.06009615384615385 0.07692307692307693
0 0.9855769230769231 0.27403846153846156 0.028846153846153848 0.04326923076923077
0 0.8954326923076923 0.010817307692307692 0.055288461538461536 0.021634615384615384
0 0.5252403846153846 0.09495192307692307 0.04326923076923077 0.06971153846153846
0 0.8233173076923077 0.1622596153846154 0.057692307692307696 0.07211538461538461
0 0.8870192307692307 0.27403846153846156 0.06009615384615385 0.04807692307692308
0 0.6298076923076923 0.09735576923076923 0.057692307692307696 0.07211538461538461
0 0.9447115384615384 0.27524038461538464 0.06009615384615385 0.04567307692307692
0 0.5745192307692307 0.09735576923076923 0.057692307692307696 0.07211538461538461
0 0.734375 0.009615384615384616 0.055288461538461536 0.019230769230769232
0 0.7151442307692307 0.27283653846153844 0.06009615384615385 0.05048076923076923
0 0.8798076923076923 0.16346153846153846 0.057692307692307696 0.07451923076923077
0 0.8485576923076923 0.10336538461538461 0.057692307692307696 0.07211538461538461
0 0.8425480769230769 0.009615384615384616 0.055288461538461536 0.019230769230769232
0 0.8725961538461539 0.04447115384615385 0.057692307692307696 0.07211538461538461
0 0.9795673076923077 0.16466346153846154 0.040865384615384616 0.07451923076923077
0 0.9459134615384616 0.010817307692307692 0.055288461538461536 0.021634615384615384
0 0.9038461538461539 0.10336538461538461 0.057692307692307696 0.07211538461538461
0 0.8185096153846154 0.04326923076923077 0.055288461538461536 0.07211538461538461
0 0.96875 0.2283653846153846 0.057692307692307696 0.07692307692307693
0 0.6021634615384616 0.038461538461538464 0.057692307692307696 0.06971153846153846
0 0.9134615384615384 0.22596153846153846 0.06009615384615385 0.07692307692307693
0 0.9903846153846154 0.1045673076923077 0.019230769230769232 0.06971153846153846
0 0.6298076923076923 0.007211538461538462 0.055288461538461536 0.014423076923076924
0 0.7103365384615384 0.040865384615384616 0.055288461538461536 0.0673076923076923
0 0.7680288461538461 0.1622596153846154 0.057692307692307696 0.07451923076923077
0 0.5745192307692307 0.007211538461538462 0.055288461538461536 0.014423076923076924
0 0.9350961538461539 0.16466346153846154 0.057692307692307696 0.07451923076923077
0 0.5264423076923077 0.007211538461538462 0.04807692307692308 0.014423076923076924
0 0.9855769230769231 0.01201923076923077 0.028846153846153848 0.02403846153846154
0 0.9579326923076923 0.1045673076923077 0.057692307692307696 0.07211538461538461
0 0.7632211538461539 0.042067307692307696 0.057692307692307696 0.06971153846153846
0 0.9266826923076923 0.04567307692307692 0.055288461538461536 0.06971153846153846
0 0.6802884615384616 0.008413461538461538 0.052884615384615384 0.016826923076923076
0 0.9747596153846154 0.04807692307692308 0.05048076923076923 0.06971153846153846
0 0.3798076923076923 0.8221153846153846 0.23557692307692307 0.3557692307692308
0 0.19110576923076922 0.6466346153846154 0.16105769230769232 0.23557692307692307
0 0.12860576923076922 0.39903846153846156 0.16826923076923078 0.20192307692307693
0 0.030048076923076924 0.32572115384615385 0.06009615384615385 0.057692307692307696
0 0.9591346153846154 0.9050480769230769 0.08173076923076923 0.18990384615384615
0 0.8485576923076923 0.9026442307692307 0.1778846153846154 0.19471153846153846
0 0.5324519230769231 0.8725961538461539 0.06009615384615385 0.2548076923076923
0 0.9459134615384616 0.6959134615384616 0.10576923076923077 0.33413461538461536
0 0.6911057692307693 0.6622596153846154 0.1778846153846154 0.34134615384615385
0 0.5384615384615384 0.5805288461538461 0.07211538461538461 0.3245192307692308
0 0.8894230769230769 0.4050480769230769 0.22115384615384615 0.21394230769230768
0 0.6995192307692307 0.40024038461538464 0.17067307692307693 0.20432692307692307
0 0.5360576923076923 0.36538461538461536 0.0673076923076923 0.1346153846153846