0 0.5625 0.007211538461538462 0.0673076923076923 0.014423076923076924
0 0.7680288461538461 0.007211538461538462 0.06971153846153846 0.014423076923076924
0 0.6322115384615384 0.007211538461538462 0.0673076923076923 0.014423076923076924
0 0.9026442307692307 0.007211538461538462 0.06490384615384616 0.014423076923076924
0 0.9699519230769231 0.010817307692307692 0.06009615384615385 0.021634615384615384
0 0.8389423076923077 0.010817307692307692 0.0673076923076923 0.021634615384615384
0 0.3870192307692308 0.037259615384615384 0.06009615384615385 0.06009615384615385
0 0.4567307692307692 0.040865384615384616 0.07211538461538461 0.06009615384615385
0 0.9855769230769231 0.042067307692307696 0.028846153846153848 0.06009615384615385
0 0.8016826923076923 0.04326923076923077 0.0673076923076923 0.057692307692307696
0 0.8713942307692307 0.04326923076923077 0.06490384615384616 0.057692307692307696
0 0.7331730769230769 0.04326923076923077 0.06490384615384616 0.057692307692307696
0 0.9387019230769231 0.04447115384615385 0.06490384615384616 0.06009615384615385
0 0.5961538461538461 0.04447115384615385 0.06971153846153846 0.06009615384615385
0 0.6646634615384616 0.04567307692307692 0.0673076923076923 0.06009615384615385
0 0.5252403846153846 0.046875 0.06971153846153846 0.0625
0 0.8353365384615384 0.0889423076923077 0.0673076923076923 0.055288461538461536
0 0.9675480769230769 0.09014423076923077 0.06490384615384616 0.06009615384615385
0 0.7680288461538461 0.09014423076923077 0.06490384615384616 0.057692307692307696
0 0.4230769230769231 0.09134615384615384 0.06971153846153846 0.057692307692307696
0 0.703125 0.09254807692307693 0.06490384615384616 0.055288461538461536
0 0.9038461538461539 0.09375 0.0673076923076923 0.055288461538461536
0 0.5661057692307693 0.09375 0.06490384615384616 0.057692307692307696
0 0.3701923076923077 0.09375 0.026442307692307692 0.06009615384615385
0 0.49278846153846156 0.09975961538461539 0.07211538461538461 0.0625
0 0.6334134615384616 0.09975961538461539 0.06490384615384616 0.057692307692307696
0 0.7355769230769231 0.14182692307692307 0.06490384615384616 0.057692307692307696
0 0.9350961538461539 0.14302884615384615 0.0673076923076923 0.057692307692307696
0 0.8689903846153846 0.14543269230769232 0.06971153846153846 0.055288461538461536
0 0.46153846153846156 0.14543269230769232 0.06971153846153846 0.06009615384615385
0 0.9831730769230769 0.14543269230769232 0.03365384615384615 0.055288461538461536
0 0.5336538461538461 0.14783653846153846 0.06971153846153846 0.057692307692307696
0 0.8028846153846154 0.14783653846153846 0.06490384615384616 0.057692307692307696
0 0.3894230769230769 0.1466346153846154 0.0673076923076923 0.055288461538461536
0 0.6694711538461539 0.14903846153846154 0.0673076923076923 0.057692307692307696
0 0.6009615384615384 0.1502403846153846 0.0673076923076923 0.057692307692307696
0 0.9615384615384616 0.17668269230769232 0.0625 0.04567307692307692
0 0.43509615384615385 0.18389423076923078 0.0625 0.04567307692307692
0 0.7704326923076923 0.18629807692307693 0.0625 0.052884615384615384
0 0.8990384615384616 0.1875 0.0625 0.055288461538461536
0 0.9975961538461539 0.18870192307692307 0.004807692307692308 0.055288461538461536
0 0.5733173076923077 0.18990384615384615 0.06490384615384616 0.052884615384615384
0 0.7055288461538461 0.18990384615384615 0.06490384615384616 0.052884615384615384
0 0.8341346153846154 0.1935096153846154 0.06490384615384616 0.057692307692307696
0 0.37740384615384615 0.19471153846153846 0.040865384615384616 0.052884615384615384
0 0.6394230769230769 0.19471153846153846 0.06490384615384616 0.055288461538461536
0 0.49759615384615385 0.19591346153846154 0.06971153846153846 0.055288461538461536
0 0.3389423076923077 0.7451923076923077 0.036057692307692304 0.10096153846153846
0 0.09975961538461539 0.6862980769230769 0.0625 0.09615384615384616
0 0.1622596153846154 0.6959134615384616 0.07451923076923077 0.10336538461538461
0 0.2283653846153846 0.7139423076923077 0.07211538461538461 0.09615384615384616
0 0.008413461538461538 0.6682692307692307 0.016826923076923076 0.10096153846153846
0 0.19471153846153846 0.7860576923076923 0.06971153846153846 0.09375
0 0.2548076923076923 0.8028846153846154 0.07692307692307693 0.09375
0 0.13221153846153846 0.765625 0.06971153846153846 0.09375
0 0.06971153846153846 0.7548076923076923 0.07211538461538461 0.10336538461538461
0 0.020432692307692308 0.7379807692307693 0.040865384615384616 0.09615384615384616
0 0.32091346153846156 0.8185096153846154 0.07211538461538461 0.09375
0 0.09975961538461539 0.8401442307692307 0.06490384615384616 0.0889423076923077
0 0.15985576923076922 0.8509615384615384 0.07211538461538461 0.10096153846153846
0 0.22355769230769232 0.8725961538461539 0.07451923076923077 0.09375
0 0.33533653846153844 0.9074519230769231 0.040865384615384616 0.0889423076923077
0 0.008413461538461538 0.8112980769230769 0.016826923076923076 0.07932692307692307
0 0.59375 0.578125 0.16346153846153846 0.22596153846153846