0 0.9046875 0.37932692307692306 0.09038461538461538 0.06826923076923076
0 0.8197115384615384 0.37884615384615383 0.0920673076923077 0.07211538461538461
0 0.7264423076923077 0.38125 0.09951923076923076 0.07019230769230769
0 0.5288461538461539 0.44567307692307695 0.0954326923076923 0.06762820512820512
0 0.8117788461538461 0.4442307692307692 0.10673076923076923 0.06217948717948718
0 0.9066105769230769 0.4461538461538462 0.09302884615384616 0.07051282051282051
0 0.7158653846153846 0.4466346153846154 0.0954326923076923 0.07179487179487179
0 0.6240384615384615 0.44919871794871796 0.0954326923076923 0.06570512820512821
0 0.4268028846153846 0.503525641025641 0.09302884615384616 0.06666666666666667
0 0.5192307692307693 0.5065705128205128 0.09567307692307692 0.06442307692307692
0 0.7949519230769231 0.5080128205128205 0.10336538461538461 0.06346153846153846
0 0.7056490384615385 0.5104166666666666 0.10120192307692308 0.061217948717948716
0 0.8897836538461539 0.5113782051282051 0.09759615384615385 0.06762820512820512
0 0.6159855769230769 0.5142628205128205 0.103125 0.061217948717948716
0 0.21153846153846154 0.5363782051282051 0.051923076923076926 0.12179487179487179
0 0.06526442307692308 0.5424679487179487 0.05216346153846154 0.12147435897435897
0 0.15096153846153845 0.5459935897435897 0.05625 0.12307692307692308
0 0.10504807692307692 0.5458333333333333 0.05432692307692308 0.12307692307692308
0 0.27860576923076924 0.5666666666666667 0.09134615384615384 0.06538461538461539
0 0.3669471153846154 0.5661858974358974 0.09447115384615384 0.06698717948717949
0 0.4580528846153846 0.5665064102564102 0.09110576923076923 0.06378205128205128
0 0.7305288461538462 0.5700320512820513 0.096875 0.061217948717948716
0 0.6375 0.5711538461538461 0.0920673076923077 0.05384615384615385
0 0.546875 0.5719551282051282 0.090625 0.06506410256410257
0 0.8336538461538462 0.5783653846153847 0.10144230769230769 0.06634615384615385
0 0.9207932692307692 0.31522435897435896 0.09759615384615385 0.07211538461538461