0 0.02283653846153846 0.006009615384615385 0.03365384615384615 0.01201923076923077
0 0.0829326923076923 0.006009615384615385 0.026442307692307692 0.01201923076923077
0 0.054086538461538464 0.006009615384615385 0.03125 0.01201923076923077
0 0.11177884615384616 0.006009615384615385 0.03365384615384615 0.01201923076923077
0 0.14182692307692307 0.006009615384615385 0.03365384615384615 0.01201923076923077
0 0.17067307692307693 0.006009615384615385 0.03365384615384615 0.01201923076923077
0 0.20072115384615385 0.007211538461538462 0.03365384615384615 0.014423076923076924
0 0.23076923076923078 0.006009615384615385 0.03365384615384615 0.01201923076923077
0 0.2608173076923077 0.006009615384615385 0.03125 0.01201923076923077
0 0.28725961538461536 0.006009615384615385 0.021634615384615384 0.01201923076923077
0 0.01201923076923077 0.02283653846153846 0.02403846153846154 0.04326923076923077
0 0.040865384615384616 0.02403846153846154 0.03125 0.04326923076923077
0 0.06971153846153846 0.026442307692307692 0.03125 0.04326923076923077
0 0.12980769230769232 0.026442307692307692 0.03125 0.04326923076923077
0 0.15745192307692307 0.026442307692307692 0.03125 0.04326923076923077
0 0.09975961538461539 0.026442307692307692 0.03125 0.04326923076923077
0 0.1875 0.026442307692307692 0.03125 0.04326923076923077
0 0.21634615384615385 0.026442307692307692 0.03125 0.04326923076923077
0 0.24639423076923078 0.027644230769230768 0.03125 0.04326923076923077
0 0.2764423076923077 0.027644230769230768 0.028846153846153848 0.04326923076923077
0 0.2932692307692308 0.026442307692307692 0.009615384615384616 0.04326923076923077
0 0.006009615384615385 0.057692307692307696 0.01201923076923077 0.04326923076923077
0 0.027644230769230768 0.057692307692307696 0.03125 0.04326923076923077
0 0.11538461538461539 0.057692307692307696 0.03125 0.04326923076923077
0 0.14423076923076922 0.057692307692307696 0.03125 0.04326923076923077
0 0.055288461538461536 0.057692307692307696 0.03125 0.04326923076923077
0 0.08653846153846154 0.05889423076923077 0.03365384615384615 0.04326923076923077
0 0.17307692307692307 0.05889423076923077 0.03125 0.04326923076923077
0 0.203125 0.05889423076923077 0.03125 0.04326923076923077
0 0.23197115384615385 0.05889423076923077 0.03125 0.040865384615384616
0 0.2608173076923077 0.06009615384615385 0.03125 0.040865384615384616
0 0.28725961538461536 0.05889423076923077 0.021634615384615384 0.040865384615384616
0 0.013221153846153846 0.0889423076923077 0.026442307692307692 0.04326923076923077
0 0.04326923076923077 0.09014423076923077 0.03365384615384615 0.04326923076923077
0 0.07211538461538461 0.09014423076923077 0.03125 0.040865384615384616
0 0.10216346153846154 0.09014423076923077 0.03125 0.04326923076923077
0 0.1310096153846154 0.09014423076923077 0.03125 0.04326923076923077
0 0.15985576923076922 0.09014423076923077 0.03125 0.04326923076923077
0 0.18870192307692307 0.09134615384615384 0.03125 0.040865384615384616
0 0.21634615384615385 0.09134615384615384 0.03125 0.040865384615384616
0 0.24639423076923078 0.09134615384615384 0.03125 0.040865384615384616
0 0.2764423076923077 0.09254807692307693 0.028846153846153848 0.04326923076923077
0 0.2932692307692308 0.09134615384615384 0.009615384615384616 0.040865384615384616
0 0.14543269230769232 0.12139423076923077 0.03125 0.04326923076923077
0 0.030048076923076924 0.12139423076923077 0.03365384615384615 0.040865384615384616
0 0.05889423076923077 0.12139423076923077 0.03125 0.040865384615384616
0 0.0889423076923077 0.12139423076923077 0.03125 0.040865384615384616
0 0.11658653846153846 0.12139423076923077 0.03125 0.040865384615384616
0 0.17427884615384615 0.12139423076923077 0.03125 0.040865384615384616
0 0.203125 0.12139423076923077 0.03365384615384615 0.04326923076923077
0 0.008413461538461538 0.1201923076923077 0.016826923076923076 0.040865384615384616
0 0.23197115384615385 0.12139423076923077 0.03125 0.040865384615384616
0 0.2608173076923077 0.12259615384615384 0.03125 0.040865384615384616
0 0.2860576923076923 0.12259615384615384 0.02403846153846154 0.040865384615384616
0 0.016826923076923076 0.15264423076923078 0.03125 0.036057692307692304
0 0.04567307692307692 0.15264423076923078 0.03125 0.036057692307692304
0 0.07572115384615384 0.15264423076923078 0.03125 0.036057692307692304
0 0.13221153846153846 0.15264423076923078 0.03125 0.040865384615384616
0 0.16105769230769232 0.15384615384615385 0.028846153846153848 0.040865384615384616
0 0.18990384615384615 0.15384615384615385 0.03125 0.040865384615384616
0 0.10336538461538461 0.15384615384615385 0.03365384615384615 0.036057692307692304
0 0.21754807692307693 0.15384615384615385 0.03125 0.036057692307692304
0 0.24639423076923078 0.15384615384615385 0.03125 0.036057692307692304
0 0.2764423076923077 0.15504807692307693 0.028846153846153848 0.040865384615384616
0 0.2932692307692308 0.15384615384615385 0.009615384615384616 0.036057692307692304
0 0.06129807692307692 0.18389423076923078 0.03125 0.04326923076923077
0 0.1466346153846154 0.18389423076923078 0.03125 0.04326923076923077
0 0.17427884615384615 0.18389423076923078 0.03125 0.04326923076923077
0 0.009615384615384616 0.18389423076923078 0.019230769230769232 0.04326923076923077
0 0.03245192307692308 0.18389423076923078 0.026442307692307692 0.04326923076923077
0 0.09014423076923077 0.18389423076923078 0.026442307692307692 0.04326923076923077
0 0.11778846153846154 0.18509615384615385 0.03125 0.04326923076923077
0 0.203125 0.18509615384615385 0.03125 0.04326923076923077
0 0.23317307692307693 0.18509615384615385 0.03125 0.04326923076923077
0 0.2608173076923077 0.18629807692307693 0.03125 0.04326923076923077
0 0.2860576923076923 0.18629807692307693 0.02403846153846154 0.04326923076923077
0 0.07692307692307693 0.2127403846153846 0.03125 0.038461538461538464
0 0.002403846153846154 0.21153846153846154 0.004807692307692308 0.040865384615384616
0 0.1045673076923077 0.21394230769230768 0.03125 0.038461538461538464
0 0.04807692307692308 0.21394230769230768 0.03125 0.038461538461538464
0 0.16105769230769232 0.21394230769230768 0.03125 0.038461538461538464
0 0.019230769230769232 0.21514423076923078 0.03125 0.040865384615384616
0 0.13341346153846154 0.21514423076923078 0.03125 0.040865384615384616
0 0.18990384615384615 0.21514423076923078 0.03125 0.040865384615384616
0 0.21754807692307693 0.21514423076923078 0.03125 0.040865384615384616
0 0.24639423076923078 0.21634615384615385 0.03125 0.040865384615384616
0 0.2932692307692308 0.21634615384615385 0.009615384615384616 0.040865384615384616
0 0.27403846153846156 0.21754807692307693 0.028846153846153848 0.040865384615384616
0 0.4098557692307692 0.3786057692307692 0.0889423076923077 0.17067307692307693
0 0.036057692307692304 0.6274038461538461 0.07211538461538461 0.13221153846153846
0 0.26802884615384615 0.6502403846153846 0.057692307692307696 0.12980769230769232
0 0.10697115384615384 0.6862980769230769 0.08653846153846154 0.13221153846153846
0 0.19230769230769232 0.7632211538461539 0.09375 0.13221153846153846
0 0.265625 0.8028846153846154 0.06490384615384616 0.13701923076923078
0 0.11899038461538461 0.8413461538461539 0.09375 0.13701923076923078
0 0.2091346153846154 0.8870192307692307 0.0985576923076923 0.13221153846153846
0 0.27403846153846156 0.9290865384615384 0.04807692307692308 0.13942307692307693
0 0.052884615384615384 0.9314903846153846 0.09375 0.13701923076923078
0 0.13942307692307693 0.953125 0.09134615384615384 0.09375
0 0.22355769230769232 0.9663461538461539 0.09375 0.0673076923076923
0 0.01201923076923077 0.9795673076923077 0.02403846153846154 0.040865384615384616
0 0.19831730769230768 0.5084134615384616 0.08653846153846154 0.07692307692307693
0 0.04326923076923077 0.5180288461538461 0.08653846153846154 0.09615384615384616
0 0.27283653846153844 0.5456730769230769 0.05048076923076923 0.11538461538461539
0 0.11778846153846154 0.5540865384615384 0.0889423076923077 0.12740384615384615
0 0.003605769230769231 0.5552884615384616 0.007211538461538462 0.12740384615384615
0 0.19230769230769232 0.6153846153846154 0.0889423076923077 0.12740384615384615
0 0.43149038461538464 0.5492788461538461 0.14423076923076922 0.15865384615384615
0 0.8725961538461539 0.5444711538461539 0.1201923076923077 0.14903846153846154
0 0.7475961538461539 0.5516826923076923 0.12740384615384615 0.16105769230769232
0 0.6141826923076923 0.5516826923076923 0.12259615384615384 0.16346153846153846
0 0.5216346153846154 0.7091346153846154 0.13942307692307693 0.17307692307692307
0 0.7740384615384616 0.7091346153846154 0.12740384615384615 0.15625
0 0.6490384615384616 0.7115384615384616 0.1201923076923077 0.16346153846153846
0 0.9206730769230769 0.7295673076923077 0.12740384615384615 0.16826923076923078
0 0.3762019230769231 0.7572115384615384 0.0985576923076923 0.12740384615384615
0 0.953125 0.8365384615384616 0.09375 0.1466346153846154
0 0.5865384615384616 0.8521634615384616 0.12740384615384615 0.14903846153846154
0 0.8725961538461539 0.8990384615384616 0.13221153846153846 0.16346153846153846
0 0.7379807692307693 0.9170673076923077 0.14182692307692307 0.1658653846153846
0 0.46634615384615385 0.7896634615384616 0.11538461538461539 0.13221153846153846