0 0.43028846153846156 0.125 0.028846153846153848 0.04567307692307692
0 0.49038461538461536 0.125 0.03125 0.04567307692307692
0 0.46033653846153844 0.125 0.028846153846153848 0.04807692307692308
0 0.5504807692307693 0.125 0.028846153846153848 0.04567307692307692
0 0.5204326923076923 0.125 0.028846153846153848 0.04807692307692308
0 0.5817307692307693 0.125 0.03365384615384615 0.05048076923076923
0 0.6430288461538461 0.12379807692307693 0.03365384615384615 0.05048076923076923
0 0.6117788461538461 0.12379807692307693 0.03125 0.04807692307692308
0 0.6730769230769231 0.12379807692307693 0.028846153846153848 0.04807692307692308
0 0.703125 0.12139423076923077 0.03365384615384615 0.04807692307692308
0 0.008413461538461538 0.09014423076923077 0.016826923076923076 0.04567307692307692
0 0.09014423076923077 0.09134615384615384 0.026442307692307692 0.040865384615384616
0 0.03365384615384615 0.09134615384615384 0.03125 0.04567307692307692
0 0.0625 0.09134615384615384 0.03125 0.04567307692307692
0 0.18028846153846154 0.09134615384615384 0.03125 0.04567307692307692
0 0.14903846153846154 0.09134615384615384 0.03125 0.04807692307692308
0 0.12139423076923077 0.09134615384615384 0.028846153846153848 0.04567307692307692
0 0.20793269230769232 0.09014423076923077 0.03125 0.04567307692307692
0 0.23798076923076922 0.09014423076923077 0.028846153846153848 0.04567307692307692
0 0.2668269230769231 0.0889423076923077 0.026442307692307692 0.04567307692307692
0 0.3545673076923077 0.0889423076923077 0.028846153846153848 0.04807692307692308
0 0.32572115384615385 0.0889423076923077 0.03125 0.04567307692307692
0 0.2956730769230769 0.0889423076923077 0.028846153846153848 0.04326923076923077
0 0.41466346153846156 0.0889423076923077 0.028846153846153848 0.04567307692307692
0 0.38461538461538464 0.0889423076923077 0.028846153846153848 0.04326923076923077
0 0.47475961538461536 0.08774038461538461 0.028846153846153848 0.04807692307692308
0 0.44471153846153844 0.08774038461538461 0.028846153846153848 0.04567307692307692
0 0.5036057692307693 0.08774038461538461 0.028846153846153848 0.04567307692307692
0 0.5348557692307693 0.08774038461538461 0.028846153846153848 0.04567307692307692
0 0.5649038461538461 0.08653846153846154 0.03125 0.04567307692307692
0 0.5949519230769231 0.08653846153846154 0.028846153846153848 0.04567307692307692
0 0.6262019230769231 0.08533653846153846 0.028846153846153848 0.04567307692307692
0 0.6574519230769231 0.08533653846153846 0.03365384615384615 0.04807692307692308
0 0.6875 0.08413461538461539 0.03365384615384615 0.04807692307692308
0 0.046875 0.055288461538461536 0.03125 0.04807692307692308
0 0.018028846153846152 0.055288461538461536 0.028846153846153848 0.04807692307692308
0 0.078125 0.055288461538461536 0.03125 0.04567307692307692
0 0.10697115384615384 0.055288461538461536 0.026442307692307692 0.04567307692307692
0 0.1346153846153846 0.054086538461538464 0.03125 0.04807692307692308
0 0.16466346153846154 0.054086538461538464 0.03125 0.04807692307692308
0 0.22355769230769232 0.054086538461538464 0.03125 0.04567307692307692
0 0.19230769230769232 0.054086538461538464 0.03125 0.04326923076923077
0 0.2800480769230769 0.052884615384615384 0.026442307692307692 0.04567307692307692
0 0.2512019230769231 0.052884615384615384 0.026442307692307692 0.04807692307692308
0 0.31009615384615385 0.052884615384615384 0.028846153846153848 0.04567307692307692
0 0.3401442307692308 0.052884615384615384 0.028846153846153848 0.04567307692307692
0 0.39903846153846156 0.05048076923076923 0.028846153846153848 0.040865384615384616
0 0.36899038461538464 0.05048076923076923 0.028846153846153848 0.04567307692307692
0 0.42788461538461536 0.05048076923076923 0.028846153846153848 0.04567307692307692
0 0.4579326923076923 0.05048076923076923 0.03365384615384615 0.04567307692307692
0 0.5180288461538461 0.04927884615384615 0.03125 0.04807692307692308
0 0.48677884615384615 0.04927884615384615 0.03125 0.04567307692307692
0 0.578125 0.04807692307692308 0.03125 0.04807692307692308
0 0.5480769230769231 0.04807692307692308 0.028846153846153848 0.04567307692307692
0 0.609375 0.04807692307692308 0.03125 0.04567307692307692
0 0.640625 0.046875 0.03125 0.04807692307692308
0 0.7007211538461539 0.046875 0.03125 0.04567307692307692
0 0.6706730769230769 0.046875 0.028846153846153848 0.04567307692307692
0 0.0625 0.020432692307692308 0.028846153846153848 0.040865384615384616
0 0.09134615384615384 0.019230769230769232 0.03125 0.038461538461538464
0 0.008413461538461538 0.020432692307692308 0.016826923076923076 0.040865384615384616
0 0.1201923076923077 0.020432692307692308 0.03125 0.040865384615384616
0 0.03365384615384615 0.020432692307692308 0.03125 0.040865384615384616
0 0.14783653846153846 0.020432692307692308 0.03125 0.040865384615384616
0 0.23677884615384615 0.019230769230769232 0.028846153846153848 0.038461538461538464
0 0.20673076923076922 0.020432692307692308 0.03125 0.040865384615384616
0 0.17908653846153846 0.020432692307692308 0.03125 0.040865384615384616
0 0.2932692307692308 0.020432692307692308 0.028846153846153848 0.040865384615384616
0 0.265625 0.019230769230769232 0.028846153846153848 0.038461538461538464
0 0.3245192307692308 0.019230769230769232 0.028846153846153848 0.038461538461538464
0 0.35336538461538464 0.019230769230769232 0.026442307692307692 0.038461538461538464
0 0.4110576923076923 0.019230769230769232 0.028846153846153848 0.038461538461538464
0 0.38221153846153844 0.019230769230769232 0.028846153846153848 0.038461538461538464
0 0.4411057692307692 0.019230769230769232 0.028846153846153848 0.038461538461538464
0 0.5024038461538461 0.018028846153846152 0.03125 0.036057692307692304
0 0.47115384615384615 0.018028846153846152 0.03365384615384615 0.036057692307692304
0 0.5300480769230769 0.016826923076923076 0.028846153846153848 0.03365384615384615
0 0.5612980769230769 0.016826923076923076 0.028846153846153848 0.03365384615384615
0 0.5913461538461539 0.016826923076923076 0.03125 0.03365384615384615
0 0.6225961538461539 0.016826923076923076 0.03125 0.03365384615384615
0 0.6514423076923077 0.015625 0.03365384615384615 0.03125
0 0.6814903846153846 0.016826923076923076 0.03125 0.03365384615384615
0 0.004807692307692308 0.39302884615384615 0.009615384615384616 0.036057692307692304
0 0.025240384615384616 0.39302884615384615 0.03125 0.036057692307692304
0 0.055288461538461536 0.39302884615384615 0.03365384615384615 0.036057692307692304
0 0.08533653846153846 0.39302884615384615 0.03365384615384615 0.036057692307692304
0 0.11778846153846154 0.3918269230769231 0.03125 0.038461538461538464
0 0.29927884615384615 0.3918269230769231 0.028846153846153848 0.038461538461538464
0 0.23677884615384615 0.3918269230769231 0.028846153846153848 0.038461538461538464
0 0.1778846153846154 0.3918269230769231 0.03365384615384615 0.038461538461538464
0 0.359375 0.3918269230769231 0.03125 0.038461538461538464
0 0.26802884615384615 0.3918269230769231 0.028846153846153848 0.038461538461538464
0 0.2091346153846154 0.3918269230769231 0.03125 0.038461538461538464
0 0.1466346153846154 0.3918269230769231 0.03365384615384615 0.038461538461538464
0 0.421875 0.3918269230769231 0.03365384615384615 0.038461538461538464
0 0.3293269230769231 0.3918269230769231 0.03125 0.038461538461538464
0 0.578125 0.3918269230769231 0.03365384615384615 0.038461538461538464
0 0.546875 0.3918269230769231 0.03365384615384615 0.038461538461538464
0 0.453125 0.3918269230769231 0.03365384615384615 0.038461538461538464
0 0.390625 0.3918269230769231 0.03125 0.038461538461538464
0 0.515625 0.3918269230769231 0.03125 0.038461538461538464
0 0.484375 0.3918269230769231 0.03125 0.038461538461538464
0 0.6418269230769231 0.390625 0.03365384615384615 0.040865384615384616
0 0.609375 0.390625 0.03125 0.040865384615384616
0 0.7043269230769231 0.390625 0.036057692307692304 0.040865384615384616
0 0.671875 0.390625 0.03365384615384615 0.040865384615384616
0 0.014423076923076924 0.3605769230769231 0.028846153846153848 0.04807692307692308
0 0.042067307692307696 0.359375 0.03365384615384615 0.04807692307692308
0 0.07211538461538461 0.359375 0.03125 0.04807692307692308
0 0.10216346153846154 0.3581730769230769 0.03365384615384615 0.05048076923076923
0 0.1310096153846154 0.3581730769230769 0.03125 0.04807692307692308
0 0.19230769230769232 0.35697115384615385 0.03365384615384615 0.05048076923076923
0 0.16346153846153846 0.35697115384615385 0.03365384615384615 0.05048076923076923
0 0.3137019230769231 0.35697115384615385 0.028846153846153848 0.05048076923076923
0 0.375 0.35697115384615385 0.03365384615384615 0.05048076923076923
0 0.2848557692307692 0.35697115384615385 0.028846153846153848 0.05048076923076923
0 0.2536057692307692 0.35697115384615385 0.03365384615384615 0.05048076923076923
0 0.22355769230769232 0.35697115384615385 0.03125 0.05048076923076923
0 0.4375 0.35697115384615385 0.03365384615384615 0.05048076923076923
0 0.4074519230769231 0.35697115384615385 0.03365384615384615 0.05048076923076923
0 0.5625 0.35697115384615385 0.03125 0.05048076923076923
0 0.5300480769230769 0.35697115384615385 0.028846153846153848 0.05048076923076923
0 0.5 0.35697115384615385 0.03365384615384615 0.05048076923076923
0 0.4699519230769231 0.35697115384615385 0.03365384615384615 0.05048076923076923
0 0.3449519230769231 0.35697115384615385 0.03365384615384615 0.05048076923076923
0 0.625 0.35697115384615385 0.03365384615384615 0.05048076923076923
0 0.5925480769230769 0.35697115384615385 0.03365384615384615 0.05048076923076923
0 0.7151442307692307 0.3545673076923077 0.028846153846153848 0.05048076923076923
0 0.6550480769230769 0.3557692307692308 0.028846153846153848 0.05048076923076923
0 0.6875 0.3557692307692308 0.03365384615384615 0.05048076923076923
0 0.027644230769230768 0.31971153846153844 0.03125 0.04807692307692308
0 0.006009615384615385 0.31971153846153844 0.01201923076923077 0.04807692307692308
0 0.05889423076923077 0.31971153846153844 0.03365384615384615 0.04807692307692308
0 0.08774038461538461 0.31850961538461536 0.03125 0.04807692307692308
0 0.11899038461538461 0.31850961538461536 0.03365384615384615 0.04807692307692308
0 0.14783653846153846 0.31850961538461536 0.03125 0.04807692307692308
0 0.17908653846153846 0.31850961538461536 0.03125 0.04807692307692308
0 0.29927884615384615 0.3173076923076923 0.028846153846153848 0.04807692307692308
0 0.2403846153846154 0.3173076923076923 0.03125 0.04807692307692308
0 0.359375 0.3173076923076923 0.03125 0.04807692307692308
0 0.2692307692307692 0.3173076923076923 0.028846153846153848 0.04807692307692308
0 0.20793269230769232 0.3173076923076923 0.03125 0.04807692307692308
0 0.4206730769230769 0.3173076923076923 0.03125 0.04807692307692308
0 0.3293269230769231 0.3173076923076923 0.03125 0.04807692307692308
0 0.390625 0.3161057692307692 0.03365384615384615 0.04807692307692308
0 0.4831730769230769 0.3161057692307692 0.03125 0.04807692307692308
0 0.453125 0.3161057692307692 0.03125 0.04807692307692308
0 0.6069711538461539 0.3161057692307692 0.03365384615384615 0.04807692307692308
0 0.5444711538461539 0.3161057692307692 0.03125 0.04807692307692308
0 0.5144230769230769 0.3161057692307692 0.028846153846153848 0.04807692307692308
0 0.5757211538461539 0.3161057692307692 0.03125 0.04807692307692308
0 0.7007211538461539 0.3161057692307692 0.03365384615384615 0.04807692307692308
0 0.6682692307692307 0.3161057692307692 0.03365384615384615 0.04807692307692308
0 0.6382211538461539 0.3161057692307692 0.03365384615384615 0.04807692307692308
0 0.014423076923076924 0.27884615384615385 0.028846153846153848 0.04807692307692308
0 0.04326923076923077 0.2800480769230769 0.03365384615384615 0.04807692307692308
0 0.07451923076923077 0.2800480769230769 0.03125 0.04807692307692308
0 0.19230769230769232 0.27884615384615385 0.03125 0.04807692307692308
0 0.13341346153846154 0.27884615384615385 0.03125 0.04807692307692308
0 0.10336538461538461 0.27884615384615385 0.03365384615384615 0.04807692307692308
0 0.2536057692307692 0.27884615384615385 0.03365384615384615 0.04567307692307692
0 0.22355769230769232 0.27884615384615385 0.03125 0.04567307692307692
0 0.16346153846153846 0.27884615384615385 0.03125 0.04807692307692308
0 0.28365384615384615 0.27884615384615385 0.026442307692307692 0.04807692307692308
0 0.3125 0.27884615384615385 0.028846153846153848 0.04807692307692308
0 0.40384615384615385 0.2776442307692308 0.03125 0.04807692307692308
0 0.3425480769230769 0.2776442307692308 0.03125 0.04807692307692308
0 0.43509615384615385 0.2776442307692308 0.03125 0.04807692307692308
0 0.3737980769230769 0.2776442307692308 0.03365384615384615 0.04807692307692308
0 0.4963942307692308 0.2776442307692308 0.03125 0.04807692307692308
0 0.5276442307692307 0.2776442307692308 0.028846153846153848 0.04807692307692308
0 0.4651442307692308 0.2776442307692308 0.028846153846153848 0.04807692307692308
0 0.6201923076923077 0.2776442307692308 0.03365384615384615 0.04807692307692308
0 0.5588942307692307 0.2776442307692308 0.028846153846153848 0.04807692307692308
0 0.6502403846153846 0.2764423076923077 0.03365384615384615 0.04807692307692308
0 0.5889423076923077 0.2764423076923077 0.028846153846153848 0.04807692307692308
0 0.7115384615384616 0.27524038461538464 0.036057692307692304 0.04567307692307692
0 0.6814903846153846 0.2764423076923077 0.03365384615384615 0.04807692307692308
0 0.007211538461538462 0.2403846153846154 0.014423076923076924 0.04807692307692308
0 0.06009615384615385 0.24278846153846154 0.03125 0.04807692307692308
0 0.028846153846153848 0.24278846153846154 0.03125 0.05048076923076923
0 0.0889423076923077 0.24278846153846154 0.03365384615384615 0.04807692307692308
0 0.14903846153846154 0.24158653846153846 0.03125 0.04807692307692308
0 0.1201923076923077 0.24158653846153846 0.03125 0.04807692307692308
0 0.23798076923076922 0.24158653846153846 0.028846153846153848 0.05048076923076923
0 0.20793269230769232 0.24158653846153846 0.03125 0.05048076923076923
0 0.18028846153846154 0.24158653846153846 0.03365384615384615 0.04807692307692308
0 0.26802884615384615 0.24158653846153846 0.026442307692307692 0.05048076923076923
0 0.2980769230769231 0.24158653846153846 0.028846153846153848 0.04807692307692308
0 0.328125 0.2403846153846154 0.03125 0.04567307692307692
0 0.41947115384615385 0.2403846153846154 0.03125 0.04807692307692308
0 0.3894230769230769 0.2403846153846154 0.03365384615384615 0.04807692307692308
0 0.35697115384615385 0.2403846153846154 0.03365384615384615 0.04807692307692308
0 0.4495192307692308 0.23798076923076922 0.028846153846153848 0.04807692307692308
0 0.5120192307692307 0.23798076923076922 0.028846153846153848 0.04807692307692308
0 0.4807692307692308 0.23798076923076922 0.028846153846153848 0.04807692307692308
0 0.6634615384615384 0.23798076923076922 0.03365384615384615 0.04807692307692308
0 0.6322115384615384 0.23798076923076922 0.03125 0.04807692307692308
0 0.6021634615384616 0.23798076923076922 0.028846153846153848 0.04807692307692308
0 0.5709134615384616 0.23798076923076922 0.03365384615384615 0.04807692307692308
0 0.5420673076923077 0.23798076923076922 0.028846153846153848 0.04807692307692308
0 0.6947115384615384 0.23798076923076922 0.03365384615384615 0.04807692307692308
0 0.015625 0.20552884615384615 0.03125 0.04807692307692308
0 0.1045673076923077 0.20432692307692307 0.03125 0.04807692307692308
0 0.07572115384615384 0.20432692307692307 0.03365384615384615 0.04807692307692308
0 0.04447115384615385 0.20432692307692307 0.03125 0.04326923076923077
0 0.1346153846153846 0.203125 0.03365384615384615 0.04807692307692308
0 0.16346153846153846 0.203125 0.03125 0.04807692307692308
0 0.22355769230769232 0.203125 0.03125 0.04807692307692308
0 0.19230769230769232 0.203125 0.03125 0.04326923076923077
0 0.28365384615384615 0.20192307692307693 0.026442307692307692 0.04807692307692308
0 0.25240384615384615 0.20192307692307693 0.028846153846153848 0.04567307692307692
0 0.34134615384615385 0.20192307692307693 0.03125 0.04807692307692308
0 0.3112980769230769 0.20192307692307693 0.028846153846153848 0.04807692307692308
0 0.3713942307692308 0.20192307692307693 0.028846153846153848 0.04807692307692308
0 0.4026442307692308 0.20192307692307693 0.028846153846153848 0.04807692307692308
0 0.4326923076923077 0.20072115384615385 0.028846153846153848 0.04807692307692308
0 0.49399038461538464 0.20072115384615385 0.03365384615384615 0.04807692307692308
0 0.4639423076923077 0.20072115384615385 0.028846153846153848 0.04807692307692308
0 0.5240384615384616 0.20072115384615385 0.03365384615384615 0.04807692307692308
0 0.5552884615384616 0.20072115384615385 0.03365384615384615 0.04807692307692308
0 0.5853365384615384 0.20072115384615385 0.028846153846153848 0.04807692307692308
0 0.6466346153846154 0.19951923076923078 0.03365384615384615 0.04807692307692308
0 0.6778846153846154 0.19951923076923078 0.03365384615384615 0.04807692307692308
0 0.6165865384615384 0.19951923076923078 0.03125 0.04807692307692308
0 0.7091346153846154 0.1971153846153846 0.03365384615384615 0.04567307692307692
0 0.007211538461538462 0.16706730769230768 0.014423076923076924 0.04567307692307692
0 0.03245192307692308 0.16706730769230768 0.03125 0.04807692307692308
0 0.06009615384615385 0.16706730769230768 0.03125 0.04567307692307692
0 0.09014423076923077 0.16706730769230768 0.03125 0.04807692307692308
0 0.14903846153846154 0.1658653846153846 0.03125 0.04567307692307692
0 0.12139423076923077 0.1658653846153846 0.028846153846153848 0.04567307692307692
0 0.23798076923076922 0.1658653846153846 0.028846153846153848 0.04567307692307692
0 0.20793269230769232 0.1658653846153846 0.03125 0.04807692307692308
0 0.18028846153846154 0.1658653846153846 0.03125 0.04567307692307692
0 0.296875 0.16466346153846154 0.028846153846153848 0.04807692307692308
0 0.2668269230769231 0.16466346153846154 0.026442307692307692 0.04807692307692308
0 0.3269230769230769 0.16466346153846154 0.03125 0.04807692307692308
0 0.3870192307692308 0.16346153846153846 0.028846153846153848 0.04807692307692308
0 0.41586538461538464 0.16346153846153846 0.028846153846153848 0.04807692307692308
0 0.3557692307692308 0.16346153846153846 0.028846153846153848 0.04326923076923077
0 0.5060096153846154 0.1622596153846154 0.028846153846153848 0.04807692307692308
0 0.44591346153846156 0.1622596153846154 0.028846153846153848 0.04807692307692308
0 0.47596153846153844 0.1622596153846154 0.03365384615384615 0.04807692307692308
0 0.5673076923076923 0.1622596153846154 0.028846153846153848 0.04807692307692308
0 0.5372596153846154 0.1622596153846154 0.028846153846153848 0.04807692307692308
0 0.5985576923076923 0.16105769230769232 0.028846153846153848 0.04807692307692308
0 0.6911057692307693 0.16105769230769232 0.03125 0.05048076923076923
0 0.6598557692307693 0.16105769230769232 0.03365384615384615 0.04807692307692308
0 0.6286057692307693 0.16105769230769232 0.028846153846153848 0.04807692307692308
0 0.04567307692307692 0.12980769230769232 0.03125 0.04807692307692308
0 0.018028846153846152 0.12980769230769232 0.03125 0.04567307692307692
0 0.07692307692307693 0.12980769230769232 0.03125 0.04567307692307692
0 0.1346153846153846 0.12860576923076922 0.03125 0.04567307692307692
0 0.10576923076923077 0.12860576923076922 0.03125 0.04567307692307692
0 0.1935096153846154 0.12860576923076922 0.03365384615384615 0.04807692307692308
0 0.16466346153846154 0.12860576923076922 0.03125 0.04567307692307692
0 0.22355769230769232 0.12860576923076922 0.03125 0.04567307692307692
0 0.2512019230769231 0.12860576923076922 0.026442307692307692 0.04567307692307692
0 0.3112980769230769 0.12740384615384615 0.028846153846153848 0.04567307692307692
0 0.2824519230769231 0.12740384615384615 0.026442307692307692 0.04567307692307692
0 0.3401442307692308 0.12620192307692307 0.028846153846153848 0.04567307692307692
0 0.3701923076923077 0.12620192307692307 0.028846153846153848 0.04567307692307692
0 0.40024038461538464 0.12620192307692307 0.028846153846153848 0.04567307692307692
0 0.3798076923076923 0.9759615384615384 0.22596153846153846 0.04807692307692308
0 0.9074519230769231 0.5709134615384616 0.18269230769230768 0.32211538461538464
0 0.7788461538461539 0.8149038461538461 0.10096153846153846 0.3701923076923077
0 0.765625 0.5336538461538461 0.07211538461538461 0.24519230769230768