0 0.42788461538461536 0.018028846153846152 0.052884615384615384 0.036057692307692304
0 0.375 0.018028846153846152 0.052884615384615384 0.036057692307692304
0 0.27403846153846156 0.018028846153846152 0.052884615384615384 0.036057692307692304
0 0.3245192307692308 0.019230769230769232 0.052884615384615384 0.038461538461538464
0 0.5540865384615384 0.06009615384615385 0.052884615384615384 0.07211538461538461
0 0.6394230769230769 0.06009615384615385 0.021634615384615384 0.06971153846153846
0 0.6057692307692307 0.06129807692307692 0.052884615384615384 0.06971153846153846
0 0.5036057692307693 0.06129807692307692 0.052884615384615384 0.06971153846153846
0 0.4543269230769231 0.06370192307692307 0.05048076923076923 0.07211538461538461
0 0.40384615384615385 0.06370192307692307 0.052884615384615384 0.07211538461538461
0 0.35336538461538464 0.06490384615384616 0.052884615384615384 0.07451923076923077
0 0.30288461538461536 0.06610576923076923 0.052884615384615384 0.07451923076923077
0 0.25240384615384615 0.06610576923076923 0.052884615384615384 0.07451923076923077
0 0.20072115384615385 0.0673076923076923 0.052884615384615384 0.07211538461538461
0 0.1502403846153846 0.06850961538461539 0.052884615384615384 0.07451923076923077
0 0.0985576923076923 0.06971153846153846 0.052884615384615384 0.07451923076923077
0 0.046875 0.07091346153846154 0.052884615384615384 0.07451923076923077
0 0.010817307692307692 0.07211538461538461 0.021634615384615384 0.07211538461538461
0 0.578125 0.1201923076923077 0.052884615384615384 0.07211538461538461
0 0.625 0.1201923076923077 0.05048076923076923 0.07211538461538461
0 0.5276442307692307 0.12139423076923077 0.05048076923076923 0.07211538461538461
0 0.47836538461538464 0.12259615384615384 0.05048076923076923 0.06971153846153846
0 0.42908653846153844 0.12379807692307693 0.05048076923076923 0.07211538461538461
0 0.3798076923076923 0.125 0.05048076923076923 0.07211538461538461
0 0.3317307692307692 0.12620192307692307 0.05048076923076923 0.07211538461538461
0 0.28125 0.12620192307692307 0.052884615384615384 0.07211538461538461
0 0.23076923076923078 0.12740384615384615 0.052884615384615384 0.07211538461538461
0 0.18028846153846154 0.12860576923076922 0.052884615384615384 0.07211538461538461
0 0.12860576923076922 0.12980769230769232 0.052884615384615384 0.06971153846153846
0 0.07932692307692307 0.1310096153846154 0.052884615384615384 0.07211538461538461
0 0.027644230769230768 0.13341346153846154 0.052884615384615384 0.07211538461538461
0 0.6370192307692307 0.17668269230769232 0.026442307692307692 0.0673076923076923
0 0.5997596153846154 0.1778846153846154 0.05048076923076923 0.0673076923076923
0 0.5504807692307693 0.17908653846153846 0.05048076923076923 0.0673076923076923
0 0.5024038461538461 0.18028846153846154 0.05048076923076923 0.06971153846153846
0 0.4543269230769231 0.1814903846153846 0.05048076923076923 0.06971153846153846
0 0.4050480769230769 0.18269230769230768 0.05048076923076923 0.06971153846153846
0 0.35697115384615385 0.18389423076923078 0.05048076923076923 0.06971153846153846
0 0.3076923076923077 0.18509615384615385 0.05048076923076923 0.07211538461538461
0 0.25961538461538464 0.18629807692307693 0.05048076923076923 0.07211538461538461
0 0.2091346153846154 0.18629807692307693 0.052884615384615384 0.07211538461538461
0 0.15865384615384615 0.18990384615384615 0.052884615384615384 0.07211538461538461
0 0.109375 0.18990384615384615 0.052884615384615384 0.07211538461538461
0 0.05889423076923077 0.19230769230769232 0.052884615384615384 0.0673076923076923
0 0.015625 0.19110576923076922 0.03125 0.07211538461538461
0 0.6201923076923077 0.23317307692307693 0.04807692307692308 0.06971153846153846
0 0.5709134615384616 0.234375 0.04807692307692308 0.0673076923076923
0 0.5240384615384616 0.23677884615384615 0.05048076923076923 0.0673076923076923
0 0.47716346153846156 0.23798076923076922 0.05048076923076923 0.0673076923076923
0 0.43028846153846156 0.23798076923076922 0.05048076923076923 0.0673076923076923
0 0.38341346153846156 0.2403846153846154 0.05048076923076923 0.06971153846153846
0 0.33413461538461536 0.2403846153846154 0.05048076923076923 0.06971153846153846
0 0.28725961538461536 0.2439903846153846 0.05048076923076923 0.06971153846153846
0 0.23798076923076922 0.24519230769230768 0.05048076923076923 0.0673076923076923
0 0.18990384615384615 0.24639423076923078 0.052884615384615384 0.0673076923076923
0 0.13942307692307693 0.24759615384615385 0.052884615384615384 0.06971153846153846
0 0.0889423076923077 0.24879807692307693 0.052884615384615384 0.06971153846153846
0 0.039663461538461536 0.25 0.05048076923076923 0.07211538461538461
0 0.006009615384615385 0.24879807692307693 0.01201923076923077 0.06971153846153846
0 0.6334134615384616 0.2860576923076923 0.03365384615384615 0.0673076923076923
0 0.5949519230769231 0.28846153846153844 0.04567307692307692 0.0673076923076923
0 0.546875 0.28966346153846156 0.04807692307692308 0.06490384615384616
0 0.5 0.2920673076923077 0.05048076923076923 0.06490384615384616
0 0.453125 0.2932692307692308 0.04807692307692308 0.0625
0 0.40625 0.29447115384615385 0.04807692307692308 0.06490384615384616
0 0.3605769230769231 0.2956730769230769 0.05048076923076923 0.0625
0 0.3137019230769231 0.296875 0.05048076923076923 0.0673076923076923
0 0.265625 0.29927884615384615 0.05048076923076923 0.0673076923076923
0 0.21754807692307693 0.3016826923076923 0.05048076923076923 0.0673076923076923
0 0.16826923076923078 0.30288461538461536 0.052884615384615384 0.0673076923076923
0 0.11899038461538461 0.30408653846153844 0.05048076923076923 0.0673076923076923
0 0.06971153846153846 0.30528846153846156 0.05048076923076923 0.0673076923076923
0 0.02403846153846154 0.30649038461538464 0.04807692307692308 0.0673076923076923
0 0.6430288461538461 0.33774038461538464 0.014423076923076924 0.0673076923076923
0 0.6141826923076923 0.34134615384615385 0.04807692307692308 0.06490384615384616
0 0.5685096153846154 0.3425480769230769 0.04807692307692308 0.06490384615384616
0 0.5228365384615384 0.34375 0.04807692307692308 0.0673076923076923
0 0.47596153846153844 0.3449519230769231 0.04807692307692308 0.0673076923076923
0 0.43028846153846156 0.34615384615384615 0.04807692307692308 0.0673076923076923
0 0.38461538461538464 0.3485576923076923 0.04807692307692308 0.06490384615384616
0 0.33774038461538464 0.34975961538461536 0.04807692307692308 0.0673076923076923
0 0.2920673076923077 0.35096153846153844 0.04807692307692308 0.0673076923076923
0 0.24519230769230768 0.35336538461538464 0.04807692307692308 0.0625
0 0.19591346153846154 0.3557692307692308 0.05048076923076923 0.0625
0 0.14903846153846154 0.3581730769230769 0.05048076923076923 0.06490384615384616
0 0.09975961538461539 0.3581730769230769 0.05048076923076923 0.0673076923076923
0 0.051682692307692304 0.3605769230769231 0.05048076923076923 0.0673076923076923
0 0.013221153846153846 0.36177884615384615 0.026442307692307692 0.0673076923076923
0 0.6310096153846154 0.3894230769230769 0.038461538461538464 0.06490384615384616
0 0.5889423076923077 0.3918269230769231 0.04807692307692308 0.06490384615384616
0 0.5444711538461539 0.3942307692307692 0.04807692307692308 0.0625
0 0.4987980769230769 0.39663461538461536 0.04567307692307692 0.0625
0 0.453125 0.39903846153846156 0.04807692307692308 0.06490384615384616
0 0.4074519230769231 0.39903846153846156 0.04807692307692308 0.06490384615384616
0 0.3629807692307692 0.4014423076923077 0.04807692307692308 0.06490384615384616
0 0.3173076923076923 0.4026442307692308 0.04807692307692308 0.0625
0 0.27163461538461536 0.40384615384615385 0.04807692307692308 0.06490384615384616
0 0.22355769230769232 0.40625 0.05048076923076923 0.06490384615384616
0 0.17668269230769232 0.40865384615384615 0.05048076923076923 0.06490384615384616
0 0.12740384615384615 0.40865384615384615 0.05048076923076923 0.06490384615384616
0 0.08052884615384616 0.41225961538461536 0.05048076923076923 0.0673076923076923
0 0.03125 0.41466346153846156 0.05048076923076923 0.0673076923076923
0 0.003605769230769231 0.41346153846153844 0.007211538461538462 0.0673076923076923
0 0.640625 0.4423076923076923 0.019230769230769232 0.06490384615384616
0 0.6117788461538461 0.44350961538461536 0.04807692307692308 0.0625
0 0.5661057692307693 0.44471153846153844 0.04807692307692308 0.06490384615384616
0 0.5216346153846154 0.44591346153846156 0.04807692307692308 0.06490384615384616
0 0.47596153846153844 0.44711538461538464 0.04807692307692308 0.0625
0 0.43028846153846156 0.4483173076923077 0.04807692307692308 0.06490384615384616
0 0.3858173076923077 0.4495192307692308 0.04807692307692308 0.0625
0 0.34134615384615385 0.45072115384615385 0.04807692307692308 0.06490384615384616
0 0.2956730769230769 0.4543269230769231 0.04807692307692308 0.06490384615384616
0 0.24879807692307693 0.4567307692307692 0.04807692307692308 0.0625
0 0.20432692307692307 0.45913461538461536 0.04807692307692308 0.06009615384615385
0 0.15625 0.46033653846153844 0.05048076923076923 0.06490384615384616
0 0.109375 0.46274038461538464 0.05048076923076923 0.0625
0 0.06009615384615385 0.46274038461538464 0.04807692307692308 0.0625
0 0.018028846153846152 0.46274038461538464 0.036057692307692304 0.06009615384615385
0 0.6286057692307693 0.47716346153846156 0.04326923076923077 0.03365384615384615
0 0.5865384615384616 0.47716346153846156 0.04807692307692308 0.03365384615384615
0 0.5408653846153846 0.47836538461538464 0.04326923076923077 0.03125
0 0.49759615384615385 0.4807692307692308 0.04807692307692308 0.028846153846153848
0 0.453125 0.4807692307692308 0.04807692307692308 0.028846153846153848
0 0.4074519230769231 0.4807692307692308 0.04807692307692308 0.028846153846153848
0 0.3629807692307692 0.4831730769230769 0.04807692307692308 0.02403846153846154
0 0.31850961538461536 0.4831730769230769 0.04807692307692308 0.02403846153846154
0 0.27403846153846156 0.484375 0.04807692307692308 0.021634615384615384
0 0.2283653846153846 0.4855769230769231 0.04567307692307692 0.019230769230769232
0 0.1814903846153846 0.48677884615384615 0.04807692307692308 0.016826923076923076
0 0.13701923076923078 0.48677884615384615 0.04567307692307692 0.016826923076923076
0 0.08774038461538461 0.4879807692307692 0.05048076923076923 0.014423076923076924
0 0.7451923076923077 0.038461538461538464 0.14903846153846154 0.07692307692307693
0 0.8798076923076923 0.036057692307692304 0.1201923076923077 0.07211538461538461
0 0.9723557692307693 0.04927884615384615 0.055288461538461536 0.0985576923076923
0 0.6959134615384616 0.13822115384615385 0.09375 0.19230769230769232
0 0.9423076923076923 0.15144230769230768 0.11538461538461539 0.1875
0 0.8076923076923077 0.1814903846153846 0.15865384615384615 0.23317307692307693
0 0.6923076923076923 0.3389423076923077 0.08413461538461539 0.16346153846153846
0 0.7944711538461539 0.35697115384615385 0.12259615384615384 0.16105769230769232
0 0.9086538461538461 0.3581730769230769 0.10576923076923077 0.16346153846153846
0 0.984375 0.3762019230769231 0.03125 0.18028846153846154
0 0.734375 0.45552884615384615 0.11057692307692307 0.07932692307692307
0 0.9519230769230769 0.45913461538461536 0.09615384615384616 0.0673076923076923
0 0.8485576923076923 0.47475961538461536 0.1346153846153846 0.040865384615384616
0 0.5865384615384616 0.5805288461538461 0.11057692307692307 0.17067307692307693
0 0.40865384615384615 0.6105769230769231 0.1201923076923077 0.18509615384615385
0 0.015625 0.6478365384615384 0.03125 0.15384615384615385
0 0.2860576923076923 0.6610576923076923 0.10576923076923077 0.14423076923076922
0 0.056490384615384616 0.7055288461538461 0.11298076923076923 0.1875
0 0.6189903846153846 0.7367788461538461 0.06490384615384616 0.17548076923076922
0 0.02403846153846154 0.8329326923076923 0.04807692307692308 0.15144230769230768
0 0.26802884615384615 0.8413461538461539 0.11538461538461539 0.19471153846153846
0 0.10336538461538461 0.8701923076923077 0.0985576923076923 0.15865384615384615
0 0.5697115384615384 0.8918269230769231 0.11298076923076923 0.1778846153846154
0 0.38461538461538464 0.8930288461538461 0.125 0.19951923076923078
0 0.15504807692307693 0.9326923076923077 0.10096153846153846 0.1346153846153846
0 0.5120192307692307 0.9723557692307693 0.10336538461538461 0.055288461538461536
0 0.3870192307692308 0.9831730769230769 0.10576923076923077 0.03365384615384615
0 0.6069711538461539 0.9795673076923077 0.08413461538461539 0.040865384615384616
0 0.1502403846153846 0.5120192307692307 0.10096153846153846 0.03365384615384615
0 0.47475961538461536 0.515625 0.1201923076923077 0.04326923076923077
0 0.2608173076923077 0.5276442307692307 0.09615384615384616 0.0673076923076923
0 0.046875 0.5492788461538461 0.0889423076923077 0.10817307692307693
0 0.30528846153846156 0.5637019230769231 0.11538461538461539 0.13701923076923078
0 0.0985576923076923 0.5492788461538461 0.09615384615384616 0.10817307692307693
0 0.9675480769230769 0.9302884615384616 0.06490384615384616 0.08173076923076923
0 0.7560096153846154 0.9783653846153846 0.06009615384615385 0.04326923076923077
0 0.7259615384615384 0.9326923076923077 0.06009615384615385 0.08173076923076923
0 0.984375 0.859375 0.03125 0.08653846153846154
0 0.90625 0.9302884615384616 0.06490384615384616 0.08173076923076923
0 0.671875 0.9326923076923077 0.04567307692307692 0.08173076923076923
0 0.9399038461538461 0.8605769230769231 0.06490384615384616 0.08413461538461539
0 0.8786057692307693 0.8617788461538461 0.06490384615384616 0.08413461538461539
0 0.8149038461538461 0.9783653846153846 0.06009615384615385 0.04326923076923077
0 0.7860576923076923 0.9314903846153846 0.06009615384615385 0.08173076923076923
0 0.8461538461538461 0.9314903846153846 0.06009615384615385 0.08413461538461539
0 0.9326923076923077 0.9771634615384616 0.06009615384615385 0.04326923076923077
0 0.6574519230769231 0.9795673076923077 0.016826923076923076 0.040865384615384616
0 0.875 0.9783653846153846 0.06009615384615385 0.04326923076923077
0 0.9711538461538461 0.7860576923076923 0.057692307692307696 0.08653846153846154
0 0.9471153846153846 0.7115384615384616 0.0673076923076923 0.09375
0 0.9891826923076923 0.7115384615384616 0.021634615384615384 0.09375
0 0.6706730769230769 0.7896634615384616 0.04326923076923077 0.0889423076923077
0 0.7235576923076923 0.7908653846153846 0.06490384615384616 0.0889423076923077
0 0.9122596153846154 0.7884615384615384 0.06490384615384616 0.08653846153846154
0 0.8485576923076923 0.7896634615384616 0.06490384615384616 0.0889423076923077
0 0.7872596153846154 0.7896634615384616 0.06490384615384616 0.0889423076923077
0 0.8173076923076923 0.8617788461538461 0.06490384615384616 0.08413461538461539
0 0.6959134615384616 0.9795673076923077 0.06009615384615385 0.040865384615384616
0 0.7560096153846154 0.8629807692307693 0.06490384615384616 0.08413461538461539
0 0.8834134615384616 0.7127403846153846 0.0673076923076923 0.09375
0 0.7548076923076923 0.7127403846153846 0.0673076923076923 0.09375
0 0.6694711538461539 0.6346153846153846 0.040865384615384616 0.09615384615384616
0 0.8197115384615384 0.7127403846153846 0.0673076923076923 0.0889423076923077
0 0.8521634615384616 0.6346153846153846 0.0673076923076923 0.09375
0 0.6911057692307693 0.7139423076923077 0.06490384615384616 0.09375
0 0.6947115384615384 0.8629807692307693 0.06490384615384616 0.08413461538461539
0 0.9170673076923077 0.6346153846153846 0.0673076923076923 0.09375
0 0.9807692307692307 0.9759615384615384 0.038461538461538464 0.04326923076923077
0 0.9747596153846154 0.6334134615384616 0.05048076923076923 0.09134615384615384
0 0.65625 0.8629807692307693 0.014423076923076924 0.08413461538461539