0 0.22295673076923078 0.3317307692307692 0.030528846153846153 0.04423076923076923
0 0.2530048076923077 0.33221153846153845 0.031009615384615385 0.04391025641025641
0 0.2824519230769231 0.33237179487179486 0.03028846153846154 0.04551282051282051
0 0.7430288461538461 0.33237179487179486 0.03317307692307692 0.04551282051282051
0 0.7748798076923077 0.33237179487179486 0.03293269230769231 0.04487179487179487
0 0.16177884615384616 0.33237179487179486 0.03076923076923077 0.04423076923076923
0 0.19314903846153847 0.33237179487179486 0.031009615384615385 0.04358974358974359
0 0.8076923076923077 0.3328525641025641 0.03365384615384615 0.046474358974358976
0 0.8397836538461538 0.3328525641025641 0.03341346153846154 0.046474358974358976
0 0.13161057692307693 0.3328525641025641 0.030528846153846153 0.04455128205128205
0 0.10180288461538461 0.3330128205128205 0.030528846153846153 0.04423076923076923
0 0.8723557692307692 0.3334935897435897 0.03365384615384615 0.046474358974358976
0 0.6793269230769231 0.33365384615384613 0.03221153846153846 0.04487179487179487
0 0.7121394230769231 0.33365384615384613 0.03341346153846154 0.04294871794871795
0 0.07235576923076924 0.33365384615384613 0.02980769230769231 0.04294871794871795
0 0.9048076923076923 0.33365384615384613 0.03317307692307692 0.046794871794871795
0 0.04314903846153846 0.33413461538461536 0.02956730769230769 0.04006410256410257
0 0.31286057692307695 0.3342948717948718 0.031971153846153844 0.04487179487179487
0 0.6480769230769231 0.3342948717948718 0.03173076923076923 0.046153846153846156
0 0.34314903846153844 0.334775641025641 0.031490384615384615 0.04455128205128205
0 0.6171875 0.3349358974358974 0.03293269230769231 0.04487179487179487
0 0.3736778846153846 0.33541666666666664 0.031490384615384615 0.04391025641025641
0 0.5554086538461539 0.33541666666666664 0.031490384615384615 0.04391025641025641
0 0.5860576923076923 0.33541666666666664 0.03173076923076923 0.04455128205128205
0 0.4342548076923077 0.33557692307692305 0.031009615384615385 0.04358974358974359
0 0.4643028846153846 0.33557692307692305 0.031971153846153844 0.04423076923076923
0 0.40420673076923075 0.33605769230769234 0.030048076923076924 0.04326923076923077
0 0.49423076923076925 0.33605769230769234 0.03076923076923077 0.04326923076923077
0 0.5248798076923077 0.33605769230769234 0.031490384615384615 0.04326923076923077
0 0.20985576923076923 0.36666666666666664 0.03125 0.04487179487179487
0 0.17992788461538461 0.36682692307692305 0.030528846153846153 0.04391025641025641
0 0.2405048076923077 0.36730769230769234 0.030528846153846153 0.04294871794871795
0 0.14975961538461538 0.36730769230769234 0.02980769230769231 0.04294871794871795
0 0.26995192307692306 0.367948717948718 0.03076923076923077 0.04294871794871795
0 0.08990384615384615 0.367948717948718 0.029326923076923077 0.04230769230769231
0 0.11995192307692308 0.367948717948718 0.03125 0.04294871794871795
0 0.06117788461538461 0.3681089743589744 0.030528846153846153 0.04326923076923077
0 0.7887019230769231 0.3685897435897436 0.03317307692307692 0.04487179487179487
0 0.7568509615384615 0.36907051282051284 0.03293269230769231 0.04519230769230769
0 0.2998798076923077 0.36923076923076925 0.030528846153846153 0.04358974358974359
0 0.6936298076923076 0.36923076923076925 0.03293269230769231 0.04423076923076923
0 0.725 0.36923076923076925 0.032692307692307694 0.046153846153846156
0 0.8205528846153847 0.36923076923076925 0.03245192307692308 0.04551282051282051
0 0.8525240384615385 0.36923076923076925 0.03341346153846154 0.04487179487179487
0 0.32992788461538464 0.3698717948717949 0.031490384615384615 0.04230769230769231
0 0.6623798076923076 0.3703525641025641 0.03245192307692308 0.04455128205128205
0 0.8853365384615385 0.3703525641025641 0.03413461538461538 0.04455128205128205
0 0.35997596153846156 0.37051282051282053 0.030048076923076924 0.04358974358974359
0 0.6311298076923076 0.37051282051282053 0.031971153846153844 0.04423076923076923
0 0.3897836538461538 0.37099358974358976 0.031009615384615385 0.04326923076923077
0 0.41983173076923075 0.37115384615384617 0.031009615384615385 0.04358974358974359
0 0.44939903846153845 0.37115384615384617 0.031009615384615385 0.04358974358974359
0 0.4794471153846154 0.37115384615384617 0.030048076923076924 0.04294871794871795
0 0.5098557692307693 0.37115384615384617 0.03125 0.04358974358974359
0 0.5394230769230769 0.37115384615384617 0.03125 0.04294871794871795
0 0.5699519230769231 0.37115384615384617 0.03125 0.04423076923076923
0 0.6006009615384615 0.37115384615384617 0.03245192307692308 0.04423076923076923
0 0.9165865384615385 0.37115384615384617 0.03173076923076923 0.046153846153846156
0 0.19735576923076922 0.4011217948717949 0.03076923076923077 0.04326923076923077
0 0.13786057692307693 0.40176282051282053 0.030048076923076924 0.04262820512820513
0 0.16790865384615383 0.40176282051282053 0.030048076923076924 0.041346153846153845
0 0.22728365384615384 0.40176282051282053 0.030048076923076924 0.041346153846153845
0 0.2567307692307692 0.40240384615384617 0.03125 0.04262820512820513
0 0.078125 0.40240384615384617 0.02980769230769231 0.04262820512820513
0 0.10745192307692308 0.40240384615384617 0.03028846153846154 0.041346153846153845
0 0.05060096153846154 0.4030448717948718 0.028125 0.04326923076923077
0 0.28725961538461536 0.4041666666666667 0.03076923076923077 0.041666666666666664
0 0.3171875 0.4041666666666667 0.031009615384615385 0.04294871794871795
0 0.7385817307692307 0.4043269230769231 0.03245192307692308 0.04455128205128205
0 0.7700721153846154 0.4043269230769231 0.03341346153846154 0.04391025641025641
0 0.346875 0.4048076923076923 0.03125 0.04230769230769231
0 0.7073317307692307 0.4048076923076923 0.031971153846153844 0.04423076923076923
0 0.8024038461538462 0.4048076923076923 0.032692307692307694 0.04423076923076923
0 0.8336538461538462 0.4048076923076923 0.03173076923076923 0.04423076923076923
0 0.3765625 0.4049679487179487 0.030048076923076924 0.04262820512820513
0 0.40625 0.40544871794871795 0.03125 0.04294871794871795
0 0.6450721153846154 0.40544871794871795 0.031009615384615385 0.04230769230769231
0 0.6760817307692307 0.40544871794871795 0.03245192307692308 0.04358974358974359
0 0.8659855769230769 0.40544871794871795 0.03341346153846154 0.04423076923076923
0 0.4355769230769231 0.40560897435897436 0.02980769230769231 0.04262820512820513
0 0.46502403846153845 0.4060897435897436 0.030528846153846153 0.04230769230769231
0 0.49483173076923076 0.4060897435897436 0.030048076923076924 0.04230769230769231
0 0.5242788461538461 0.4060897435897436 0.03028846153846154 0.04294871794871795
0 0.5543269230769231 0.4060897435897436 0.03076923076923077 0.04230769230769231
0 0.614423076923077 0.4060897435897436 0.03173076923076923 0.04294871794871795
0 0.8978365384615384 0.4060897435897436 0.032692307692307694 0.04423076923076923
0 0.5841346153846154 0.40673076923076923 0.03028846153846154 0.04294871794871795
0 0.12620192307692307 0.4354166666666667 0.029326923076923077 0.041346153846153845
0 0.15625 0.4354166666666667 0.03076923076923077 0.041987179487179484
0 0.18557692307692308 0.4354166666666667 0.029326923076923077 0.041987179487179484
0 0.21490384615384617 0.4354166666666667 0.03076923076923077 0.04262820512820513
0 0.24423076923076922 0.4360576923076923 0.02980769230769231 0.04262820512820513
0 0.09615384615384616 0.4362179487179487 0.03076923076923077 0.04294871794871795
0 0.0673076923076923 0.43669871794871795 0.027403846153846154 0.03942307692307692
0 0.2736778846153846 0.4373397435897436 0.030528846153846153 0.041987179487179484
0 0.30372596153846154 0.43798076923076923 0.030528846153846153 0.040705128205128206
0 0.33365384615384613 0.43862179487179487 0.03125 0.041987179487179484
0 0.3629807692307692 0.43862179487179487 0.03076923076923077 0.040705128205128206
0 0.3923076923076923 0.4391025641025641 0.03028846153846154 0.041025641025641026
0 0.42175480769230766 0.4392628205128205 0.030048076923076924 0.040705128205128206
0 0.45048076923076924 0.4392628205128205 0.029326923076923077 0.04006410256410257
0 0.6900240384615385 0.4392628205128205 0.031490384615384615 0.041987179487179484
0 0.7211538461538461 0.4392628205128205 0.03173076923076923 0.041987179487179484
0 0.7522836538461538 0.4392628205128205 0.031490384615384615 0.041987179487179484
0 0.48040865384615383 0.43974358974358974 0.030528846153846153 0.041025641025641026
0 0.6592548076923077 0.43974358974358974 0.031971153846153844 0.04230769230769231
0 0.7836538461538461 0.43974358974358974 0.03173076923076923 0.04230769230769231
0 0.5097355769230769 0.43990384615384615 0.030048076923076924 0.04006410256410257
0 0.5393028846153847 0.43990384615384615 0.030528846153846153 0.041346153846153845
0 0.5986778846153846 0.43990384615384615 0.030048076923076924 0.041346153846153845
0 0.6286057692307693 0.43990384615384615 0.03076923076923077 0.040705128205128206
0 0.8149038461538461 0.43990384615384615 0.03221153846153846 0.041987179487179484
0 0.8467548076923077 0.43990384615384615 0.03245192307692308 0.04262820512820513
0 0.5692307692307692 0.4403846153846154 0.03028846153846154 0.04038461538461539
0 0.8786057692307693 0.441025641025641 0.03125 0.04230769230769231
0 0.9098557692307693 0.441025641025641 0.03028846153846154 0.04423076923076923
0 0.11502403846153846 0.46875 0.031009615384615385 0.04006410256410257
0 0.14471153846153847 0.4690705128205128 0.029326923076923077 0.040705128205128206
0 0.08605769230769231 0.46923076923076923 0.029326923076923077 0.03974358974358974
0 0.1735576923076923 0.46923076923076923 0.029326923076923077 0.04038461538461539
0 0.20288461538461539 0.46923076923076923 0.02980769230769231 0.04038461538461539
0 0.23221153846153847 0.46987179487179487 0.02980769230769231 0.04038461538461539
0 0.058533653846153846 0.4700320512820513 0.02956730769230769 0.03942307692307692
0 0.26129807692307694 0.4705128205128205 0.03028846153846154 0.041666666666666664
0 0.29122596153846153 0.47115384615384615 0.030528846153846153 0.041025641025641026
0 0.3205528846153846 0.4716346153846154 0.030048076923076924 0.040705128205128206
0 0.3498798076923077 0.4716346153846154 0.030048076923076924 0.040705128205128206
0 0.37872596153846155 0.472275641025641 0.02956730769230769 0.040705128205128206
0 0.40805288461538464 0.472275641025641 0.030048076923076924 0.040705128205128206
0 0.43677884615384616 0.472275641025641 0.02980769230769231 0.040705128205128206
0 0.4659855769230769 0.4724358974358974 0.030048076923076924 0.04038461538461539
0 0.4950721153846154 0.47291666666666665 0.030048076923076924 0.040705128205128206
0 0.5242788461538461 0.47291666666666665 0.03028846153846154 0.040705128205128206
0 0.5537259615384615 0.4735576923076923 0.030048076923076924 0.040705128205128206
0 0.5835336538461539 0.4735576923076923 0.030528846153846153 0.041346153846153845
0 0.6131009615384615 0.4735576923076923 0.030048076923076924 0.040705128205128206
0 0.6429086538461538 0.4735576923076923 0.030528846153846153 0.041987179487179484
0 0.7040865384615385 0.4735576923076923 0.03076923076923077 0.04326923076923077
0 0.7347355769230769 0.4735576923076923 0.031971153846153844 0.04262820512820513
0 0.7655048076923077 0.4735576923076923 0.031971153846153844 0.04326923076923077
0 0.7967548076923077 0.4735576923076923 0.031971153846153844 0.041987179487179484
0 0.6730769230769231 0.4737179487179487 0.03125 0.041666666666666664
0 0.8280048076923077 0.47419871794871793 0.03245192307692308 0.041346153846153845
0 0.859375 0.47419871794871793 0.03125 0.04391025641025641
0 0.8905048076923077 0.4754807692307692 0.031009615384615385 0.04326923076923077
0 0.07487980769230769 0.5017628205128205 0.02956730769230769 0.041987179487179484
0 0.10432692307692308 0.5017628205128205 0.029326923076923077 0.040705128205128206
0 0.1329326923076923 0.5017628205128205 0.02980769230769231 0.041346153846153845
0 0.16189903846153847 0.5017628205128205 0.029086538461538462 0.040705128205128206
0 0.19050480769230768 0.5017628205128205 0.02956730769230769 0.041346153846153845
0 0.21995192307692307 0.5024038461538461 0.029326923076923077 0.041346153846153845
0 0.24867788461538462 0.503525641025641 0.030048076923076924 0.04230769230769231
0 0.278125 0.5043269230769231 0.02980769230769231 0.04006410256410257
0 0.3076923076923077 0.5046474358974359 0.03125 0.041346153846153845
0 0.3659855769230769 0.5046474358974359 0.028125 0.03942307692307692
0 0.3367788461538462 0.5048076923076923 0.029326923076923077 0.03974358974358974
0 0.39471153846153845 0.5049679487179487 0.02980769230769231 0.03942307692307692
0 0.4234375 0.5049679487179487 0.02956730769230769 0.04006410256410257
0 0.4522836538461538 0.5054487179487179 0.02956730769230769 0.0391025641025641
0 0.4810096153846154 0.5054487179487179 0.02980769230769231 0.04038461538461539
0 0.5099759615384616 0.5056089743589743 0.02956730769230769 0.03942307692307692
0 0.5387019230769231 0.5060897435897436 0.029326923076923077 0.03974358974358974
0 0.5681490384615384 0.5065705128205128 0.030048076923076924 0.03942307692307692
0 0.5973557692307693 0.5067307692307692 0.029326923076923077 0.03974358974358974
0 0.6268028846153846 0.5072115384615384 0.030048076923076924 0.041346153846153845
0 0.6572115384615385 0.5073717948717948 0.03173076923076923 0.04038461538461539
0 0.6872596153846153 0.5073717948717948 0.03076923076923077 0.04230769230769231
0 0.7479567307692307 0.5073717948717948 0.031971153846153844 0.041666666666666664
0 0.7790865384615384 0.5073717948717948 0.03125 0.041666666666666664
0 0.7173076923076923 0.5078525641025641 0.03173076923076923 0.041346153846153845
0 0.8099759615384615 0.5080128205128205 0.03245192307692308 0.041666666666666664
0 0.840625 0.5084935897435897 0.03125 0.04262820512820513
0 0.871875 0.5091346153846154 0.03173076923076923 0.041987179487179484
0 0.9024038461538462 0.509775641025641 0.03173076923076923 0.041987179487179484
0 0.121875 0.5328525641025641 0.028846153846153848 0.040705128205128206
0 0.09350961538461539 0.5334935897435897 0.029326923076923077 0.03878205128205128
0 0.15048076923076922 0.5334935897435897 0.029326923076923077 0.03942307692307692
0 0.17872596153846154 0.5334935897435897 0.02956730769230769 0.040705128205128206
0 0.06598557692307692 0.533974358974359 0.02860576923076923 0.0391025641025641
0 0.20805288461538463 0.534775641025641 0.030048076923076924 0.03942307692307692
0 0.23665865384615384 0.5354166666666667 0.029086538461538462 0.041346153846153845
0 0.2653846153846154 0.5355769230769231 0.02980769230769231 0.03974358974358974
0 0.29471153846153847 0.5360576923076923 0.029326923076923077 0.040705128205128206
0 0.3230769230769231 0.5362179487179487 0.029326923076923077 0.03974358974358974
0 0.3524038461538462 0.5366987179487179 0.029326923076923077 0.040705128205128206
0 0.4098557692307692 0.5366987179487179 0.02980769230769231 0.040705128205128206
0 0.43810096153846156 0.5368589743589743 0.02860576923076923 0.0391025641025641
0 0.38064903846153847 0.5370192307692307 0.02956730769230769 0.03942307692307692
0 0.4668269230769231 0.5373397435897436 0.029326923076923077 0.040705128205128206
0 0.4955528846153846 0.5373397435897436 0.02860576923076923 0.03942307692307692
0 0.5242788461538461 0.5379807692307692 0.029326923076923077 0.041346153846153845
0 0.553125 0.538301282051282 0.02980769230769231 0.04006410256410257
0 0.5822115384615385 0.5386217948717948 0.02980769230769231 0.041346153846153845
0 0.6110576923076924 0.5392628205128205 0.029326923076923077 0.04006410256410257
0 0.6705528846153846 0.5397435897435897 0.030528846153846153 0.04038461538461539
0 0.6405048076923077 0.5399038461538461 0.030048076923076924 0.040705128205128206
0 0.700360576923077 0.5405448717948718 0.030048076923076924 0.040705128205128206
0 0.7611778846153846 0.5405448717948718 0.031009615384615385 0.041346153846153845
0 0.7313701923076923 0.5407051282051282 0.030048076923076924 0.041025641025641026
0 0.7921875 0.5411858974358974 0.031971153846153844 0.04262820512820513
0 0.8228365384615385 0.5416666666666666 0.03173076923076923 0.04230769230769231
0 0.853125 0.5423076923076923 0.03125 0.041025641025641026
0 0.8846153846153846 0.54375 0.03173076923076923 0.041987179487179484
0 0.0829326923076923 0.5649038461538461 0.029326923076923077 0.03942307692307692
0 0.1110576923076923 0.5653846153846154 0.029326923076923077 0.03974358974358974
0 0.1391826923076923 0.5655448717948718 0.029326923076923077 0.03942307692307692
0 0.1673076923076923 0.5655448717948718 0.029326923076923077 0.04006410256410257
0 0.19615384615384615 0.5661858974358974 0.02980769230769231 0.03942307692307692
0 0.22439903846153847 0.5673076923076923 0.029086538461538462 0.03974358974358974
0 0.2536057692307692 0.5674679487179487 0.029326923076923077 0.03942307692307692
0 0.28185096153846156 0.5679487179487179 0.029086538461538462 0.03974358974358974
0 0.31045673076923075 0.5685897435897436 0.02860576923076923 0.03974358974358974
0 0.39615384615384613 0.5685897435897436 0.028846153846153848 0.0391025641025641
0 0.4247596153846154 0.5685897435897436 0.029326923076923077 0.0391025641025641
0 0.33810096153846153 0.5690705128205128 0.029086538461538462 0.03942307692307692
0 0.36790865384615384 0.5692307692307692 0.02956730769230769 0.0391025641025641
0 0.45300480769230766 0.5692307692307692 0.028125 0.0391025641025641
0 0.48173076923076924 0.5692307692307692 0.029326923076923077 0.0391025641025641
0 0.5099759615384616 0.5697115384615384 0.028125 0.03878205128205128
0 0.5387019230769231 0.5703525641025641 0.029326923076923077 0.03878205128205128
0 0.5669471153846154 0.5703525641025641 0.028125 0.038141025641025644
0 0.625 0.5709935897435897 0.029326923076923077 0.03878205128205128
0 0.5967548076923077 0.5713141025641025 0.031009615384615385 0.03942307692307692
0 0.6543269230769231 0.5716346153846154 0.03076923076923077 0.03878205128205128
0 0.6842548076923077 0.5717948717948718 0.030048076923076924 0.038461538461538464
0 0.7143028846153846 0.5729166666666666 0.030528846153846153 0.04006410256410257
0 0.7443509615384616 0.573076923076923 0.030048076923076924 0.04038461538461539
0 0.7743990384615385 0.573076923076923 0.031490384615384615 0.041025641025641026
0 0.8049278846153847 0.5737179487179487 0.031009615384615385 0.041025641025641026
0 0.8355769230769231 0.5748397435897435 0.03125 0.04006410256410257
0 0.8653846153846154 0.575801282051282 0.03173076923076923 0.041987179487179484
0 0.896875 0.5764423076923076 0.03173076923076923 0.041987179487179484
0 0.0998798076923077 0.5966346153846154 0.02956730769230769 0.04006410256410257
0 0.07235576923076924 0.597275641025641 0.029326923076923077 0.04006410256410257
0 0.15552884615384616 0.597275641025641 0.029326923076923077 0.04006410256410257
0 0.1842548076923077 0.597275641025641 0.028125 0.040705128205128206
0 0.128125 0.5979166666666667 0.029326923076923077 0.04006410256410257
0 0.21286057692307692 0.5987179487179487 0.02860576923076923 0.03717948717948718
0 0.24098557692307693 0.5991987179487179 0.02860576923076923 0.04006410256410257
0 0.26947115384615383 0.5993589743589743 0.029326923076923077 0.03717948717948718
0 0.29735576923076923 0.5998397435897436 0.028846153846153848 0.03942307692307692
0 0.32548076923076924 0.5998397435897436 0.02980769230769231 0.03942307692307692
0 0.3544471153846154 0.5998397435897436 0.029086538461538462 0.03878205128205128
0 0.38293269230769234 0.5998397435897436 0.029326923076923077 0.03942307692307692
0 0.4111778846153846 0.5998397435897436 0.02860576923076923 0.03942307692307692
0 0.43930288461538464 0.6003205128205128 0.028125 0.0391025641025641
0 0.4673076923076923 0.6004807692307692 0.029326923076923077 0.03942307692307692
0 0.49567307692307694 0.6009615384615384 0.029326923076923077 0.038461538461538464
0 0.5242788461538461 0.6011217948717948 0.02980769230769231 0.03878205128205128
0 0.5524038461538462 0.6016025641025641 0.029326923076923077 0.0391025641025641
0 0.5811298076923077 0.6017628205128205 0.030528846153846153 0.03942307692307692
0 0.6098557692307692 0.6024038461538461 0.02980769230769231 0.04006410256410257
0 0.6387019230769231 0.6028846153846154 0.03076923076923077 0.0391025641025641
0 0.6681490384615385 0.603525641025641 0.030048076923076924 0.03974358974358974
0 0.6974759615384616 0.604326923076923 0.031009615384615385 0.03942307692307692
0 0.7280048076923077 0.6049679487179487 0.030528846153846153 0.03942307692307692
0 0.7573317307692308 0.6054487179487179 0.030048076923076924 0.0391025641025641
0 0.7879807692307692 0.60625 0.03125 0.04006410256410257
0 0.8179086538461539 0.6067307692307692 0.030048076923076924 0.03974358974358974
0 0.8481971153846154 0.6072115384615384 0.031009615384615385 0.03942307692307692
0 0.8787259615384615 0.607852564102564 0.030048076923076924 0.041987179487179484
0 0.11670673076923077 0.6267628205128205 0.028125 0.038141025641025644
0 0.08870192307692308 0.6272435897435897 0.027884615384615386 0.03717948717948718
0 0.14435096153846153 0.6274038461538461 0.028125 0.038141025641025644
0 0.17247596153846154 0.6274038461538461 0.028125 0.038141025641025644
0 0.20048076923076924 0.6286858974358974 0.028846153846153848 0.03878205128205128
0 0.22860576923076922 0.6286858974358974 0.028846153846153848 0.03878205128205128
0 0.2561298076923077 0.6299679487179487 0.02956730769230769 0.04006410256410257
0 0.42596153846153845 0.6304487179487179 0.029326923076923077 0.03974358974358974
0 0.31298076923076923 0.6306089743589743 0.02980769230769231 0.038141025641025644
0 0.3412259615384615 0.6306089743589743 0.029086538461538462 0.038141025641025644
0 0.3700721153846154 0.6306089743589743 0.02860576923076923 0.038141025641025644
0 0.39795673076923077 0.6306089743589743 0.02860576923076923 0.038141025641025644
0 0.45408653846153846 0.6310897435897436 0.028365384615384615 0.03782051282051282
0 0.4818509615384615 0.6310897435897436 0.02956730769230769 0.0391025641025641
0 0.2848557692307692 0.6314102564102564 0.02980769230769231 0.03782051282051282
0 0.5099759615384616 0.6315705128205128 0.028125 0.0375
0 0.5384615384615384 0.6323717948717948 0.02980769230769231 0.03782051282051282
0 0.5662259615384615 0.6328525641025641 0.02860576923076923 0.0375
0 0.6235576923076923 0.6334935897435897 0.029326923076923077 0.03878205128205128
0 0.5949519230769231 0.6339743589743589 0.029326923076923077 0.038461538461538464
0 0.6525240384615385 0.6346153846153846 0.02860576923076923 0.038461538461538464
0 0.6818509615384616 0.6360576923076923 0.029086538461538462 0.03878205128205128
0 0.7111778846153847 0.6365384615384615 0.030528846153846153 0.038461538461538464
0 0.7411057692307692 0.6366987179487179 0.02980769230769231 0.03878205128205128
0 0.7705528846153846 0.6375 0.031490384615384615 0.03782051282051282
0 0.8003605769230769 0.6378205128205128 0.030528846153846153 0.04038461538461539
0 0.8305288461538461 0.6386217948717948 0.03125 0.04006410256410257
0 0.8599759615384616 0.6397435897435897 0.030528846153846153 0.04038461538461539
0 0.8905048076923077 0.6411858974358975 0.02956730769230769 0.04006410256410257
0 0.07800480769230769 0.6560897435897436 0.028125 0.0391025641025641
0 0.10625 0.6560897435897436 0.028365384615384615 0.0391025641025641
0 0.13317307692307692 0.6573717948717949 0.028365384615384615 0.0391025641025641
0 0.16045673076923078 0.6586538461538461 0.028125 0.0391025641025641
0 0.18846153846153846 0.6586538461538461 0.028365384615384615 0.0391025641025641
0 0.21622596153846155 0.6604166666666667 0.02956730769230769 0.038141025641025644
0 0.24459134615384615 0.6610576923076923 0.028125 0.03621794871794872
0 0.2723557692307692 0.6610576923076923 0.029326923076923077 0.038141025641025644
0 0.30036057692307694 0.6610576923076923 0.02860576923076923 0.0375
0 0.32848557692307695 0.6610576923076923 0.029086538461538462 0.0375
0 0.35673076923076924 0.6610576923076923 0.028365384615384615 0.03685897435897436
0 0.4125 0.6612179487179487 0.028846153846153848 0.038461538461538464
0 0.4407451923076923 0.6616987179487179 0.026682692307692307 0.038141025641025644
0 0.46814903846153844 0.6616987179487179 0.029086538461538462 0.038141025641025644
0 0.38509615384615387 0.6618589743589743 0.02980769230769231 0.03653846153846154
0 0.49615384615384617 0.6618589743589743 0.028846153846153848 0.03782051282051282
0 0.5237980769230769 0.6623397435897436 0.029326923076923077 0.0375
0 0.5524038461538462 0.6629807692307692 0.028846153846153848 0.03878205128205128
0 0.5805288461538461 0.6636217948717948 0.029326923076923077 0.0375
0 0.6091346153846153 0.6642628205128205 0.028365384615384615 0.038141025641025644
0 0.6375 0.6649038461538461 0.029326923076923077 0.038141025641025644
0 0.6667067307692308 0.6655448717948718 0.029086538461538462 0.03685897435897436
0 0.6950721153846153 0.6666666666666666 0.02956730769230769 0.03717948717948718
0 0.7537259615384615 0.6679487179487179 0.02956730769230769 0.038461538461538464
0 0.7246394230769231 0.6682692307692307 0.031490384615384615 0.03782051282051282
0 0.784375 0.66875 0.03125 0.0375
0 0.8135817307692308 0.6692307692307692 0.031009615384615385 0.03974358974358974
0 0.8729567307692307 0.6697115384615384 0.028125 0.03942307692307692
0 0.8436298076923077 0.6709935897435897 0.02956730769230769 0.04006410256410257
0 0.09495192307692307 0.6862179487179487 0.028365384615384615 0.0391025641025641
0 0.12163461538461538 0.6862179487179487 0.028365384615384615 0.0391025641025641
0 0.14879807692307692 0.6891025641025641 0.028365384615384615 0.0391025641025641
0 0.20372596153846154 0.6903846153846154 0.028125 0.0391025641025641
0 0.25985576923076925 0.691025641025641 0.028365384615384615 0.0391025641025641
0 0.3435096153846154 0.691025641025641 0.028365384615384615 0.0391025641025641
0 0.17680288461538463 0.691025641025641 0.028125 0.0391025641025641
0 0.23233173076923078 0.691025641025641 0.028125 0.0391025641025641
0 0.4269230769230769 0.6911858974358974 0.028365384615384615 0.03942307692307692
0 0.4543269230769231 0.6911858974358974 0.028365384615384615 0.03942307692307692
0 0.2879807692307692 0.6916666666666667 0.028365384615384615 0.0391025641025641
0 0.3155048076923077 0.6916666666666667 0.028125 0.0391025641025641
0 0.3717548076923077 0.6916666666666667 0.028125 0.0391025641025641
0 0.3992788461538462 0.6918269230769231 0.028365384615384615 0.03942307692307692
0 0.48233173076923075 0.6924679487179487 0.028125 0.03942307692307692
0 0.5104567307692308 0.6924679487179487 0.028125 0.03942307692307692
0 0.5387019230769231 0.6929487179487179 0.028365384615384615 0.0391025641025641
0 0.565625 0.6942307692307692 0.028365384615384615 0.0391025641025641
0 0.5943509615384616 0.6953525641025641 0.028125 0.03942307692307692
0 0.6228365384615384 0.6953525641025641 0.028365384615384615 0.03942307692307692
0 0.6510817307692308 0.6959935897435897 0.028125 0.03942307692307692
0 0.6800480769230769 0.6959935897435897 0.028365384615384615 0.03942307692307692
0 0.7381009615384615 0.697275641025641 0.028125 0.03942307692307692
0 0.7080528846153846 0.6979166666666666 0.028125 0.03942307692307692
0 0.7668269230769231 0.6998397435897435 0.028365384615384615 0.03942307692307692
0 0.7966346153846153 0.6998397435897435 0.028365384615384615 0.03942307692307692
0 0.8266826923076923 0.6998397435897435 0.028365384615384615 0.03942307692307692
0 0.8836538461538461 0.7004807692307692 0.028365384615384615 0.03942307692307692
0 0.8549278846153846 0.7011217948717948 0.028125 0.03942307692307692
0 0.08497596153846154 0.7153846153846154 0.029086538461538462 0.035256410256410256
0 0.13846153846153847 0.7168269230769231 0.029326923076923077 0.03685897435897436
0 0.11153846153846154 0.7171474358974359 0.027884615384615386 0.03685897435897436
0 0.1657451923076923 0.7189102564102564 0.028125 0.03653846153846154
0 0.3580528846153846 0.7197115384615385 0.02860576923076923 0.03878205128205128
0 0.2753605769230769 0.7203525641025641 0.02860576923076923 0.03878205128205128
0 0.21971153846153846 0.7203525641025641 0.028365384615384615 0.03878205128205128
0 0.19302884615384616 0.7208333333333333 0.027884615384615386 0.038461538461538464
0 0.2484375 0.7209935897435897 0.02860576923076923 0.03878205128205128
0 0.3856971153846154 0.7209935897435897 0.02860576923076923 0.03878205128205128
0 0.33040865384615387 0.7216346153846154 0.02860576923076923 0.03878205128205128
0 0.4411057692307692 0.7216346153846154 0.028846153846153848 0.03878205128205128
0 0.30240384615384613 0.722275641025641 0.028846153846153848 0.03878205128205128
0 0.41310096153846154 0.722275641025641 0.02860576923076923 0.03878205128205128
0 0.46911057692307695 0.7229166666666667 0.02860576923076923 0.03878205128205128
0 0.49627403846153845 0.7229166666666667 0.02860576923076923 0.03878205128205128
0 0.5241586538461539 0.7235576923076923 0.02860576923076923 0.03878205128205128
0 0.5796875 0.7241987179487179 0.02860576923076923 0.038141025641025644
0 0.5513221153846154 0.7248397435897436 0.02860576923076923 0.038141025641025644
0 0.6085336538461539 0.7254807692307692 0.02956730769230769 0.04006410256410257
0 0.6359375 0.7261217948717948 0.02956730769230769 0.04006410256410257
0 0.6641826923076923 0.7267628205128205 0.029326923076923077 0.04006410256410257
0 0.6936298076923076 0.7274038461538461 0.02956730769230769 0.04006410256410257
0 0.7217548076923077 0.7286858974358974 0.02956730769230769 0.04006410256410257
0 0.7804086538461539 0.7299679487179487 0.02956730769230769 0.04006410256410257
0 0.7515625 0.7310897435897435 0.02956730769230769 0.03974358974358974
0 0.8086538461538462 0.7310897435897435 0.029326923076923077 0.03974358974358974
0 0.8379807692307693 0.7317307692307692 0.029326923076923077 0.03974358974358974
0 0.8679086538461539 0.7322115384615384 0.02956730769230769 0.04006410256410257
0 0.8248798076923077 0.2955128205128205 0.03389423076923077 0.04487179487179487
0 0.20612980769230768 0.29599358974358975 0.031009615384615385 0.04519230769230769
0 0.7604567307692308 0.29615384615384616 0.03341346153846154 0.04358974358974359
0 0.7924278846153846 0.29615384615384616 0.03293269230769231 0.04487179487179487
0 0.8579326923076923 0.29615384615384616 0.03365384615384615 0.04551282051282051
0 0.17560096153846153 0.29615384615384616 0.031490384615384615 0.04423076923076923
0 0.2360576923076923 0.29615384615384616 0.03125 0.04487179487179487
0 0.2667067307692308 0.2966346153846154 0.031009615384615385 0.04455128205128205
0 0.6962740384615385 0.2967948717948718 0.03341346153846154 0.04551282051282051
0 0.7284855769230769 0.2967948717948718 0.03245192307692308 0.04423076923076923
0 0.14483173076923078 0.2967948717948718 0.030528846153846153 0.04358974358974359
0 0.9231971153846154 0.2971153846153846 0.03293269230769231 0.04487179487179487
0 0.6647836538461539 0.297275641025641 0.03245192307692308 0.04455128205128205
0 0.8905048076923077 0.297275641025641 0.03293269230769231 0.04583333333333333
0 0.2966346153846154 0.29743589743589743 0.03076923076923077 0.04358974358974359
0 0.11442307692307692 0.29743589743589743 0.03028846153846154 0.04551282051282051
0 0.6330528846153847 0.2980769230769231 0.03293269230769231 0.04551282051282051
0 0.08473557692307693 0.2985576923076923 0.030528846153846153 0.04326923076923077
0 0.3269230769230769 0.2987179487179487 0.03076923076923077 0.04358974358974359
0 0.5705528846153847 0.2987179487179487 0.031490384615384615 0.046153846153846156
0 0.6013221153846153 0.2987179487179487 0.03245192307692308 0.04551282051282051
0 0.3574519230769231 0.29919871794871794 0.03076923076923077 0.04455128205128205
0 0.05504807692307692 0.29919871794871794 0.03076923076923077 0.04583333333333333