0 0.18990384615384615 0.09014423076923077 0.06009615384615385 0.07692307692307693
0 0.009615384615384616 0.03125 0.019230769230769232 0.0625
0 0.22115384615384615 0.15745192307692307 0.057692307692307696 0.08173076923076923
0 0.13221153846153846 0.09014423076923077 0.06009615384615385 0.07692307692307693
0 0.16346153846153846 0.15625 0.06009615384615385 0.07932692307692307
0 0.10697115384615384 0.15504807692307693 0.057692307692307696 0.07932692307692307
0 0.04567307692307692 0.03245192307692308 0.057692307692307696 0.06490384615384616
0 0.02403846153846154 0.08774038461538461 0.04807692307692308 0.07692307692307693
0 0.07572115384615384 0.0889423076923077 0.057692307692307696 0.07932692307692307
0 0.2764423076923077 0.15625 0.05048076923076923 0.07932692307692307
0 0.26802884615384615 0.03365384615384615 0.057692307692307696 0.0673076923076923
0 0.24639423076923078 0.09134615384615384 0.06009615384615385 0.07692307692307693
0 0.2548076923076923 0.2247596153846154 0.06009615384615385 0.08173076923076923
0 0.15745192307692307 0.03245192307692308 0.057692307692307696 0.06490384615384616
0 0.10216346153846154 0.03125 0.057692307692307696 0.0625
0 0.1971153846153846 0.2247596153846154 0.0625 0.08173076923076923
0 0.17067307692307693 0.2956730769230769 0.0625 0.08653846153846154
0 0.23197115384615385 0.2956730769230769 0.0625 0.08653846153846154
0 0.2800480769230769 0.29447115384615385 0.04567307692307692 0.08413461538461539
0 0.13701923076923078 0.22355769230769232 0.06009615384615385 0.08173076923076923
0 0.078125 0.22235576923076922 0.06009615384615385 0.08413461538461539
0 0.2920673076923077 0.22355769230769232 0.019230769230769232 0.08173076923076923
0 0.025240384615384616 0.22235576923076922 0.05048076923076923 0.08413461538461539
0 0.04807692307692308 0.15504807692307693 0.06009615384615385 0.07932692307692307
0 0.009615384615384616 0.15384615384615385 0.019230769230769232 0.07932692307692307
0 0.11057692307692307 0.29447115384615385 0.0625 0.08413461538461539
0 0.009615384615384616 0.2932692307692308 0.019230769230769232 0.08653846153846154
0 0.05048076923076923 0.29447115384615385 0.0625 0.08413461538461539
0 0.08173076923076923 0.36899038461538464 0.0625 0.08653846153846154
0 0.14182692307692307 0.36899038461538464 0.0625 0.08653846153846154
0 0.21394230769230768 0.03245192307692308 0.057692307692307696 0.06490384615384616
0 0.2644230769230769 0.3701923076923077 0.06009615384615385 0.08653846153846154
0 0.28725961538461536 0.09134615384615384 0.028846153846153848 0.07451923076923077
0 0.20432692307692307 0.3701923076923077 0.0625 0.08653846153846154
0 0.7463942307692307 0.3894230769230769 0.15865384615384615 0.21875
0 0.8100961538461539 0.5276442307692307 0.04326923076923077 0.019230769230769232
0 0.7728365384615384 0.5240384615384616 0.040865384615384616 0.01201923076923077
0 0.7451923076923077 0.7848557692307693 0.04567307692307692 0.0625
0 0.6538461538461539 0.6778846153846154 0.04567307692307692 0.06009615384615385
0 0.7536057692307693 0.5480769230769231 0.04326923076923077 0.055288461538461536
0 0.7716346153846154 0.8365384615384616 0.04807692307692308 0.0625
0 0.8052884615384616 0.7391826923076923 0.04326923076923077 0.06009615384615385
0 0.7391826923076923 0.6850961538461539 0.04567307692307692 0.06009615384615385
0 0.6298076923076923 0.6298076923076923 0.04567307692307692 0.06009615384615385
0 0.6322115384615384 0.7259615384615384 0.04326923076923077 0.06009615384615385
0 0.6586538461538461 0.8846153846153846 0.05048076923076923 0.06490384615384616
0 0.7632211538461539 0.7367788461538461 0.04567307692307692 0.06009615384615385
0 0.7247596153846154 0.8341346153846154 0.04807692307692308 0.06490384615384616
0 0.6730769230769231 0.6322115384615384 0.04326923076923077 0.057692307692307696
0 0.8161057692307693 0.8365384615384616 0.04807692307692308 0.06009615384615385
0 0.6971153846153846 0.6814903846153846 0.04326923076923077 0.06009615384615385
0 0.8485576923076923 0.5300480769230769 0.040865384615384616 0.02403846153846154
0 0.7884615384615384 0.7872596153846154 0.04326923076923077 0.06009615384615385
0 0.7524038461538461 0.8882211538461539 0.05048076923076923 0.0673076923076923
0 0.7115384615384616 0.5444711538461539 0.04326923076923077 0.055288461538461536
0 0.6334134615384616 0.8293269230769231 0.04807692307692308 0.06490384615384616
0 0.6935096153846154 0.5877403846153846 0.04326923076923077 0.055288461538461536
0 0.78125 0.6899038461538461 0.04567307692307692 0.057692307692307696
0 0.609375 0.6754807692307693 0.04326923076923077 0.06009615384615385
0 0.8052884615384616 0.9795673076923077 0.04807692307692308 0.040865384615384616
0 0.6694711538461539 0.5420673076923077 0.04326923076923077 0.05048076923076923
0 0.8461538461538461 0.8870192307692307 0.04567307692307692 0.06490384615384616
0 0.8004807692307693 0.8870192307692307 0.04807692307692308 0.06490384615384616
0 0.8329326923076923 0.7884615384615384 0.04807692307692308 0.06009615384615385
0 0.47596153846153844 0.5721153846153846 0.04807692307692308 0.06009615384615385
0 0.8725961538461539 0.9411057692307693 0.04807692307692308 0.06490384615384616
0 0.4543269230769231 0.5336538461538461 0.04807692307692308 0.03365384615384615
0 0.7199519230769231 0.7331730769230769 0.04326923076923077 0.06009615384615385
0 0.3629807692307692 0.9759615384615384 0.052884615384615384 0.04807692307692308
0 0.8221153846153846 0.6935096153846154 0.04326923076923077 0.057692307692307696
0 0.7007211538461539 0.78125 0.04567307692307692 0.0625
0 0.7944711538461539 0.5516826923076923 0.04326923076923077 0.055288461538461536
0 0.7788461538461539 0.9423076923076923 0.05048076923076923 0.0673076923076923
0 0.8978365384615384 0.9795673076923077 0.04567307692307692 0.040865384615384616
0 0.8161057692307693 0.5997596153846154 0.04326923076923077 0.055288461538461536
0 0.5649038461538461 0.6730769230769231 0.04326923076923077 0.06009615384615385
0 0.6129807692307693 0.8810096153846154 0.05048076923076923 0.06490384615384616
0 0.9423076923076923 0.9807692307692307 0.04326923076923077 0.038461538461538464
0 0.9627403846153846 0.7908653846153846 0.038461538461538464 0.06009615384615385
0 0.7560096153846154 0.9807692307692307 0.05048076923076923 0.038461538461538464
0 0.6790865384615384 0.8317307692307693 0.04807692307692308 0.0625
0 0.734375 0.5913461538461539 0.04567307692307692 0.057692307692307696
0 0.8269230769230769 0.9411057692307693 0.04807692307692308 0.06490384615384616
0 0.7079326923076923 0.9807692307692307 0.04567307692307692 0.038461538461538464
0 0.6129807692307693 0.9795673076923077 0.04807692307692308 0.040865384615384616
0 0.6838942307692307 0.9411057692307693 0.05048076923076923 0.0673076923076923
0 0.45072115384615385 0.7163461538461539 0.04807692307692308 0.0625
0 0.7319711538461539 0.9435096153846154 0.05048076923076923 0.0673076923076923
0 0.5877403846153846 0.7235576923076923 0.04326923076923077 0.06009615384615385
0 0.7980769230769231 0.6442307692307693 0.04326923076923077 0.057692307692307696
0 0.9495192307692307 0.8389423076923077 0.04326923076923077 0.0625
0 0.9314903846153846 0.8882211538461539 0.04326923076923077 0.06490384615384616
0 0.4963942307692308 0.71875 0.05048076923076923 0.0625
0 0.4735576923076923 0.6682692307692307 0.04807692307692308 0.0625
0 0.9819711538461539 0.9807692307692307 0.036057692307692304 0.038461538461538464
0 0.8341346153846154 0.5564903846153846 0.038461538461538464 0.055288461538461536
0 0.43149038461538464 0.5673076923076923 0.04807692307692308 0.06009615384615385
0 0.3173076923076923 0.7091346153846154 0.028846153846153848 0.0625
0 0.5865384615384616 0.6262019230769231 0.04326923076923077 0.055288461538461536
0 0.890625 0.8882211538461539 0.04567307692307692 0.06490384615384616
0 0.7572115384615384 0.6394230769230769 0.04326923076923077 0.057692307692307696
0 0.8617788461538461 0.8365384615384616 0.04567307692307692 0.0625
0 0.5649038461538461 0.9783653846153846 0.05048076923076923 0.04326923076923077
0 0.5192307692307693 0.6706730769230769 0.05048076923076923 0.06009615384615385
0 0.4987980769230769 0.5348557692307693 0.04567307692307692 0.03365384615384615
0 0.8521634615384616 0.9795673076923077 0.04567307692307692 0.040865384615384616
0 0.6598557692307693 0.9807692307692307 0.05048076923076923 0.038461538461538464
0 0.5144230769230769 0.9783653846153846 0.05048076923076923 0.04326923076923077
0 0.7764423076923077 0.5961538461538461 0.04567307692307692 0.057692307692307696
0 0.90625 0.8365384615384616 0.04567307692307692 0.0625
0 0.5649038461538461 0.8786057692307693 0.05048076923076923 0.0673076923076923
0 0.5865384615384616 0.5384615384615384 0.04326923076923077 0.04326923076923077
0 0.6274038461538461 0.5408653846153846 0.04326923076923077 0.04807692307692308
0 0.9206730769230769 0.7884615384615384 0.04326923076923077 0.06009615384615385
0 0.6514423076923077 0.5841346153846154 0.04567307692307692 0.055288461538461536
0 0.6081730769230769 0.5805288461538461 0.04326923076923077 0.057692307692307696
0 0.41466346153846156 0.9771634615384616 0.052884615384615384 0.04326923076923077
0 0.4651442307692308 0.9771634615384616 0.05048076923076923 0.04326923076923077
0 0.33413461538461536 0.6610576923076923 0.05048076923076923 0.0625
0 0.4951923076923077 0.8233173076923077 0.05048076923076923 0.06490384615384616
0 0.9735576923076923 0.8894230769230769 0.04567307692307692 0.06009615384615385
0 0.5420673076923077 0.7211538461538461 0.04807692307692308 0.0625
0 0.4074519230769231 0.6141826923076923 0.05048076923076923 0.06009615384615385
0 0.3605769230769231 0.6117788461538461 0.05048076923076923 0.0625
0 0.8485576923076923 0.7403846153846154 0.04807692307692308 0.057692307692307696
0 0.31971153846153844 0.9759615384615384 0.036057692307692304 0.04807692307692308
0 0.6105769230769231 0.7764423076923077 0.04326923076923077 0.0625
0 0.5889423076923077 0.9350961538461539 0.05048076923076923 0.06971153846153846
0 0.5408653846153846 0.9338942307692307 0.05048076923076923 0.0673076923076923
0 0.32211538461538464 0.5264423076923077 0.040865384615384616 0.016826923076923076
0 0.9158653846153846 0.9411057692307693 0.04326923076923077 0.0625
0 0.9579326923076923 0.9423076923076923 0.04567307692307692 0.0625
0 0.3641826923076923 0.5288461538461539 0.05048076923076923 0.02403846153846154
0 0.3088942307692308 0.9278846153846154 0.014423076923076924 0.06971153846153846
0 0.3076923076923077 0.5540865384615384 0.01201923076923077 0.06009615384615385
0 0.453125 0.6177884615384616 0.04807692307692308 0.06009615384615385
0 0.8569711538461539 0.6033653846153846 0.04326923076923077 0.055288461538461536
0 0.4098557692307692 0.53125 0.04807692307692308 0.028846153846153848
0 0.5661057692307693 0.7740384615384616 0.04807692307692308 0.0625
0 0.38221153846153844 0.6622596153846154 0.05048076923076923 0.0625
0 0.34134615384615385 0.9302884615384616 0.055288461538461536 0.06971153846153846
0 0.42788461538461536 0.6646634615384616 0.05048076923076923 0.06009615384615385
0 0.8641826923076923 0.6947115384615384 0.04567307692307692 0.057692307692307696
0 0.6766826923076923 0.7283653846153846 0.04807692307692308 0.0625
0 0.8810096153846154 0.6502403846153846 0.04326923076923077 0.055288461538461536
0 0.4206730769230769 0.8762019230769231 0.052884615384615384 0.0673076923076923
0 0.5432692307692307 0.6237980769230769 0.04326923076923077 0.057692307692307696
0 0.5420673076923077 0.8257211538461539 0.05048076923076923 0.06490384615384616
0 0.328125 0.7644230769230769 0.052884615384615384 0.06490384615384616
0 0.5649038461538461 0.578125 0.04326923076923077 0.057692307692307696
0 0.49278846153846156 0.9338942307692307 0.05048076923076923 0.06971153846153846
0 0.5180288461538461 0.7716346153846154 0.05048076923076923 0.0625
0 0.9519230769230769 0.6959134615384616 0.04326923076923077 0.057692307692307696
0 0.46875 0.8774038461538461 0.05048076923076923 0.0673076923076923
0 0.9158653846153846 0.5649038461538461 0.04326923076923077 0.052884615384615384
0 0.44350961538461536 0.9326923076923077 0.052884615384615384 0.06971153846153846
0 0.40384615384615385 0.7151442307692307 0.05048076923076923 0.0625
0 0.31971153846153844 0.6069711538461539 0.036057692307692304 0.06009615384615385
0 0.47115384615384615 0.7692307692307693 0.05048076923076923 0.06490384615384616
0 0.35697115384615385 0.7127403846153846 0.05048076923076923 0.0625
0 0.3858173076923077 0.5637019230769231 0.05048076923076923 0.06009615384615385
0 0.6358173076923077 0.9387019230769231 0.05048076923076923 0.0673076923076923
0 0.44711538461538464 0.8221153846153846 0.05048076923076923 0.06490384615384616
0 0.39302884615384615 0.9326923076923077 0.052884615384615384 0.06971153846153846
0 0.42427884615384615 0.7680288461538461 0.05048076923076923 0.0625
0 0.3245192307692308 0.8725961538461539 0.04567307692307692 0.0673076923076923
0 0.9242788461538461 0.6514423076923077 0.04326923076923077 0.055288461538461536
0 0.65625 0.7788461538461539 0.04807692307692308 0.0625
0 0.8990384615384616 0.6069711538461539 0.04326923076923077 0.055288461538461536
0 0.9302884615384616 0.5336538461538461 0.040865384615384616 0.03365384615384615
0 0.7055288461538461 0.8858173076923077 0.05048076923076923 0.0673076923076923
0 0.5216346153846154 0.5745192307692307 0.04567307692307692 0.06009615384615385
0 0.9086538461538461 0.6947115384615384 0.04567307692307692 0.057692307692307696
0 0.3713942307692308 0.875 0.052884615384615384 0.0673076923076923
0 0.3485576923076923 0.8197115384615384 0.052884615384615384 0.06490384615384616
0 0.7151442307692307 0.6358173076923077 0.04326923076923077 0.057692307692307696
0 0.8882211538461539 0.5324519230769231 0.040865384615384616 0.028846153846153848
0 0.9411057692307693 0.6081730769230769 0.038461538461538464 0.052884615384615384
0 0.8774038461538461 0.7884615384615384 0.04567307692307692 0.06009615384615385
0 0.8942307692307693 0.7415865384615384 0.04326923076923077 0.06009615384615385
0 0.4987980769230769 0.6213942307692307 0.04567307692307692 0.057692307692307696
0 0.9362980769230769 0.7415865384615384 0.04326923076923077 0.057692307692307696
0 0.5420673076923077 0.5372596153846154 0.04326923076923077 0.038461538461538464
0 0.37740384615384615 0.7668269230769231 0.05048076923076923 0.06490384615384616
0 0.3137019230769231 0.8173076923076923 0.02403846153846154 0.06490384615384616
0 0.39903846153846156 0.8209134615384616 0.05048076923076923 0.06490384615384616
0 0.3389423076923077 0.5588942307692307 0.05048076923076923 0.06009615384615385
0 0.8737980769230769 0.5600961538461539 0.04326923076923077 0.052884615384615384
0 0.5889423076923077 0.8269230769230769 0.04807692307692308 0.06490384615384616
0 0.8389423076923077 0.6490384615384616 0.04567307692307692 0.057692307692307696
0 0.5168269230769231 0.8774038461538461 0.05048076923076923 0.0673076923076923