0 0.4411057692307692 0.2932692307692308 0.040865384615384616 0.016826923076923076
0 0.4026442307692308 0.29447115384615385 0.04326923076923077 0.014423076923076924
0 0.3605769230769231 0.29447115384615385 0.04567307692307692 0.014423076923076924
0 0.4170673076923077 0.006009615384615385 0.04567307692307692 0.01201923076923077
0 0.3713942307692308 0.006009615384615385 0.04807692307692308 0.01201923076923077
0 0.3269230769230769 0.007211538461538462 0.04807692307692308 0.014423076923076924
0 0.28365384615384615 0.007211538461538462 0.04807692307692308 0.014423076923076924
0 0.23677884615384615 0.008413461538461538 0.04807692307692308 0.016826923076923076
0 0.18990384615384615 0.009615384615384616 0.04807692307692308 0.019230769230769232
0 0.14302884615384615 0.009615384615384616 0.04807692307692308 0.019230769230769232
0 0.09735576923076923 0.010817307692307692 0.04807692307692308 0.021634615384615384
0 0.05048076923076923 0.010817307692307692 0.04807692307692308 0.021634615384615384
0 0.013221153846153846 0.010817307692307692 0.026442307692307692 0.021634615384615384
0 0.4375 0.030048076923076924 0.04326923076923077 0.06009615384615385
0 0.39663461538461536 0.03365384615384615 0.04807692307692308 0.06009615384615385
0 0.35336538461538464 0.03485576923076923 0.04807692307692308 0.0625
0 0.3088942307692308 0.036057692307692304 0.04807692307692308 0.0625
0 0.26322115384615385 0.038461538461538464 0.04807692307692308 0.0625
0 0.21754807692307693 0.039663461538461536 0.05048076923076923 0.0625
0 0.171875 0.040865384615384616 0.04807692307692308 0.0625
0 0.12620192307692307 0.042067307692307696 0.04807692307692308 0.06490384615384616
0 0.08052884615384616 0.04326923076923077 0.04567307692307692 0.06490384615384616
0 0.03485576923076923 0.04447115384615385 0.04807692307692308 0.06490384615384616
0 0.4495192307692308 0.078125 0.021634615384615384 0.06009615384615385
0 0.41947115384615385 0.08173076923076923 0.04567307692307692 0.06009615384615385
0 0.3762019230769231 0.0829326923076923 0.04567307692307692 0.0625
0 0.3329326923076923 0.08413461538461539 0.04567307692307692 0.0625
0 0.28966346153846156 0.08653846153846154 0.04567307692307692 0.06009615384615385
0 0.2439903846153846 0.08774038461538461 0.04567307692307692 0.06009615384615385
0 0.19951923076923078 0.09014423076923077 0.04807692307692308 0.0625
0 0.15384615384615385 0.09014423076923077 0.04807692307692308 0.0625
0 0.109375 0.09254807692307693 0.04807692307692308 0.0625
0 0.06370192307692307 0.09495192307692307 0.04807692307692308 0.0625
0 0.020432692307692308 0.09375 0.040865384615384616 0.0625
0 0.43990384615384615 0.12740384615384615 0.04326923076923077 0.06009615384615385
0 0.39903846153846156 0.1310096153846154 0.04567307692307692 0.06009615384615385
0 0.35697115384615385 0.13221153846153846 0.04567307692307692 0.06009615384615385
0 0.3137019230769231 0.13341346153846154 0.04567307692307692 0.06009615384615385
0 0.2692307692307692 0.13581730769230768 0.04807692307692308 0.06009615384615385
0 0.22596153846153846 0.13822115384615385 0.04807692307692308 0.06009615384615385
0 0.18028846153846154 0.13822115384615385 0.04807692307692308 0.0625
0 0.13581730769230768 0.140625 0.04807692307692308 0.0625
0 0.09014423076923077 0.14302884615384615 0.04567307692307692 0.0625
0 0.046875 0.14423076923076922 0.04807692307692308 0.0625
0 0.4495192307692308 0.17427884615384615 0.021634615384615384 0.06009615384615385
0 0.4206730769230769 0.17668269230769232 0.04567307692307692 0.06009615384615385
0 0.3786057692307692 0.1778846153846154 0.04567307692307692 0.06009615384615385
0 0.33653846153846156 0.18028846153846154 0.04567307692307692 0.06009615384615385
0 0.2932692307692308 0.18269230769230768 0.04567307692307692 0.06009615384615385
0 0.2512019230769231 0.18509615384615385 0.04567307692307692 0.06009615384615385
0 0.20673076923076922 0.18629807692307693 0.04807692307692308 0.06009615384615385
0 0.16346153846153846 0.18870192307692307 0.04807692307692308 0.06009615384615385
0 0.11899038461538461 0.18990384615384615 0.04807692307692308 0.06009615384615385
0 0.07451923076923077 0.19230769230769232 0.04807692307692308 0.06009615384615385
0 0.030048076923076924 0.1935096153846154 0.04567307692307692 0.06009615384615385
0 0.43990384615384615 0.22115384615384615 0.04326923076923077 0.057692307692307696
0 0.40024038461538464 0.2247596153846154 0.04567307692307692 0.057692307692307696
0 0.359375 0.22596153846153846 0.04567307692307692 0.06009615384615385
0 0.3173076923076923 0.2283653846153846 0.04567307692307692 0.057692307692307696
0 0.27524038461538464 0.22956730769230768 0.04567307692307692 0.057692307692307696
0 0.23197115384615385 0.23197115384615385 0.04567307692307692 0.057692307692307696
0 0.18870192307692307 0.234375 0.04567307692307692 0.057692307692307696
0 0.14423076923076922 0.23677884615384615 0.04807692307692308 0.057692307692307696
0 0.10216346153846154 0.23918269230769232 0.04807692307692308 0.06009615384615385
0 0.057692307692307696 0.2403846153846154 0.04807692307692308 0.06009615384615385
0 0.45072115384615385 0.265625 0.019230769230769232 0.057692307692307696
0 0.4230769230769231 0.26802884615384615 0.04326923076923077 0.057692307692307696
0 0.38100961538461536 0.2692307692307692 0.04326923076923077 0.057692307692307696
0 0.3389423076923077 0.27163461538461536 0.04567307692307692 0.057692307692307696
0 0.2980769230769231 0.27283653846153844 0.04326923076923077 0.057692307692307696
0 0.2548076923076923 0.27403846153846156 0.04567307692307692 0.052884615384615384
0 0.2127403846153846 0.27524038461538464 0.04567307692307692 0.05048076923076923
0 0.16947115384615385 0.2764423076923077 0.04567307692307692 0.04807692307692308
0 0.12620192307692307 0.2776442307692308 0.04326923076923077 0.04807692307692308
0 0.0829326923076923 0.27884615384615385 0.04567307692307692 0.04567307692307692
0 0.039663461538461536 0.2800480769230769 0.04567307692307692 0.04326923076923077
0 0.23076923076923078 0.6213942307692307 0.17548076923076922 0.12259615384615384
0 0.06009615384615385 0.6346153846153846 0.1201923076923077 0.1466346153846154
0 0.38100961538461536 0.6418269230769231 0.16105769230769232 0.1466346153846154
0 0.0625 0.7524038461538461 0.125 0.10817307692307693
0 0.39783653846153844 0.7632211538461539 0.125 0.10576923076923077
0 0.21634615384615385 0.7728365384615384 0.21153846153846154 0.13701923076923078
0 0.06490384615384616 0.8918269230769231 0.12980769230769232 0.13221153846153846
0 0.38341346153846156 0.9026442307692307 0.15384615384615385 0.12980769230769232
0 0.23918269230769232 0.8762019230769231 0.17067307692307693 0.10336538461538461
0 0.7475961538461539 0.33413461538461536 0.16346153846153846 0.0673076923076923
0 0.5793269230769231 0.34134615384615385 0.16826923076923078 0.08173076923076923
0 0.9362980769230769 0.33774038461538464 0.12740384615384615 0.07451923076923077
0 0.8533653846153846 0.4206730769230769 0.16826923076923078 0.22596153846153846
0 0.5072115384615384 0.4387019230769231 0.09134615384615384 0.21634615384615385
0 0.6862980769230769 0.45072115384615385 0.16346153846153846 0.20432692307692307
0 0.9302884615384616 0.6021634615384616 0.13942307692307693 0.22355769230769232
0 0.5793269230769231 0.6081730769230769 0.15865384615384615 0.20432692307692307
0 0.7836538461538461 0.6262019230769231 0.16346153846153846 0.22355769230769232
0 0.9735576923076923 0.7776442307692307 0.052884615384615384 0.22355769230769232
0 0.671875 0.7824519230769231 0.16346153846153846 0.2091346153846154
0 0.8605769230769231 0.7932692307692307 0.15144230769230768 0.2091346153846154
0 0.5240384615384616 0.7920673076923077 0.12740384615384615 0.21153846153846154
0 0.4951923076923077 0.9242788461538461 0.06971153846153846 0.15144230769230768
0 0.7536057692307693 0.9194711538461539 0.15625 0.16105769230769232
0 0.5973557692307693 0.9242788461538461 0.15865384615384615 0.15144230769230768
0 0.9447115384615384 0.9411057692307693 0.11057692307692307 0.11778846153846154
0 0.5216346153846154 0.9963942307692307 0.11298076923076923 0.007211538461538462