0 0.23291015625 0.7490234375 0.0400390625 0.052083333333333336
0 0.3525390625 0.8486328125 0.0400390625 0.052083333333333336
0 0.39208984375 0.8528645833333334 0.04052734375 0.052083333333333336
0 0.411865234375 0.8128255208333334 0.04248046875 0.053385416666666664
0 0.270263671875 0.7552083333333334 0.0400390625 0.052083333333333336
0 0.37109375 0.8082682291666666 0.04150390625 0.05078125
0 0.39013671875 0.7682291666666666 0.04296875 0.054036458333333336
0 0.431396484375 0.7708333333333334 0.04296875 0.053385416666666664
0 0.431396484375 0.8597005208333334 0.041015625 0.054036458333333336
0 0.4521484375 0.8170572916666666 0.0419921875 0.055338541666666664
0 0.3095703125 0.7607421875 0.0419921875 0.053385416666666664
0 0.29833984375 0.4837239583333333 0.04443359375 0.05859375
0 0.349609375 0.7646484375 0.0419921875 0.052734375
0 0.387451171875 0.5862630208333334 0.0439453125 0.057291666666666664
0 0.289306640625 0.7125651041666666 0.04150390625 0.053385416666666664
0 0.2724609375 0.4332682291666667 0.04541015625 0.059895833333333336
0 0.33154296875 0.8046875 0.04150390625 0.051432291666666664
0 0.239013671875 0.5279947916666666 0.04248046875 0.057291666666666664
0 0.471923828125 0.8642578125 0.0419921875 0.054036458333333336
0 0.3037109375 0.5791015625 0.04248046875 0.056640625
0 0.409423828125 0.6334635416666666 0.0439453125 0.056640625
0 0.29248046875 0.8001302083333334 0.041015625 0.051432291666666664
0 0.40771484375 0.5393880208333334 0.0439453125 0.057291666666666664
0 0.38232421875 0.3863932291666667 0.046875 0.0625
0 0.59765625 0.876953125 0.0439453125 0.052734375
0 0.248046875 0.10774739583333333 0.04833984375 0.06705729166666667
0 0.2802734375 0.5305989583333334 0.04296875 0.057942708333333336
0 0.198974609375 0.8287760416666666 0.0380859375 0.051432291666666664
0 0.3173828125 0.4352213541666667 0.04541015625 0.061197916666666664
0 0.25390625 0.7945963541666666 0.03955078125 0.052083333333333336
0 0.36767578125 0.6305338541666666 0.04345703125 0.0546875
0 0.209716796875 0.2236328125 0.0458984375 0.06510416666666667
0 0.22900390625 0.4329427083333333 0.04541015625 0.057291666666666664
0 0.34521484375 0.5830078125 0.04345703125 0.056640625
0 0.195556640625 0.744140625 0.03857421875 0.052083333333333336
0 0.866943359375 0.10416666666666667 0.0556640625 0.07486979166666667
0 0.760009765625 0.10188802083333333 0.0537109375 0.07356770833333333
0 0.256103515625 0.4811197916666667 0.04296875 0.056640625
0 0.47265625 0.7747395833333334 0.04248046875 0.055338541666666664
0 0.2958984375 0.10514322916666667 0.05078125 0.06770833333333333
0 0.325439453125 0.162109375 0.0498046875 0.06901041666666667
0 0.9140625 0.40625 0.05224609375 0.06640625
0 0.676025390625 0.16341145833333334 0.05419921875 0.07291666666666667
0 0.4921875 0.8235677083333334 0.04248046875 0.054036458333333336
0 0.291259765625 0.3828125 0.046875 0.06315104166666667
0 0.329345703125 0.7177734375 0.0419921875 0.055338541666666664
0 0.7080078125 0.09993489583333333 0.0546875 0.07486979166666667
0 0.72900390625 0.16536458333333334 0.05419921875 0.07291666666666667
0 0.40576171875 0.4401041666666667 0.04541015625 0.061197916666666664
0 0.3486328125 0.673828125 0.04248046875 0.053385416666666664
0 0.275390625 0.1650390625 0.048828125 0.06901041666666667
0 0.2275390625 0.16634114583333334 0.046875 0.06770833333333333
0 0.921875 0.10481770833333333 0.05615234375 0.07486979166666667
0 0.26318359375 0.5755208333333334 0.0419921875 0.055338541666666664
0 0.43017578125 0.5885416666666666 0.0439453125 0.057942708333333336
0 0.304931640625 0.22037760416666666 0.048828125 0.06640625
0 0.347412109375 0.10123697916666667 0.05126953125 0.06901041666666667
0 0.51318359375 0.8678385416666666 0.04248046875 0.051432291666666664
0 0.886962890625 0.16829427083333334 0.0546875 0.07486979166666667
0 0.833984375 0.16764322916666666 0.0537109375 0.07421875
0 0.256103515625 0.22265625 0.04736328125 0.06705729166666667
0 0.375244140625 0.16015625 0.0498046875 0.06966145833333333
0 0.23681640625 0.2783203125 0.04736328125 0.06510416666666667
0 0.3701171875 0.7213541666666666 0.0419921875 0.055989583333333336
0 0.39794921875 0.09830729166666667 0.05126953125 0.07291666666666667
0 0.49755859375 0.09895833333333333 0.0517578125 0.07486979166666667
0 0.523681640625 0.035807291666666664 0.05224609375 0.07161458333333333
0 0.113037109375 0.11100260416666667 0.04443359375 0.06705729166666667
0 0.199462890625 0.3831380208333333 0.044921875 0.061848958333333336
0 0.78173828125 0.16634114583333334 0.05322265625 0.07421875
0 0.243896484375 0.3831380208333333 0.0458984375 0.061848958333333336
0 0.8134765625 0.10319010416666667 0.05517578125 0.07161458333333333
0 0.400634765625 0.2197265625 0.0478515625 0.06901041666666667
0 0.94091796875 0.17057291666666666 0.05517578125 0.076171875
0 0.213134765625 0.4801432291666667 0.0439453125 0.057942708333333336
0 0.55859375 0.6901041666666666 0.044921875 0.057942708333333336
0 0.802978515625 0.22884114583333334 0.052734375 0.072265625
0 0.16455078125 0.224609375 0.04541015625 0.06575520833333333
0 0.17431640625 0.33203125 0.0439453125 0.0625
0 0.640625 0.8818359375 0.04443359375 0.054036458333333336
0 0.521728515625 0.16145833333333334 0.05126953125 0.07356770833333333
0 0.201171875 0.10970052083333333 0.046875 0.06770833333333333
0 0.579345703125 0.7395833333333334 0.044921875 0.055989583333333336
0 0.274169921875 0.8395182291666666 0.03955078125 0.052734375
0 0.47265625 0.16145833333333334 0.04931640625 0.072265625
0 0.322021484375 0.5338541666666666 0.04345703125 0.057942708333333336
0 0.66845703125 0.2841796875 0.05224609375 0.06901041666666667
0 0.22314453125 0.5725911458333334 0.04150390625 0.0546875
0 0.341552734375 0.486328125 0.04443359375 0.059244791666666664
0 0.84326171875 0.34765625 0.05224609375 0.06770833333333333
0 0.8125 0.4026692708333333 0.0517578125 0.06510416666666667
0 0.25048828125 0.7086588541666666 0.04052734375 0.053385416666666664
0 0.697998046875 0.22526041666666666 0.052734375 0.07096354166666667
0 0.26513671875 0.330078125 0.0478515625 0.06380208333333333
0 0.4970703125 0.22233072916666666 0.0498046875 0.06966145833333333
0 0.86328125 0.404296875 0.052734375 0.06510416666666667
0 0.1484375 0.279296875 0.04296875 0.06315104166666667
0 0.22900390625 0.662109375 0.04150390625 0.054036458333333336
0 0.47314453125 0.5914713541666666 0.04443359375 0.057291666666666664
0 0.75146484375 0.5055338541666666 0.05078125 0.061197916666666664
0 0.447509765625 0.09895833333333333 0.05029296875 0.07356770833333333
0 0.600341796875 0.09928385416666667 0.05322265625 0.07356770833333333
0 0.42724609375 0.3893229166666667 0.04638671875 0.0625
0 0.18310546875 0.16796875 0.04443359375 0.06770833333333333
0 0.106201171875 0.2789713541666667 0.04345703125 0.0625
0 0.15673828125 0.1103515625 0.04541015625 0.06770833333333333
0 0.09716796875 0.16927083333333334 0.04345703125 0.06640625
0 0.086669921875 0.4775390625 0.0400390625 0.056640625
0 0.572509765625 0.162109375 0.05224609375 0.07421875
0 0.353515625 0.21907552083333334 0.04833984375 0.068359375
0 0.6240234375 0.162109375 0.052734375 0.072265625
0 0.28466796875 0.2763671875 0.04833984375 0.06510416666666667
0 0.361572265625 0.4375 0.0458984375 0.060546875
0 0.308349609375 0.6705729166666666 0.04150390625 0.0546875
0 0.5458984375 0.22233072916666666 0.05078125 0.072265625
0 0.21875 0.3313802083333333 0.04541015625 0.0625
0 0.332275390625 0.2757161458333333 0.04736328125 0.06640625
0 0.42529296875 0.279296875 0.04833984375 0.06705729166666667
0 0.357421875 0.3317057291666667 0.046875 0.06510416666666667
0 0.58447265625 0.548828125 0.0458984375 0.059895833333333336
0 0.311767578125 0.3297526041666667 0.04638671875 0.064453125
0 0.42236328125 0.0361328125 0.05322265625 0.072265625
0 0.548095703125 0.0986328125 0.05224609375 0.07486979166666667
0 0.448486328125 0.2216796875 0.048828125 0.06966145833333333
0 0.450927734375 0.5419921875 0.044921875 0.057942708333333336
0 0.23681640625 0.8336588541666666 0.0380859375 0.051432291666666664
0 0.24609375 0.619140625 0.04052734375 0.0546875
0 0.10009765625 0.4306640625 0.0419921875 0.05859375
0 0.116455078125 0.3818359375 0.041015625 0.061848958333333336
0 0.646484375 0.22395833333333334 0.0517578125 0.07096354166666667
0 0.53955078125 0.5465494791666666 0.04638671875 0.05859375
0 0.595458984375 0.22233072916666666 0.0517578125 0.07161458333333333
0 0.560791015625 0.595703125 0.04541015625 0.05859375
0 0.061767578125 0.2783203125 0.044921875 0.0625
0 0.423828125 0.16048177083333334 0.04931640625 0.07161458333333333
0 0.2119140625 0.7037760416666666 0.03955078125 0.052083333333333336
0 0.079345703125 0.22428385416666666 0.041015625 0.06510416666666667
0 0.60205078125 0.6946614583333334 0.04541015625 0.057291666666666664
0 0.723388671875 0.5550130208333334 0.05029296875 0.060546875
0 0.45166015625 0.63671875 0.04345703125 0.055338541666666664
0 0.15673828125 0.3828125 0.04248046875 0.061848958333333336
0 0.3125 0.8466796875 0.04052734375 0.052083333333333336
0 0.801513671875 0.5087890625 0.0517578125 0.061848958333333336
0 0.28564453125 0.6236979166666666 0.04248046875 0.0546875
0 0.1845703125 0.4326171875 0.04443359375 0.05859375
0 0.7529296875 0.8473307291666666 0.04541015625 0.0546875
0 0.47265625 0.2809244791666667 0.04833984375 0.06770833333333333
0 0.771728515625 0.2877604166666667 0.0537109375 0.068359375
0 0.5166015625 0.59375 0.04638671875 0.057942708333333336
0 0.5361328125 0.7353515625 0.04443359375 0.055338541666666664
0 0.191650390625 0.2786458333333333 0.04443359375 0.064453125
0 0.37890625 0.2770182291666667 0.046875 0.06705729166666667
0 0.47265625 0.0361328125 0.0517578125 0.072265625
0 0.5205078125 0.2815755208333333 0.04931640625 0.06770833333333333
0 0.750732421875 0.22786458333333334 0.05322265625 0.07161458333333333
0 0.268310546875 0.6663411458333334 0.04150390625 0.054036458333333336
0 0.141357421875 0.4322916666666667 0.04296875 0.059244791666666664
0 0.119873046875 0.224609375 0.0439453125 0.06510416666666667
0 0.47314453125 0.3912760416666667 0.046875 0.06315104166666667
0 0.4521484375 0.7278645833333334 0.04296875 0.055338541666666664
0 0.410888671875 0.7252604166666666 0.0419921875 0.055338541666666664
0 0.12744140625 0.4791666666666667 0.04248046875 0.057291666666666664
0 0.139892578125 0.1689453125 0.0439453125 0.06705729166666667
0 0.3896484375 0.6774088541666666 0.0419921875 0.0546875
0 0.43115234375 0.6809895833333334 0.04296875 0.055338541666666664
0 0.617919921875 0.2819010416666667 0.05126953125 0.068359375
0 0.84130859375 0.6139322916666666 0.05078125 0.059895833333333336
0 0.784423828125 0.7083333333333334 0.048828125 0.057291666666666664
0 0.56884765625 0.2815755208333333 0.04931640625 0.068359375
0 0.823486328125 0.2890625 0.052734375 0.0703125
0 0.69677734375 0.6038411458333334 0.04736328125 0.059895833333333336
0 0.541259765625 0.4459635416666667 0.046875 0.061197916666666664
0 0.06982421875 0.11165364583333333 0.04541015625 0.06705729166666667
0 0.075927734375 0.3811848958333333 0.04296875 0.060546875
0 0.2158203125 0.7890625 0.0390625 0.052083333333333336
0 0.4951171875 0.5442708333333334 0.04541015625 0.05859375
0 0.6259765625 0.6490885416666666 0.04638671875 0.057291666666666664
0 0.67138671875 0.6520182291666666 0.0478515625 0.05859375
0 0.19677734375 0.5263671875 0.0439453125 0.055338541666666664
0 0.719482421875 0.28515625 0.052734375 0.068359375
0 0.4287109375 0.4918619791666667 0.044921875 0.060546875
0 0.653076171875 0.099609375 0.0546875 0.07486979166666667
0 0.449462890625 0.3362630208333333 0.04736328125 0.06575520833333333
0 0.49609375 0.3375651041666667 0.0478515625 0.064453125
0 0.713134765625 0.7535807291666666 0.0478515625 0.055989583333333336
0 0.132568359375 0.3313802083333333 0.04296875 0.061848958333333336
0 0.0908203125 0.3304036458333333 0.0419921875 0.060546875
0 0.792236328125 0.6103515625 0.0498046875 0.060546875
0 0.760986328125 0.3994140625 0.052734375 0.064453125
0 0.906494140625 0.23177083333333334 0.05322265625 0.07161458333333333
0 0.882568359375 0.4606119791666667 0.05126953125 0.064453125
0 0.66748046875 0.7477213541666666 0.046875 0.056640625
0 0.926513671875 0.2919921875 0.0537109375 0.068359375
0 0.821044921875 0.5611979166666666 0.05126953125 0.060546875
0 0.740234375 0.3427734375 0.052734375 0.06770833333333333
0 0.811767578125 0.6614583333333334 0.048828125 0.057942708333333336
0 0.73779296875 0.7054036458333334 0.046875 0.05859375
0 0.58154296875 0.6448567708333334 0.04541015625 0.057942708333333336
0 0.89453125 0.3492838541666667 0.052734375 0.06770833333333333
0 0.18994140625 0.658203125 0.041015625 0.052734375
0 0.622802734375 0.7438151041666666 0.04541015625 0.056640625
0 0.472900390625 0.494140625 0.0458984375 0.059895833333333336
0 0.6435546875 0.7919921875 0.044921875 0.055338541666666664
0 0.650634765625 0.6022135416666666 0.04736328125 0.059895833333333336
0 0.743896484375 0.6067708333333334 0.048828125 0.060546875
0 0.689697265625 0.3414713541666667 0.0517578125 0.06640625
0 0.605224609375 0.5992838541666666 0.04638671875 0.057942708333333336
0 0.18212890625 0.5709635416666666 0.04296875 0.054036458333333336
0 0.83251953125 0.4586588541666667 0.05224609375 0.06380208333333333
0 0.36474609375 0.537109375 0.0439453125 0.05859375
0 0.854736328125 0.23014322916666666 0.05322265625 0.07161458333333333
0 0.165771484375 0.6139322916666666 0.0419921875 0.053385416666666664
0 0.613037109375 0.39453125 0.048828125 0.064453125
0 0.7646484375 0.6588541666666666 0.048828125 0.057942708333333336
0 0.05126953125 0.16829427083333334 0.046875 0.06640625
0 0.494384765625 0.6396484375 0.044921875 0.056640625
0 0.49560546875 0.4440104166666667 0.046875 0.061848958333333336
0 0.702880859375 0.5022786458333334 0.0498046875 0.061197916666666664
0 0.772705078125 0.8935546875 0.044921875 0.054036458333333336
0 0.47314453125 0.6839192708333334 0.04345703125 0.055989583333333336
0 0.54345703125 0.3382161458333333 0.04833984375 0.06640625
0 0.517822265625 0.4964192708333333 0.04638671875 0.059244791666666664
0 0.097900390625 0.5696614583333334 0.041015625 0.054036458333333336
0 0.73291015625 0.8004557291666666 0.046875 0.0546875
0 0.554931640625 0.8720703125 0.04345703125 0.052083333333333336
0 0.599609375 0.7877604166666666 0.044921875 0.056640625
0 0.566162109375 0.3935546875 0.0478515625 0.064453125
0 0.514404296875 0.7802734375 0.0439453125 0.056640625
0 0.792236328125 0.3453776041666667 0.052734375 0.06640625
0 0.1328125 0.6966145833333334 0.0400390625 0.050130208333333336
0 0.591064453125 0.3385416666666667 0.04931640625 0.06640625
0 0.6298828125 0.5504557291666666 0.046875 0.060546875
0 0.874755859375 0.2903645833333333 0.05322265625 0.06901041666666667
0 0.6201171875 0.8362630208333334 0.044921875 0.054036458333333336
0 0.71728515625 0.6546223958333334 0.0478515625 0.05859375
0 0.563232421875 0.498046875 0.04638671875 0.061197916666666664
0 0.676025390625 0.5524088541666666 0.04833984375 0.060546875
0 0.7978515625 0.8502604166666666 0.0458984375 0.056640625
0 0.646728515625 0.6982421875 0.04638671875 0.057291666666666664
0 0.4033203125 0.3336588541666667 0.04638671875 0.06510416666666667
0 0.58740234375 0.4469401041666667 0.0478515625 0.061848958333333336
0 0.639892578125 0.3395182291666667 0.05029296875 0.06770833333333333
0 0.178955078125 0.7835286458333334 0.0390625 0.052083333333333336
0 0.78125 0.4541015625 0.0517578125 0.06315104166666667
0 0.60888671875 0.4990234375 0.0478515625 0.060546875
0 0.710693359375 0.3974609375 0.05126953125 0.064453125
0 0.6845703125 0.8863932291666666 0.044921875 0.053385416666666664
0 0.123779296875 0.61328125 0.041015625 0.053385416666666664
0 0.77197265625 0.5582682291666666 0.05029296875 0.059895833333333336
0 0.576171875 0.0361328125 0.0537109375 0.072265625
0 0.385009765625 0.4892578125 0.044921875 0.059895833333333336
0 0.1494140625 0.6559244791666666 0.04150390625 0.052083333333333336
0 0.116943359375 0.7356770833333334 0.0390625 0.048828125
0 0.85205078125 0.5126953125 0.0517578125 0.06315104166666667
0 0.33642578125 0.3841145833333333 0.04638671875 0.06380208333333333
0 0.6640625 0.83984375 0.0458984375 0.055338541666666664
0 0.823974609375 0.8053385416666666 0.04736328125 0.055989583333333336
0 0.515869140625 0.6871744791666666 0.04443359375 0.055989583333333336
0 0.139404296875 0.5706380208333334 0.04345703125 0.054036458333333336
0 0.860595703125 0.6647135416666666 0.0498046875 0.059244791666666664
0 0.6611328125 0.3955078125 0.0498046875 0.064453125
0 0.682373046875 0.4495442708333333 0.04931640625 0.0625
0 0.75830078125 0.7545572916666666 0.0458984375 0.057291666666666664
0 0.326416015625 0.6272786458333334 0.04248046875 0.055338541666666664
0 0.778076171875 0.8030598958333334 0.04736328125 0.055989583333333336
0 0.556640625 0.7835286458333334 0.044921875 0.055989583333333336
0 0.708251953125 0.8440755208333334 0.04638671875 0.055338541666666664
0 0.125732421875 0.8151041666666666 0.037109375 0.050130208333333336
0 0.1572265625 0.7392578125 0.0400390625 0.050130208333333336
0 0.10791015625 0.6552734375 0.03955078125 0.052083333333333336
0 0.90283203125 0.5152994791666666 0.0517578125 0.06315104166666667
0 0.16943359375 0.4801432291666667 0.0439453125 0.056640625
0 0.1611328125 0.8209635416666666 0.03759765625 0.050130208333333336
0 0.88037109375 0.7141927083333334 0.048828125 0.057942708333333336
0 0.871337890625 0.5654296875 0.05078125 0.061848958333333336
0 0.153076171875 0.5257161458333334 0.04345703125 0.055989583333333336
0 0.537841796875 0.6416015625 0.04443359375 0.056640625
0 0.80419921875 0.7574869791666666 0.0478515625 0.05859375
0 0.111328125 0.5250651041666666 0.04150390625 0.055338541666666664
0 0.14111328125 0.77734375 0.0380859375 0.050130208333333336
0 0.890869140625 0.6175130208333334 0.0498046875 0.059895833333333336
0 0.851318359375 0.7604166666666666 0.04833984375 0.057942708333333336
0 0.68798828125 0.7958984375 0.04638671875 0.055989583333333336
0 0.494140625 0.7311197916666666 0.04296875 0.055338541666666664
0 0.728759765625 0.890625 0.044921875 0.053385416666666664
0 0.817626953125 0.8977864583333334 0.04541015625 0.0546875
0 0.655029296875 0.5003255208333334 0.04833984375 0.061197916666666664
0 0.534423828125 0.8271484375 0.04345703125 0.053385416666666664
0 0.7314453125 0.4521484375 0.05078125 0.0625
0 0.634033203125 0.4479166666666667 0.04833984375 0.061848958333333336
0 0.69189453125 0.7018229166666666 0.046875 0.05859375
0 0.8427734375 0.8522135416666666 0.04638671875 0.057291666666666664
0 0.173583984375 0.7001953125 0.04052734375 0.05078125
0 0.831787109375 0.7119140625 0.04931640625 0.057942708333333336
0 0.57666015625 0.8310546875 0.0439453125 0.053385416666666664
0 0.861572265625 0.8981119791666666 0.044921875 0.053385416666666664
0 0.449951171875 0.4420572916666667 0.0458984375 0.061848958333333336
0 0.206787109375 0.6158854166666666 0.04150390625 0.054036458333333336
0 0.518798828125 0.392578125 0.046875 0.06380208333333333
0 0.87060546875 0.8079427083333334 0.04638671875 0.0546875