0 0.3137019230769231 0.002403846153846154 0.052884615384615384 0.004807692307692308
0 0.2608173076923077 0.002403846153846154 0.052884615384615384 0.004807692307692308
0 0.36538461538461536 0.002403846153846154 0.055288461538461536 0.004807692307692308
0 0.4170673076923077 0.003605769230769231 0.055288461538461536 0.007211538461538462
0 0.47115384615384615 0.004807692307692308 0.052884615384615384 0.009615384615384616
0 0.020432692307692308 0.003605769230769231 0.040865384615384616 0.007211538461538462
0 0.5252403846153846 0.004807692307692308 0.055288461538461536 0.009615384615384616
0 0.06370192307692307 0.004807692307692308 0.04807692307692308 0.009615384615384616
0 0.21033653846153846 0.004807692307692308 0.05048076923076923 0.009615384615384616
0 0.11177884615384616 0.004807692307692308 0.04807692307692308 0.009615384615384616
0 0.1622596153846154 0.004807692307692308 0.05048076923076923 0.009615384615384616
0 0.33653846153846156 0.03245192307692308 0.052884615384615384 0.06490384615384616
0 0.008413461538461538 0.03245192307692308 0.016826923076923076 0.06490384615384616
0 0.2860576923076923 0.03245192307692308 0.052884615384615384 0.06490384615384616
0 0.38822115384615385 0.03245192307692308 0.052884615384615384 0.06490384615384616
0 0.040865384615384616 0.03245192307692308 0.04807692307692308 0.06490384615384616
0 0.4423076923076923 0.03485576923076923 0.055288461538461536 0.06971153846153846
0 0.0889423076923077 0.03365384615384615 0.04807692307692308 0.0673076923076923
0 0.13581730769230768 0.03365384615384615 0.05048076923076923 0.0673076923076923
0 0.23317307692307693 0.03365384615384615 0.052884615384615384 0.0673076923076923
0 0.18509615384615385 0.03485576923076923 0.05048076923076923 0.0673076923076923
0 0.4951923076923077 0.03485576923076923 0.055288461538461536 0.06971153846153846
0 0.5384615384615384 0.036057692307692304 0.03365384615384615 0.07211538461538461
0 0.021634615384615384 0.08653846153846154 0.04326923076923077 0.0673076923076923
0 0.06490384615384616 0.0889423076923077 0.04807692307692308 0.06490384615384616
0 0.11177884615384616 0.09014423076923077 0.05048076923076923 0.0673076923076923
0 0.3088942307692308 0.09014423076923077 0.052884615384615384 0.06971153846153846
0 0.3605769230769231 0.09014423076923077 0.052884615384615384 0.0673076923076923
0 0.15985576923076922 0.09134615384615384 0.04807692307692308 0.0673076923076923
0 0.41225961538461536 0.09134615384615384 0.052884615384615384 0.06971153846153846
0 0.2091346153846154 0.09134615384615384 0.05048076923076923 0.0673076923076923
0 0.25721153846153844 0.09254807692307693 0.052884615384615384 0.0673076923076923
0 0.4651442307692308 0.09375 0.055288461538461536 0.06971153846153846
0 0.5180288461538461 0.09495192307692307 0.052884615384615384 0.07211538461538461
0 0.5480769230769231 0.09495192307692307 0.014423076923076924 0.06971153846153846
0 0.008413461538461538 0.13822115384615385 0.016826923076923076 0.06490384615384616
0 0.042067307692307696 0.14302884615384615 0.04807692307692308 0.06490384615384616
0 0.0889423076923077 0.14423076923076922 0.04807692307692308 0.06490384615384616
0 0.1346153846153846 0.1466346153846154 0.05048076923076923 0.0673076923076923
0 0.18269230769230768 0.14783653846153846 0.05048076923076923 0.0673076923076923
0 0.3317307692307692 0.14783653846153846 0.052884615384615384 0.06971153846153846
0 0.38221153846153844 0.14903846153846154 0.052884615384615384 0.06971153846153846
0 0.23076923076923078 0.14903846153846154 0.05048076923076923 0.0673076923076923
0 0.28125 0.14903846153846154 0.052884615384615384 0.06971153846153846
0 0.43509615384615385 0.1502403846153846 0.052884615384615384 0.06971153846153846
0 0.4879807692307692 0.15264423076923078 0.052884615384615384 0.0673076923076923
0 0.5336538461538461 0.15504807692307693 0.04326923076923077 0.06971153846153846
0 0.021634615384615384 0.19230769230769232 0.04326923076923077 0.06490384615384616
0 0.06490384615384616 0.19591346153846154 0.04807692307692308 0.06490384615384616
0 0.11177884615384616 0.19831730769230768 0.04807692307692308 0.06490384615384616
0 0.15745192307692307 0.20072115384615385 0.05048076923076923 0.0673076923076923
0 0.20673076923076922 0.20192307692307693 0.05048076923076923 0.0673076923076923
0 0.2536057692307692 0.20552884615384615 0.05048076923076923 0.0673076923076923
0 0.3545673076923077 0.20552884615384615 0.052884615384615384 0.06971153846153846
0 0.4050480769230769 0.20673076923076922 0.052884615384615384 0.0673076923076923
0 0.30408653846153844 0.20673076923076922 0.05048076923076923 0.0673076923076923
0 0.4579326923076923 0.2091346153846154 0.052884615384615384 0.0673076923076923
0 0.5084134615384616 0.21153846153846154 0.052884615384615384 0.0673076923076923
0 0.5444711538461539 0.2127403846153846 0.021634615384615384 0.06971153846153846
0 0.008413461538461538 0.2439903846153846 0.016826923076923076 0.06490384615384616
0 0.042067307692307696 0.24879807692307693 0.04807692307692308 0.0625
0 0.08774038461538461 0.2512019230769231 0.04807692307692308 0.06490384615384616
0 0.13341346153846154 0.2536057692307692 0.04807692307692308 0.06490384615384616
0 0.1814903846153846 0.25600961538461536 0.05048076923076923 0.06490384615384616
0 0.2283653846153846 0.25841346153846156 0.05048076923076923 0.0673076923076923
0 0.2776442307692308 0.2608173076923077 0.05048076923076923 0.0673076923076923
0 0.37740384615384615 0.2620192307692308 0.052884615384615384 0.06971153846153846
0 0.42908653846153844 0.26322115384615385 0.05048076923076923 0.0673076923076923
0 0.3269230769230769 0.26322115384615385 0.052884615384615384 0.0673076923076923
0 0.47836538461538464 0.2644230769230769 0.052884615384615384 0.0673076923076923
0 0.5288461538461539 0.2692307692307692 0.052884615384615384 0.0673076923076923
0 0.021634615384615384 0.29927884615384615 0.04326923076923077 0.0625
0 0.06490384615384616 0.3016826923076923 0.04807692307692308 0.0625
0 0.11057692307692307 0.30408653846153844 0.04807692307692308 0.0625
0 0.15625 0.3076923076923077 0.04807692307692308 0.0625
0 0.20432692307692307 0.31009615384615385 0.05048076923076923 0.06490384615384616
0 0.2512019230769231 0.3137019230769231 0.05048076923076923 0.06490384615384616
0 0.3004807692307692 0.31490384615384615 0.05048076923076923 0.06490384615384616
0 0.3485576923076923 0.3161057692307692 0.052884615384615384 0.0625
0 0.40024038461538464 0.3161057692307692 0.05048076923076923 0.0625
0 0.4495192307692308 0.3161057692307692 0.05048076923076923 0.0625
0 0.5 0.3173076923076923 0.05048076923076923 0.06009615384615385
0 0.5396634615384616 0.31971153846153844 0.028846153846153848 0.055288461538461536
0 0.009615384615384616 0.3317307692307692 0.019230769230769232 0.028846153846153848
0 0.042067307692307696 0.3329326923076923 0.04567307692307692 0.028846153846153848
0 0.08653846153846154 0.33413461538461536 0.04807692307692308 0.026442307692307692
0 0.1310096153846154 0.33533653846153844 0.04807692307692308 0.02403846153846154
0 0.17908653846153846 0.33774038461538464 0.04807692307692308 0.021634615384615384
0 0.2247596153846154 0.3401442307692308 0.05048076923076923 0.014423076923076924
0 0.9639423076923077 0.1502403846153846 0.07211538461538461 0.3004807692307692
0 0.6766826923076923 0.2764423076923077 0.24278846153846154 0.14182692307692307
0 0.8918269230769231 0.28725961538461536 0.21634615384615385 0.11778846153846154
0 0.7932692307692307 0.14423076923076922 0.28846153846153844 0.2860576923076923
0 0.11778846153846154 0.6538461538461539 0.1466346153846154 0.20432692307692307
0 0.4326923076923077 0.6670673076923077 0.14423076923076922 0.2091346153846154
0 0.019230769230769232 0.6790865384615384 0.038461538461538464 0.24278846153846154
0 0.5336538461538461 0.6923076923076923 0.04326923076923077 0.22596153846153846
0 0.27163461538461536 0.7019230769230769 0.17548076923076922 0.24278846153846154
0 0.02403846153846154 0.875 0.04807692307692308 0.18028846153846154
0 0.5384615384615384 0.8774038461538461 0.03365384615384615 0.17548076923076922
0 0.2848557692307692 0.8918269230769231 0.13942307692307693 0.17307692307692307
0 0.12620192307692307 0.8966346153846154 0.17067307692307693 0.20673076923076922
0 0.43149038461538464 0.9122596153846154 0.17307692307692307 0.17548076923076922
0 0.0829326923076923 0.96875 0.1346153846153846 0.0625
0 0.3701923076923077 0.9747596153846154 0.1346153846153846 0.05048076923076923
0 0.9855769230769231 0.9314903846153846 0.028846153846153848 0.13701923076923078
0 0.8689903846153846 0.9471153846153846 0.14903846153846154 0.10576923076923077
0 0.7019230769230769 0.9723557692307693 0.16346153846153846 0.055288461538461536