0 0.4855769230769231 0.3737980769230769 0.03365384615384615 0.05048076923076923
0 0.4519230769230769 0.3713942307692308 0.03365384615384615 0.05048076923076923
0 0.41947115384615385 0.3701923076923077 0.03365384615384615 0.05048076923076923
0 0.3858173076923077 0.36899038461538464 0.03365384615384615 0.05048076923076923
0 0.35216346153846156 0.36658653846153844 0.03365384615384615 0.05048076923076923
0 0.31971153846153844 0.36538461538461536 0.03365384615384615 0.05048076923076923
0 0.2860576923076923 0.3641826923076923 0.03365384615384615 0.05048076923076923
0 0.2536057692307692 0.36177884615384615 0.03365384615384615 0.05048076923076923
0 0.21995192307692307 0.3605769230769231 0.03365384615384615 0.05048076923076923
0 0.18629807692307693 0.359375 0.03365384615384615 0.05048076923076923
0 0.15384615384615385 0.3581730769230769 0.03365384615384615 0.052884615384615384
0 0.11899038461538461 0.35697115384615385 0.036057692307692304 0.05048076923076923
0 0.08653846153846154 0.3557692307692308 0.03365384615384615 0.05048076923076923
0 0.052884615384615384 0.3545673076923077 0.03365384615384615 0.05048076923076923
0 0.018028846153846152 0.35336538461538464 0.036057692307692304 0.05048076923076923
0 0.5012019230769231 0.33533653846153844 0.03365384615384615 0.04807692307692308
0 0.46875 0.33413461538461536 0.03365384615384615 0.05048076923076923
0 0.43509615384615385 0.3329326923076923 0.036057692307692304 0.05048076923076923
0 0.4026442307692308 0.33052884615384615 0.03365384615384615 0.05048076923076923
0 0.36778846153846156 0.3293269230769231 0.036057692307692304 0.05048076923076923
0 0.33533653846153844 0.3269230769230769 0.03365384615384615 0.04807692307692308
0 0.30288461538461536 0.32572115384615385 0.03365384615384615 0.05048076923076923
0 0.2692307692307692 0.3245192307692308 0.03365384615384615 0.05048076923076923
0 0.23677884615384615 0.3233173076923077 0.03365384615384615 0.04807692307692308
0 0.203125 0.32211538461538464 0.03365384615384615 0.04567307692307692
0 0.17067307692307693 0.32091346153846156 0.03365384615384615 0.04567307692307692
0 0.13822115384615385 0.31850961538461536 0.03365384615384615 0.05048076923076923
0 0.1045673076923077 0.3173076923076923 0.03365384615384615 0.05048076923076923
0 0.07211538461538461 0.3161057692307692 0.03365384615384615 0.05048076923076923
0 0.037259615384615384 0.31490384615384615 0.03365384615384615 0.05048076923076923
0 0.010817307692307692 0.3112980769230769 0.021634615384615384 0.04807692307692308
0 0.515625 0.29927884615384615 0.03365384615384615 0.05048076923076923
0 0.4831730769230769 0.296875 0.03365384615384615 0.05048076923076923
0 0.4495192307692308 0.2956730769230769 0.03365384615384615 0.05048076923076923
0 0.4170673076923077 0.29447115384615385 0.03365384615384615 0.04807692307692308
0 0.38461538461538464 0.29086538461538464 0.036057692307692304 0.04567307692307692
0 0.35096153846153844 0.28966346153846156 0.03365384615384615 0.04567307692307692
0 0.31850961538461536 0.28846153846153844 0.03365384615384615 0.04807692307692308
0 0.2848557692307692 0.28725961538461536 0.03365384615384615 0.04807692307692308
0 0.2536057692307692 0.2848557692307692 0.03365384615384615 0.04807692307692308
0 0.22115384615384615 0.28365384615384615 0.03365384615384615 0.04807692307692308
0 0.1875 0.2824519230769231 0.03365384615384615 0.04807692307692308
0 0.15504807692307693 0.2800480769230769 0.03365384615384615 0.05048076923076923
0 0.12259615384615384 0.27884615384615385 0.03365384615384615 0.05048076923076923
0 0.09014423076923077 0.2776442307692308 0.03365384615384615 0.05048076923076923
0 0.056490384615384616 0.2764423076923077 0.036057692307692304 0.04807692307692308
0 0.02283653846153846 0.27403846153846156 0.036057692307692304 0.04807692307692308
0 0.002403846153846154 0.27283653846153844 0.004807692307692308 0.05048076923076923
0 0.5276442307692307 0.25961538461538464 0.03125 0.04807692307692308
0 0.49759615384615385 0.25961538461538464 0.03365384615384615 0.04807692307692308
0 0.4651442307692308 0.25841346153846156 0.03365384615384615 0.04807692307692308
0 0.43149038461538464 0.25600961538461536 0.03365384615384615 0.04807692307692308
0 0.40024038461538464 0.2548076923076923 0.03365384615384615 0.04807692307692308
0 0.36658653846153844 0.2536057692307692 0.03365384615384615 0.04807692307692308
0 0.33413461538461536 0.2512019230769231 0.03125 0.04807692307692308
0 0.30288461538461536 0.25 0.03365384615384615 0.05048076923076923
0 0.2692307692307692 0.24879807692307693 0.03365384615384615 0.05048076923076923
0 0.23677884615384615 0.24759615384615385 0.03365384615384615 0.04807692307692308
0 0.20432692307692307 0.24519230769230768 0.03365384615384615 0.04807692307692308
0 0.171875 0.2439903846153846 0.03365384615384615 0.05048076923076923
0 0.140625 0.24278846153846154 0.03365384615384615 0.04807692307692308
0 0.10697115384615384 0.24158653846153846 0.03365384615384615 0.04567307692307692
0 0.07451923076923077 0.23918269230769232 0.03365384615384615 0.04807692307692308
0 0.040865384615384616 0.23798076923076922 0.036057692307692304 0.04807692307692308
0 0.01201923076923077 0.23557692307692307 0.02403846153846154 0.04807692307692308
0 0.5120192307692307 0.22355769230769232 0.03365384615384615 0.04567307692307692
0 0.4795673076923077 0.22235576923076922 0.03365384615384615 0.04807692307692308
0 0.44711538461538464 0.22115384615384615 0.03365384615384615 0.04807692307692308
0 0.41466346153846156 0.21875 0.036057692307692304 0.04567307692307692
0 0.38341346153846156 0.21754807692307693 0.03365384615384615 0.04807692307692308
0 0.34975961538461536 0.21634615384615385 0.03365384615384615 0.04807692307692308
0 0.31850961538461536 0.21394230769230768 0.03365384615384615 0.04567307692307692
0 0.2848557692307692 0.2127403846153846 0.03365384615384615 0.04807692307692308
0 0.2536057692307692 0.21153846153846154 0.03365384615384615 0.04807692307692308
0 0.22235576923076922 0.21033653846153846 0.03365384615384615 0.04807692307692308
0 0.18870192307692307 0.2091346153846154 0.03365384615384615 0.04807692307692308
0 0.15745192307692307 0.20552884615384615 0.03365384615384615 0.04807692307692308
0 0.12620192307692307 0.20432692307692307 0.03365384615384615 0.04807692307692308
0 0.09254807692307693 0.203125 0.03365384615384615 0.04807692307692308
0 0.06009615384615385 0.20072115384615385 0.03365384615384615 0.04807692307692308
0 0.026442307692307692 0.19951923076923078 0.036057692307692304 0.04807692307692308
0 0.004807692307692308 0.19591346153846154 0.009615384615384616 0.04807692307692308
0 0.5252403846153846 0.18629807692307693 0.03125 0.04567307692307692
0 0.49399038461538464 0.18629807692307693 0.03365384615384615 0.04807692307692308
0 0.46274038461538464 0.18389423076923078 0.03365384615384615 0.04807692307692308
0 0.43028846153846156 0.18269230769230768 0.03365384615384615 0.04807692307692308
0 0.39783653846153844 0.1814903846153846 0.03365384615384615 0.04807692307692308
0 0.36538461538461536 0.17908653846153846 0.03365384615384615 0.04807692307692308
0 0.33413461538461536 0.17908653846153846 0.03125 0.04807692307692308
0 0.3016826923076923 0.17668269230769232 0.03365384615384615 0.04567307692307692
0 0.2704326923076923 0.17548076923076922 0.03365384615384615 0.04807692307692308
0 0.23798076923076922 0.17427884615384615 0.03365384615384615 0.04567307692307692
0 0.20552884615384615 0.171875 0.03365384615384615 0.04807692307692308
0 0.17427884615384615 0.17067307692307693 0.03365384615384615 0.04807692307692308
0 0.14302884615384615 0.16826923076923078 0.03365384615384615 0.04567307692307692
0 0.109375 0.16706730769230768 0.03365384615384615 0.04807692307692308
0 0.078125 0.16466346153846154 0.03365384615384615 0.04807692307692308
0 0.04567307692307692 0.16346153846153846 0.03365384615384615 0.04807692307692308
0 0.014423076923076924 0.1622596153846154 0.028846153846153848 0.04807692307692308
0 0.5084134615384616 0.15144230769230768 0.03365384615384615 0.04567307692307692
0 0.47716346153846156 0.14903846153846154 0.03365384615384615 0.04567307692307692
0 0.44350961538461536 0.14783653846153846 0.03365384615384615 0.04567307692307692
0 0.41225961538461536 0.1466346153846154 0.03365384615384615 0.04567307692307692
0 0.38100961538461536 0.14543269230769232 0.03125 0.04567307692307692
0 0.3485576923076923 0.14423076923076922 0.03125 0.04567307692307692
0 0.3161057692307692 0.140625 0.03365384615384615 0.04567307692307692
0 0.2848557692307692 0.140625 0.03125 0.04807692307692308
0 0.2548076923076923 0.13822115384615385 0.03365384615384615 0.04807692307692308
0 0.22235576923076922 0.13701923076923078 0.03365384615384615 0.04567307692307692
0 0.18990384615384615 0.13581730769230768 0.03365384615384615 0.04567307692307692
0 0.15865384615384615 0.13341346153846154 0.03365384615384615 0.04807692307692308
0 0.12740384615384615 0.13221153846153846 0.03125 0.04807692307692308
0 0.09495192307692307 0.1310096153846154 0.03365384615384615 0.04807692307692308
0 0.0625 0.12740384615384615 0.03365384615384615 0.04567307692307692
0 0.030048076923076924 0.12740384615384615 0.03365384615384615 0.04807692307692308
0 0.007211538461538462 0.12259615384615384 0.014423076923076924 0.04807692307692308
0 0.5216346153846154 0.11538461538461539 0.028846153846153848 0.04807692307692308
0 0.49038461538461536 0.11298076923076923 0.03125 0.04567307692307692
0 0.46033653846153844 0.11298076923076923 0.03365384615384615 0.04567307692307692
0 0.42788461538461536 0.11057692307692307 0.03365384615384615 0.04567307692307692
0 0.39663461538461536 0.10817307692307693 0.03125 0.040865384615384616
0 0.3629807692307692 0.10817307692307693 0.03365384615384615 0.04567307692307692
0 0.3329326923076923 0.10697115384615384 0.03365384615384615 0.04567307692307692
0 0.3016826923076923 0.10576923076923077 0.03365384615384615 0.04326923076923077
0 0.2704326923076923 0.10336538461538461 0.03365384615384615 0.040865384615384616
0 0.23798076923076922 0.10096153846153846 0.03365384615384615 0.04567307692307692
0 0.20673076923076922 0.10096153846153846 0.03125 0.04567307692307692
0 0.17548076923076922 0.0985576923076923 0.03365384615384615 0.04567307692307692
0 0.14423076923076922 0.09735576923076923 0.03365384615384615 0.04567307692307692
0 0.11177884615384616 0.09375 0.03365384615384615 0.04567307692307692
0 0.07932692307692307 0.09254807692307693 0.03125 0.04567307692307692
0 0.04927884615384615 0.09134615384615384 0.03125 0.04807692307692308
0 0.015625 0.0889423076923077 0.03125 0.04807692307692308
0 0.5060096153846154 0.08052884615384616 0.03125 0.04567307692307692
0 0.47596153846153844 0.07932692307692307 0.03365384615384615 0.040865384615384616
0 0.44350961538461536 0.07692307692307693 0.03365384615384615 0.04567307692307692
0 0.3798076923076923 0.07451923076923077 0.03125 0.04567307692307692
0 0.4110576923076923 0.07451923076923077 0.03125 0.04567307692307692
0 0.3473557692307692 0.0733173076923077 0.03125 0.04567307692307692
0 0.3173076923076923 0.07091346153846154 0.03125 0.04567307692307692
0 0.2848557692307692 0.06971153846153846 0.03125 0.04567307692307692
0 0.2536057692307692 0.06850961538461539 0.03365384615384615 0.04567307692307692
0 0.22355769230769232 0.0673076923076923 0.03365384615384615 0.04567307692307692
0 0.19230769230769232 0.06490384615384616 0.03125 0.04567307692307692
0 0.16105769230769232 0.0625 0.03125 0.04567307692307692
0 0.09735576923076923 0.05889423076923077 0.03365384615384615 0.04567307692307692
0 0.12980769230769232 0.05889423076923077 0.03125 0.04567307692307692
0 0.06610576923076923 0.057692307692307696 0.03365384615384615 0.04567307692307692
0 0.03365384615384615 0.052884615384615384 0.03365384615384615 0.04807692307692308
0 0.008413461538461538 0.052884615384615384 0.016826923076923076 0.04807692307692308
0 0.5180288461538461 0.046875 0.03125 0.040865384615384616
0 0.4879807692307692 0.04567307692307692 0.03125 0.04567307692307692
0 0.4567307692307692 0.04567307692307692 0.03365384615384615 0.040865384615384616
0 0.4266826923076923 0.040865384615384616 0.03365384615384615 0.040865384615384616
0 0.3954326923076923 0.039663461538461536 0.03125 0.04567307692307692
0 0.3629807692307692 0.038461538461538464 0.03125 0.04567307692307692
0 0.3317307692307692 0.03485576923076923 0.03365384615384615 0.04567307692307692
0 0.3004807692307692 0.03365384615384615 0.03365384615384615 0.04567307692307692
0 0.26802884615384615 0.03245192307692308 0.03365384615384615 0.04567307692307692
0 0.23918269230769232 0.03245192307692308 0.03365384615384615 0.04567307692307692
0 0.2091346153846154 0.030048076923076924 0.03125 0.04567307692307692
0 0.17668269230769232 0.027644230769230768 0.03125 0.04807692307692308
0 0.14543269230769232 0.026442307692307692 0.03125 0.04807692307692308
0 0.11538461538461539 0.02403846153846154 0.03125 0.04807692307692308
0 0.08413461538461539 0.02283653846153846 0.03365384615384615 0.04567307692307692
0 0.05048076923076923 0.021634615384615384 0.03365384615384615 0.04326923076923077
0 0.019230769230769232 0.019230769230769232 0.03365384615384615 0.038461538461538464
0 0.5012019230769231 0.015625 0.03125 0.03125
0 0.4699519230769231 0.015625 0.03125 0.03125
0 0.4387019230769231 0.014423076923076924 0.028846153846153848 0.028846153846153848
0 0.40865384615384615 0.013221153846153846 0.03125 0.026442307692307692
0 0.37740384615384615 0.01201923076923077 0.03125 0.02403846153846154
0 0.34615384615384615 0.010817307692307692 0.03365384615384615 0.021634615384615384
0 0.31490384615384615 0.010817307692307692 0.03365384615384615 0.021634615384615384
0 0.28365384615384615 0.009615384615384616 0.03125 0.019230769230769232
0 0.28365384615384615 0.009615384615384616 0.03125 0.019230769230769232
0 0.2548076923076923 0.008413461538461538 0.03125 0.016826923076923076
0 0.22355769230769232 0.007211538461538462 0.03125 0.014423076923076924
0 0.1622596153846154 0.008413461538461538 0.03125 0.016826923076923076
0 0.19110576923076922 0.007211538461538462 0.03125 0.014423076923076924
0 0.12860576923076922 0.007211538461538462 0.03125 0.014423076923076924
0 0.0985576923076923 0.004807692307692308 0.03125 0.009615384615384616
0 0.06850961538461539 0.004807692307692308 0.03365384615384615 0.009615384615384616
0 0.5204326923076923 0.4543269230769231 0.036057692307692304 0.05048076923076923
0 0.4879807692307692 0.453125 0.03365384615384615 0.05048076923076923
0 0.4543269230769231 0.4519230769230769 0.036057692307692304 0.05048076923076923
0 0.4206730769230769 0.45072115384615385 0.03365384615384615 0.052884615384615384
0 0.3870192307692308 0.4483173076923077 0.036057692307692304 0.052884615384615384
0 0.35336538461538464 0.44711538461538464 0.03365384615384615 0.052884615384615384
0 0.31971153846153844 0.44591346153846156 0.03365384615384615 0.05048076923076923
0 0.2848557692307692 0.44350961538461536 0.03365384615384615 0.05048076923076923
0 0.25240384615384615 0.4423076923076923 0.03365384615384615 0.05048076923076923
0 0.21875 0.4411057692307692 0.036057692307692304 0.05048076923076923
0 0.18509615384615385 0.43990384615384615 0.03365384615384615 0.05048076923076923
0 0.15144230769230768 0.4387019230769231 0.03365384615384615 0.05048076923076923
0 0.11658653846153846 0.4375 0.036057692307692304 0.052884615384615384
0 0.0829326923076923 0.43509615384615385 0.03365384615384615 0.05048076923076923
0 0.04927884615384615 0.43509615384615385 0.036057692307692304 0.05048076923076923
0 0.015625 0.4338942307692308 0.03125 0.05048076923076923
0 0.5300480769230769 0.41466346153846156 0.026442307692307692 0.05048076923076923
0 0.5036057692307693 0.41466346153846156 0.03365384615384615 0.05048076923076923
0 0.47115384615384615 0.41346153846153844 0.03365384615384615 0.052884615384615384
0 0.4362980769230769 0.4110576923076923 0.03365384615384615 0.052884615384615384
0 0.40384615384615385 0.4098557692307692 0.03365384615384615 0.052884615384615384
0 0.36899038461538464 0.40865384615384615 0.036057692307692304 0.052884615384615384
0 0.33653846153846156 0.40625 0.036057692307692304 0.05048076923076923
0 0.30288461538461536 0.4050480769230769 0.03365384615384615 0.05048076923076923
0 0.2692307692307692 0.40384615384615385 0.03365384615384615 0.05048076923076923
0 0.23677884615384615 0.4014423076923077 0.03365384615384615 0.05048076923076923
0 0.20192307692307693 0.40024038461538464 0.036057692307692304 0.05048076923076923
0 0.16826923076923078 0.39903846153846156 0.03365384615384615 0.052884615384615384
0 0.13581730769230768 0.39783653846153844 0.03365384615384615 0.052884615384615384
0 0.10096153846153846 0.39663461538461536 0.036057692307692304 0.052884615384615384
0 0.06850961538461539 0.3954326923076923 0.03365384615384615 0.052884615384615384
0 0.03245192307692308 0.3942307692307692 0.03365384615384615 0.052884615384615384
0 0.007211538461538462 0.39302884615384615 0.014423076923076924 0.05048076923076923
0 0.5192307692307693 0.3762019230769231 0.03365384615384615 0.05048076923076923
0 0.7716346153846154 0.39903846153846156 0.07451923076923077 0.1346153846153846
0 0.6947115384615384 0.3954326923076923 0.10096153846153846 0.15625
0 0.6502403846153846 0.2512019230769231 0.08653846153846154 0.13221153846153846
0 0.5661057692307693 0.24519230769230768 0.04326923076923077 0.12980769230769232
0 0.7584134615384616 0.24278846153846154 0.10336538461538461 0.15144230769230768
0 0.75 0.1141826923076923 0.08173076923076923 0.12259615384615384
0 0.6766826923076923 0.08533653846153846 0.10096153846153846 0.14903846153846154
0 0.5757211538461539 0.08173076923076923 0.06490384615384616 0.14903846153846154
0 0.45913461538461536 0.8173076923076923 0.16826923076923078 0.2932692307692308
0 0.2956730769230769 0.8028846153846154 0.15865384615384615 0.28365384615384615
0 0.1346153846153846 0.7848557692307693 0.16105769230769232 0.28846153846153844
0 0.026442307692307692 0.7644230769230769 0.052884615384615384 0.28846153846153844
0 0.3894230769230769 0.6466346153846154 0.15865384615384615 0.10576923076923077
0 0.2247596153846154 0.640625 0.15625 0.09615384615384616
0 0.0733173076923077 0.6322115384615384 0.1466346153846154 0.07932692307692307