0 0.8992788461538461 0.32067307692307695 0.03317307692307692 0.04583333333333333
0 0.9330528846153846 0.3211538461538462 0.03341346153846154 0.04551282051282051
0 0.9664663461538462 0.32211538461538464 0.03341346153846154 0.04551282051282051
0 0.14266826923076922 0.3456730769230769 0.03293269230769231 0.04583333333333333
0 0.11069711538461538 0.34599358974358974 0.031971153846153844 0.041987179487179484
0 0.1736778846153846 0.34647435897435896 0.03389423076923077 0.04358974358974359
0 0.05012019230769231 0.3466346153846154 0.030528846153846153 0.04262820512820513
0 0.07932692307692307 0.3467948717948718 0.03221153846153846 0.04551282051282051
0 0.20552884615384615 0.3467948717948718 0.03173076923076923 0.046153846153846156
0 0.23701923076923076 0.347275641025641 0.03173076923076923 0.04583333333333333
0 0.2685096153846154 0.34759615384615383 0.03221153846153846 0.047115384615384615
0 0.3002403846153846 0.3485576923076923 0.03173076923076923 0.046474358974358976
0 0.33161057692307694 0.35 0.03245192307692308 0.046153846153846156
0 0.36310096153846155 0.35096153846153844 0.03245192307692308 0.046794871794871795
0 0.3948317307692308 0.35176282051282054 0.03245192307692308 0.04583333333333333
0 0.4264423076923077 0.3532051282051282 0.032692307692307694 0.04487179487179487
0 0.4576923076923077 0.35384615384615387 0.03221153846153846 0.04487179487179487
0 0.4893028846153846 0.3546474358974359 0.03245192307692308 0.04519230769230769
0 0.5213942307692307 0.35528846153846155 0.032692307692307694 0.04583333333333333
0 0.5522836538461539 0.35528846153846155 0.03245192307692308 0.046474358974358976
0 0.5841346153846154 0.3556089743589744 0.03317307692307692 0.047115384615384615
0 0.6819711538461538 0.3559294871794872 0.03413461538461538 0.04775641025641025
0 0.6167067307692308 0.3560897435897436 0.03389423076923077 0.046153846153846156
0 0.6490384615384616 0.3560897435897436 0.03317307692307692 0.046794871794871795
0 0.7150240384615385 0.3560897435897436 0.034375 0.047435897435897434
0 0.7478365384615384 0.35673076923076924 0.03461538461538462 0.047435897435897434
0 0.7813701923076923 0.35689102564102565 0.03389423076923077 0.04775641025641025
0 0.8146634615384616 0.35705128205128206 0.03413461538461538 0.04807692307692308
0 0.8479567307692307 0.3573717948717949 0.034375 0.04807692307692308
0 0.8810096153846154 0.3580128205128205 0.03365384615384615 0.04807692307692308
0 0.9143028846153847 0.35881410256410257 0.03389423076923077 0.04775641025641025
0 0.9472355769230769 0.3596153846153846 0.03341346153846154 0.04551282051282051
0 0.12908653846153847 0.382051282051282 0.03173076923076923 0.04487179487179487
0 0.09783653846153846 0.38221153846153844 0.03173076923076923 0.04455128205128205
0 0.06634615384615385 0.38253205128205126 0.03221153846153846 0.04391025641025641
0 0.16009615384615383 0.38253205128205126 0.03221153846153846 0.04583333333333333
0 0.19170673076923078 0.38301282051282054 0.031971153846153844 0.04423076923076923
0 0.22283653846153847 0.3836538461538462 0.03221153846153846 0.04487179487179487
0 0.25516826923076924 0.38493589743589746 0.034375 0.04294871794871795
0 0.2856971153846154 0.3852564102564103 0.031971153846153844 0.046153846153846156
0 0.3174278846153846 0.38637820512820514 0.03245192307692308 0.04519230769230769
0 0.34891826923076924 0.3875 0.03293269230769231 0.04487179487179487
0 0.3798076923076923 0.38846153846153847 0.03173076923076923 0.04551282051282051
0 0.4108173076923077 0.38958333333333334 0.03221153846153846 0.04519230769230769
0 0.4736778846153846 0.3908653846153846 0.031971153846153844 0.04519230769230769
0 0.5048076923076923 0.39150641025641025 0.032692307692307694 0.04455128205128205
0 0.44302884615384613 0.39166666666666666 0.03317307692307692 0.04487179487179487
0 0.536298076923077 0.3921474358974359 0.032692307692307694 0.04455128205128205
0 0.5679086538461539 0.3926282051282051 0.03245192307692308 0.04551282051282051
0 0.5995192307692307 0.39310897435897435 0.03365384615384615 0.04583333333333333
0 0.6313701923076923 0.3935897435897436 0.03341346153846154 0.04551282051282051
0 0.6639423076923077 0.3935897435897436 0.03365384615384615 0.046153846153846156
0 0.6963942307692308 0.39375 0.03413461538461538 0.04583333333333333
0 0.7290865384615385 0.3942307692307692 0.035096153846153846 0.046153846153846156
0 0.7623798076923077 0.3943910256410256 0.03389423076923077 0.046474358974358976
0 0.7956730769230769 0.39471153846153845 0.03413461538461538 0.047115384615384615
0 0.8290865384615385 0.3951923076923077 0.03461538461538462 0.047435897435897434
0 0.8620192307692308 0.3958333333333333 0.03365384615384615 0.047435897435897434
0 0.8951923076923077 0.39615384615384613 0.03365384615384615 0.046794871794871795
0 0.9280048076923076 0.3967948717948718 0.03389423076923077 0.046794871794871795
0 0.9602163461538461 0.3974358974358974 0.03341346153846154 0.04551282051282051
0 0.08485576923076923 0.4182692307692308 0.03173076923076923 0.04423076923076923
0 0.11622596153846154 0.4182692307692308 0.031490384615384615 0.04423076923076923
0 0.146875 0.4184294871794872 0.03028846153846154 0.04391025641025641
0 0.05456730769230769 0.4185897435897436 0.03125 0.04358974358974359
0 0.17776442307692308 0.41875 0.031971153846153844 0.04455128205128205
0 0.20877403846153847 0.41939102564102565 0.031971153846153844 0.04326923076923077
0 0.23978365384615385 0.4201923076923077 0.031971153846153844 0.04423076923076923
0 0.27127403846153847 0.42099358974358975 0.031971153846153844 0.04455128205128205
0 0.3027644230769231 0.4219551282051282 0.031971153846153844 0.04391025641025641
0 0.33389423076923075 0.4235576923076923 0.03221153846153846 0.04583333333333333
0 0.3652644230769231 0.42451923076923076 0.031971153846153844 0.04583333333333333
0 0.39639423076923075 0.4253205128205128 0.03173076923076923 0.04423076923076923
0 0.4271634615384615 0.42612179487179486 0.03221153846153846 0.04455128205128205
0 0.4579326923076923 0.4267628205128205 0.03173076923076923 0.04519230769230769
0 0.4891826923076923 0.42740384615384613 0.032692307692307694 0.04519230769230769
0 0.5203125 0.4280448717948718 0.03245192307692308 0.04391025641025641
0 0.5514423076923077 0.4283653846153846 0.03221153846153846 0.04519230769230769
0 0.5826923076923077 0.42916666666666664 0.032692307692307694 0.04423076923076923
0 0.6146634615384615 0.42964743589743587 0.03221153846153846 0.04455128205128205
0 0.6462740384615384 0.42996794871794874 0.03293269230769231 0.04455128205128205
0 0.6783653846153846 0.430448717948718 0.03365384615384615 0.04487179487179487
0 0.7109375 0.4306089743589744 0.03389423076923077 0.04583333333333333
0 0.74375 0.43125 0.03365384615384615 0.04583333333333333
0 0.7766826923076923 0.43173076923076925 0.03413461538461538 0.046794871794871795
0 0.8099759615384615 0.4323717948717949 0.03485576923076923 0.046153846153846156
0 0.8427884615384615 0.43301282051282053 0.03365384615384615 0.046153846153846156
0 0.8760817307692308 0.43317307692307694 0.03389423076923077 0.046474358974358976
0 0.909014423076923 0.433974358974359 0.03389423076923077 0.046794871794871795
0 0.9429086538461539 0.43493589743589745 0.03341346153846154 0.04551282051282051
0 0.10276442307692307 0.4533653846153846 0.031490384615384615 0.04326923076923077
0 0.07235576923076924 0.45368589743589743 0.03173076923076923 0.04262820512820513
0 0.13377403846153846 0.45368589743589743 0.031971153846153844 0.04391025641025641
0 0.16490384615384615 0.4543269230769231 0.03076923076923077 0.04326923076923077
0 0.1954326923076923 0.4548076923076923 0.03173076923076923 0.04423076923076923
0 0.22632211538461539 0.45544871794871794 0.031971153846153844 0.04423076923076923
0 0.2569711538461538 0.4564102564102564 0.03125 0.04358974358974359
0 0.28858173076923077 0.45721153846153845 0.031490384615384615 0.04262820512820513
0 0.3194711538461538 0.4583333333333333 0.03173076923076923 0.04358974358974359
0 0.3503605769230769 0.4594551282051282 0.031971153846153844 0.04391025641025641
0 0.38125 0.46057692307692305 0.03173076923076923 0.04294871794871795
0 0.4112980769230769 0.46057692307692305 0.03173076923076923 0.04294871794871795
0 0.44290865384615385 0.4621794871794872 0.031971153846153844 0.04294871794871795
0 0.4735576923076923 0.46282051282051284 0.03173076923076923 0.04358974358974359
0 0.5042067307692307 0.4636217948717949 0.031971153846153844 0.04391025641025641
0 0.5352163461538462 0.4641025641025641 0.031490384615384615 0.04423076923076923
0 0.5664663461538462 0.46490384615384617 0.031971153846153844 0.04391025641025641
0 0.5978365384615385 0.465224358974359 0.032692307692307694 0.04391025641025641
0 0.6290865384615385 0.4658653846153846 0.03221153846153846 0.04455128205128205
0 0.6609375 0.46618589743589745 0.03341346153846154 0.04455128205128205
0 0.6930288461538462 0.4666666666666667 0.03365384615384615 0.04423076923076923
0 0.7254807692307692 0.4671474358974359 0.03365384615384615 0.04583333333333333
0 0.7578125 0.46762820512820513 0.03341346153846154 0.04487179487179487
0 0.7908653846153846 0.4685897435897436 0.035096153846153846 0.04487179487179487
0 0.8235576923076923 0.4690705128205128 0.03413461538461538 0.04519230769230769
0 0.8568509615384615 0.46971153846153846 0.03389423076923077 0.04583333333333333
0 0.8894230769230769 0.4705128205128205 0.03413461538461538 0.046153846153846156
0 0.9222355769230769 0.4708333333333333 0.03293269230769231 0.04423076923076923
0 0.9546875 0.4716346153846154 0.031971153846153844 0.04583333333333333
0 0.060697115384615384 0.4881410256410256 0.030048076923076924 0.041025641025641026
0 0.090625 0.4881410256410256 0.03076923076923077 0.04294871794871795
0 0.12067307692307692 0.48830128205128204 0.03173076923076923 0.04326923076923077
0 0.1515625 0.48878205128205127 0.03245192307692308 0.04358974358974359
0 0.18245192307692307 0.4892628205128205 0.03125 0.04262820512820513
0 0.2127403846153846 0.4905448717948718 0.03221153846153846 0.04262820512820513
0 0.2436298076923077 0.4908653846153846 0.031009615384615385 0.04326923076923077
0 0.27439903846153846 0.49198717948717946 0.03245192307692308 0.04358974358974359
0 0.3055288461538462 0.4931089743589744 0.032692307692307694 0.04326923076923077
0 0.33629807692307695 0.49407051282051284 0.03076923076923077 0.04262820512820513
0 0.3669471153846154 0.4950320512820513 0.031009615384615385 0.04262820512820513
0 0.39747596153846154 0.49567307692307694 0.030528846153846153 0.04262820512820513
0 0.4277644230769231 0.4966346153846154 0.031490384615384615 0.04326923076923077
0 0.4581730769230769 0.49743589743589745 0.03173076923076923 0.04230769230769231
0 0.4888221153846154 0.4983974358974359 0.031490384615384615 0.04294871794871795
0 0.5195913461538462 0.49887820512820513 0.031971153846153844 0.041346153846153845
0 0.5502403846153846 0.49935897435897436 0.03125 0.04230769230769231
0 0.5818509615384615 0.500801282051282 0.03245192307692308 0.040705128205128206
0 0.6126201923076923 0.500801282051282 0.031490384615384615 0.04391025641025641
0 0.64375 0.5014423076923077 0.03221153846153846 0.04326923076923077
0 0.6756009615384615 0.5020833333333333 0.03341346153846154 0.04455128205128205
0 0.7074519230769231 0.502724358974359 0.03317307692307692 0.04455128205128205
0 0.7396634615384615 0.5032051282051282 0.032692307692307694 0.04358974358974359
0 0.7721153846153846 0.5038461538461538 0.03413461538461538 0.04423076923076923
0 0.8045673076923077 0.5046474358974359 0.03365384615384615 0.04455128205128205
0 0.8373798076923077 0.5052884615384615 0.03341346153846154 0.04455128205128205
0 0.8700721153846154 0.5064102564102564 0.03389423076923077 0.04487179487179487
0 0.9038461538461539 0.507051282051282 0.03413461538461538 0.04487179487179487
0 0.9355769230769231 0.5080128205128205 0.032692307692307694 0.046153846153846156
0 0.07848557692307692 0.521474358974359 0.031490384615384615 0.04230769230769231
0 0.10817307692307693 0.5222756410256411 0.03028846153846154 0.04262820512820513
0 0.13846153846153847 0.5230769230769231 0.03173076923076923 0.04294871794871795
0 0.16875 0.5238782051282052 0.03076923076923077 0.04326923076923077
0 0.19927884615384617 0.5245192307692308 0.03173076923076923 0.04326923076923077
0 0.2299278846153846 0.5253205128205128 0.031009615384615385 0.04294871794871795
0 0.2608173076923077 0.5261217948717949 0.03125 0.04262820512820513
0 0.2915865384615385 0.5272435897435898 0.03221153846153846 0.04230769230769231
0 0.32211538461538464 0.5280448717948718 0.03125 0.04262820512820513
0 0.35252403846153846 0.5290064102564103 0.031490384615384615 0.04262820512820513
0 0.3828125 0.5296474358974359 0.031490384615384615 0.04262820512820513
0 0.4128605769230769 0.5307692307692308 0.030528846153846153 0.04230769230769231
0 0.44302884615384613 0.5315705128205128 0.03076923076923077 0.041987179487179484
0 0.4736778846153846 0.5322115384615385 0.030528846153846153 0.04262820512820513
0 0.5039663461538462 0.5333333333333333 0.031009615384615385 0.04230769230769231
0 0.5346153846153846 0.5338141025641026 0.03125 0.04262820512820513
0 0.5651442307692308 0.5349358974358974 0.03173076923076923 0.04294871794871795
0 0.5966346153846154 0.5360576923076923 0.03365384615384615 0.04262820512820513
0 0.6271634615384616 0.5360576923076923 0.03173076923076923 0.041987179487179484
0 0.6582932692307693 0.5363782051282051 0.031971153846153844 0.04262820512820513
0 0.6899038461538461 0.5370192307692307 0.032692307692307694 0.04262820512820513
0 0.7217548076923077 0.5379807692307692 0.03245192307692308 0.04262820512820513
0 0.7543269230769231 0.5384615384615384 0.03461538461538462 0.04358974358974359
0 0.786298076923077 0.5395833333333333 0.032692307692307694 0.04519230769230769
0 0.8182692307692307 0.5403846153846154 0.032692307692307694 0.04294871794871795
0 0.8507211538461539 0.5411858974358974 0.032692307692307694 0.04455128205128205
0 0.8831730769230769 0.5424679487179487 0.03413461538461538 0.04391025641025641
0 0.9157451923076924 0.5432692307692307 0.03341346153846154 0.04487179487179487
0 0.948076923076923 0.54375 0.03365384615384615 0.04391025641025641
0 0.065625 0.5548076923076923 0.029326923076923077 0.04230769230769231
0 0.0953125 0.5557692307692308 0.030528846153846153 0.041025641025641026
0 0.12536057692307692 0.5570512820512821 0.030048076923076924 0.041666666666666664
0 0.15661057692307692 0.5576923076923077 0.031490384615384615 0.04230769230769231
0 0.1858173076923077 0.5584935897435898 0.03028846153846154 0.04391025641025641
0 0.21646634615384616 0.5592948717948718 0.031009615384615385 0.04358974358974359
0 0.2466346153846154 0.5596153846153846 0.03076923076923077 0.04294871794871795
0 0.3078125 0.5604166666666667 0.031009615384615385 0.04262820512820513
0 0.27728365384615383 0.5610576923076923 0.031009615384615385 0.04262820512820513
0 0.33810096153846153 0.5625 0.030528846153846153 0.041666666666666664
0 0.36814903846153846 0.563301282051282 0.031490384615384615 0.041346153846153845
0 0.39807692307692305 0.5644230769230769 0.03028846153846154 0.04230769230769231
0 0.428125 0.5653846153846154 0.03173076923076923 0.041666666666666664
0 0.45829326923076924 0.5661858974358974 0.031490384615384615 0.04262820512820513
0 0.48846153846153845 0.5668269230769231 0.03076923076923077 0.041987179487179484
0 0.5189903846153846 0.5681089743589743 0.032692307692307694 0.041987179487179484
0 0.5492788461538461 0.56875 0.03076923076923077 0.041987179487179484
0 0.5801682692307693 0.5697115384615384 0.031971153846153844 0.041987179487179484
0 0.6109375 0.5700320512820513 0.031009615384615385 0.04262820512820513
0 0.6415865384615385 0.5705128205128205 0.03125 0.04294871794871795
0 0.6725961538461539 0.5713141025641025 0.03365384615384615 0.04262820512820513
0 0.7043269230769231 0.5717948717948718 0.03125 0.04294871794871795
0 0.7354567307692308 0.5724358974358974 0.03245192307692308 0.04294871794871795
0 0.7675480769230769 0.5735576923076923 0.03365384615384615 0.04262820512820513
0 0.8002403846153846 0.575 0.03365384615384615 0.04358974358974359
0 0.8317307692307693 0.575801282051282 0.03317307692307692 0.04391025641025641
0 0.8649038461538462 0.5780448717948717 0.03413461538461538 0.041987179487179484
0 0.8966346153846154 0.5782051282051283 0.032692307692307694 0.04423076923076923
0 0.9290865384615384 0.5786858974358975 0.03365384615384615 0.04391025641025641
0 0.08257211538461538 0.5884615384615385 0.030528846153846153 0.041666666666666664
0 0.1125 0.5899038461538462 0.03028846153846154 0.040705128205128206
0 0.1420673076923077 0.591025641025641 0.02980769230769231 0.041025641025641026
0 0.17235576923076923 0.5918269230769231 0.03173076923076923 0.040705128205128206
0 0.20276442307692308 0.5924679487179487 0.030528846153846153 0.040705128205128206
0 0.23305288461538462 0.592948717948718 0.030528846153846153 0.041666666666666664
0 0.26322115384615385 0.5942307692307692 0.03028846153846154 0.041025641025641026
0 0.29338942307692306 0.5950320512820513 0.030528846153846153 0.04262820512820513
0 0.3534855769230769 0.5963141025641026 0.03245192307692308 0.03942307692307692
0 0.32403846153846155 0.5966346153846154 0.03076923076923077 0.04006410256410257
0 0.38341346153846156 0.5975961538461538 0.03028846153846154 0.04326923076923077
0 0.41358173076923077 0.5983974358974359 0.030528846153846153 0.041666666666666664
0 0.4433894230769231 0.5995192307692307 0.030528846153846153 0.041987179487179484
0 0.4735576923076923 0.6003205128205128 0.03028846153846154 0.041666666666666664
0 0.5033653846153846 0.6011217948717948 0.03125 0.041346153846153845
0 0.5337740384615385 0.6024038461538461 0.031490384615384615 0.041987179487179484
0 0.5641826923076924 0.6030448717948718 0.03173076923076923 0.041346153846153845
0 0.5947115384615385 0.6030448717948718 0.03076923076923077 0.041987179487179484
0 0.6252403846153847 0.6038461538461538 0.03125 0.041666666666666664
0 0.6563701923076923 0.6046474358974359 0.03293269230769231 0.041987179487179484
0 0.6876201923076923 0.6056089743589743 0.03293269230769231 0.041987179487179484
0 0.7182692307692308 0.6064102564102564 0.03173076923076923 0.04230769230769231
0 0.7498798076923077 0.6075320512820512 0.03293269230769231 0.041987179487179484
0 0.7816105769230769 0.6084935897435897 0.03293269230769231 0.041987179487179484
0 0.8133413461538461 0.6094551282051283 0.03293269230769231 0.041987179487179484
0 0.9438701923076923 0.6110576923076924 0.03293269230769231 0.041987179487179484
0 0.8450721153846154 0.6120192307692308 0.03293269230769231 0.041987179487179484
0 0.8768028846153846 0.6129807692307693 0.03293269230769231 0.041987179487179484
0 0.9097355769230769 0.6133012820512821 0.03293269230769231 0.041987179487179484
0 0.07127403846153846 0.6219551282051282 0.02860576923076923 0.03942307692307692
0 0.09975961538461539 0.622275641025641 0.03028846153846154 0.04006410256410257
0 0.12908653846153847 0.6237179487179487 0.03028846153846154 0.041666666666666664
0 0.15901442307692307 0.6246794871794872 0.031009615384615385 0.041025641025641026
0 0.1889423076923077 0.6254807692307692 0.03076923076923077 0.041346153846153845
0 0.2188701923076923 0.6264423076923077 0.030528846153846153 0.041987179487179484
0 0.24915865384615385 0.6274038461538461 0.031009615384615385 0.041987179487179484
0 0.27908653846153847 0.628525641025641 0.029326923076923077 0.041025641025641026
0 0.30901442307692306 0.6288461538461538 0.030528846153846153 0.041025641025641026
0 0.3390625 0.6296474358974359 0.02956730769230769 0.040705128205128206
0 0.36875 0.6301282051282051 0.03028846153846154 0.041666666666666664
0 0.3986778846153846 0.63125 0.030528846153846153 0.040705128205128206
0 0.4284855769230769 0.6322115384615384 0.031009615384615385 0.041987179487179484
0 0.45877403846153847 0.6334935897435897 0.031009615384615385 0.041987179487179484
0 0.48834134615384617 0.6350961538461538 0.031009615384615385 0.041987179487179484
0 0.5176682692307693 0.6350961538461538 0.031009615384615385 0.041987179487179484
0 0.5484375 0.6358974358974359 0.030528846153846153 0.041025641025641026
0 0.5794471153846154 0.6366987179487179 0.031009615384615385 0.04006410256410257
0 0.6091346153846153 0.6373397435897435 0.03076923076923077 0.04262820512820513
0 0.6395432692307692 0.6378205128205128 0.031490384615384615 0.04230769230769231
0 0.6707932692307692 0.6389423076923076 0.03293269230769231 0.041987179487179484
0 0.7010817307692307 0.6395833333333333 0.03293269230769231 0.041987179487179484
0 0.7328125 0.6411858974358975 0.03293269230769231 0.041987179487179484
0 0.7647836538461539 0.6418269230769231 0.03293269230769231 0.041987179487179484
0 0.7945913461538462 0.6431089743589744 0.03293269230769231 0.041987179487179484
0 0.9253605769230769 0.6434294871794872 0.03293269230769231 0.041987179487179484
0 0.8277644230769231 0.6453525641025641 0.03293269230769231 0.041987179487179484
0 0.8587740384615384 0.6453525641025641 0.03293269230769231 0.041987179487179484
0 0.8907451923076923 0.6466346153846154 0.03293269230769231 0.041987179487179484
0 0.08737980769230769 0.6546474358974359 0.030048076923076924 0.041987179487179484
0 0.11730769230769231 0.6549679487179487 0.03221153846153846 0.04006410256410257
0 0.14639423076923078 0.6568910256410256 0.03028846153846154 0.041346153846153845
0 0.17572115384615383 0.6578525641025641 0.02980769230769231 0.040705128205128206
0 0.2048076923076923 0.6594551282051282 0.03028846153846154 0.041346153846153845
0 0.23509615384615384 0.6600961538461538 0.03125 0.04006410256410257
0 0.26490384615384616 0.6610576923076923 0.03076923076923077 0.041346153846153845
0 0.29459134615384613 0.6618589743589743 0.031009615384615385 0.041025641025641026
0 0.32463942307692306 0.6621794871794872 0.030528846153846153 0.041666666666666664
0 0.3544471153846154 0.6631410256410256 0.030048076923076924 0.041025641025641026
0 0.4143028846153846 0.6642628205128205 0.031009615384615385 0.04006410256410257
0 0.38377403846153846 0.6645833333333333 0.031009615384615385 0.041987179487179484
0 0.44350961538461536 0.666025641025641 0.03076923076923077 0.041025641025641026
0 0.4733173076923077 0.6671474358974359 0.029326923076923077 0.040705128205128206
0 0.503125 0.6679487179487179 0.03028846153846154 0.041025641025641026
0 0.5332932692307693 0.6684294871794871 0.030528846153846153 0.04006410256410257
0 0.5638221153846154 0.6693910256410256 0.03293269230769231 0.041987179487179484
0 0.5941105769230769 0.6706730769230769 0.03293269230769231 0.041987179487179484
0 0.6239182692307692 0.6713141025641025 0.03293269230769231 0.041987179487179484
0 0.6549278846153846 0.6719551282051283 0.03293269230769231 0.041987179487179484
0 0.684735576923077 0.6738782051282052 0.03293269230769231 0.041987179487179484
0 0.7162259615384615 0.6745192307692308 0.03293269230769231 0.041987179487179484
0 0.7465144230769231 0.6751602564102565 0.03293269230769231 0.041987179487179484
0 0.7780048076923077 0.6774038461538462 0.03293269230769231 0.041987179487179484
0 0.9378605769230769 0.6780448717948718 0.03293269230769231 0.041987179487179484
0 0.9073317307692308 0.6783653846153846 0.03293269230769231 0.041987179487179484
0 0.809735576923077 0.6786858974358975 0.03293269230769231 0.041987179487179484
0 0.8407451923076923 0.6786858974358975 0.03293269230769231 0.041987179487179484
0 0.8734375 0.6809294871794872 0.03293269230769231 0.041987179487179484
0 0.07632211538461539 0.6865384615384615 0.030528846153846153 0.041025641025641026
0 0.10444711538461539 0.6868589743589744 0.029086538461538462 0.0391025641025641
0 0.1328125 0.6878205128205128 0.030528846153846153 0.0391025641025641
0 0.1622596153846154 0.6895833333333333 0.029326923076923077 0.03942307692307692
0 0.1919471153846154 0.6908653846153846 0.030048076923076924 0.0375
0 0.2222355769230769 0.6929487179487179 0.02956730769230769 0.03974358974358974
0 0.25072115384615384 0.6940705128205128 0.03028846153846154 0.04006410256410257
0 0.28076923076923077 0.6942307692307692 0.02980769230769231 0.041666666666666664
0 0.31033653846153847 0.6951923076923077 0.03076923076923077 0.04230769230769231
0 0.33978365384615383 0.6958333333333333 0.02956730769230769 0.041666666666666664
0 0.36923076923076925 0.6964743589743589 0.03076923076923077 0.041025641025641026
0 0.39879807692307695 0.6975961538461538 0.03076923076923077 0.041346153846153845
0 0.4284855769230769 0.6983974358974359 0.031009615384615385 0.04038461538461539
0 0.4584134615384615 0.6993589743589743 0.03028846153846154 0.041025641025641026
0 0.5176682692307693 0.7004807692307692 0.03293269230769231 0.041987179487179484
0 0.48810096153846155 0.7006410256410256 0.030528846153846153 0.04038461538461539
0 0.5481971153846154 0.7017628205128205 0.03293269230769231 0.041987179487179484
0 0.5775240384615384 0.7033653846153847 0.03293269230769231 0.041987179487179484
0 0.6085336538461539 0.704647435897436 0.03293269230769231 0.041987179487179484
0 0.6388221153846154 0.7052884615384616 0.03293269230769231 0.041987179487179484
0 0.6686298076923077 0.7059294871794872 0.03293269230769231 0.041987179487179484
0 0.6991586538461538 0.7072115384615385 0.03293269230769231 0.041987179487179484
0 0.7306490384615385 0.7084935897435898 0.03293269230769231 0.041987179487179484
0 0.7599759615384616 0.7107371794871795 0.03293269230769231 0.041987179487179484
0 0.7931490384615385 0.7107371794871795 0.03293269230769231 0.041987179487179484
0 0.8893028846153846 0.7110576923076923 0.03293269230769231 0.041987179487179484
0 0.9203125 0.711698717948718 0.03293269230769231 0.041987179487179484
0 0.8229567307692308 0.7120192307692308 0.03293269230769231 0.041987179487179484
0 0.8546875 0.7142628205128205 0.03293269230769231 0.041987179487179484
0 0.09302884615384616 0.7181089743589744 0.029326923076923077 0.040705128205128206
0 0.12139423076923077 0.7193910256410256 0.02980769230769231 0.03878205128205128
0 0.1498798076923077 0.7205128205128205 0.02956730769230769 0.03974358974358974
0 0.17908653846153846 0.7219551282051282 0.02980769230769231 0.04006410256410257
0 0.20817307692307693 0.7237179487179487 0.029326923076923077 0.03974358974358974
0 0.23725961538461537 0.725 0.03028846153846154 0.04038461538461539
0 0.26742788461538464 0.7262820512820513 0.02956730769230769 0.038461538461538464
0 0.2957932692307692 0.7272435897435897 0.030528846153846153 0.041025641025641026
0 0.3256009615384615 0.7283653846153846 0.031490384615384615 0.03942307692307692
0 0.3543269230769231 0.729326923076923 0.02980769230769231 0.040705128205128206
0 0.38461538461538464 0.7306089743589743 0.03173076923076923 0.041346153846153845
0 0.4439903846153846 0.7309294871794871 0.03173076923076923 0.041346153846153845
0 0.41418269230769234 0.7315705128205128 0.03173076923076923 0.041346153846153845
0 0.4731971153846154 0.7326923076923076 0.030528846153846153 0.041666666666666664
0 0.5032451923076923 0.7334935897435897 0.030048076923076924 0.041987179487179484
0 0.5325721153846154 0.7341346153846153 0.030048076923076924 0.041987179487179484
0 0.5638221153846154 0.7350961538461539 0.030048076923076924 0.041987179487179484
0 0.5914663461538462 0.736698717948718 0.030048076923076924 0.041987179487179484
0 0.6227163461538462 0.7383012820512821 0.030048076923076924 0.041987179487179484
0 0.6525240384615385 0.7392628205128206 0.030048076923076924 0.041987179487179484
0 0.6837740384615385 0.740224358974359 0.030048076923076924 0.041987179487179484
0 0.7131009615384616 0.7411858974358975 0.030048076923076924 0.041987179487179484
0 0.7436298076923077 0.7427884615384616 0.030048076923076924 0.041987179487179484
0 0.7753605769230769 0.7434294871794872 0.030048076923076924 0.041987179487179484
0 0.8061298076923077 0.7450320512820513 0.030048076923076924 0.041987179487179484
0 0.8364182692307692 0.7451923076923077 0.030528846153846153 0.04038461538461539
0 0.8705528846153846 0.7451923076923077 0.030528846153846153 0.04038461538461539
0 0.9027644230769231 0.7451923076923077 0.030528846153846153 0.04038461538461539
0 0.9323317307692308 0.7471153846153846 0.030528846153846153 0.04038461538461539
0 0.0811298076923077 0.7488782051282051 0.031971153846153844 0.041346153846153845
0 0.10901442307692308 0.7511217948717949 0.031971153846153844 0.041346153846153845
0 0.13846153846153847 0.7524038461538461 0.03173076923076923 0.041346153846153845
0 0.16514423076923077 0.7530448717948718 0.03173076923076923 0.041346153846153845
0 0.19495192307692308 0.7565705128205128 0.03173076923076923 0.041346153846153845
0 0.22355769230769232 0.7572115384615384 0.03173076923076923 0.041346153846153845
0 0.25264423076923076 0.7591346153846154 0.03173076923076923 0.041346153846153845
0 0.28197115384615384 0.759775641025641 0.03173076923076923 0.041346153846153845
0 0.3105769230769231 0.7620192307692307 0.03173076923076923 0.041346153846153845
0 0.33990384615384617 0.7620192307692307 0.03173076923076923 0.041346153846153845
0 0.39903846153846156 0.7629807692307692 0.03173076923076923 0.041346153846153845
0 0.3704326923076923 0.763301282051282 0.03173076923076923 0.041346153846153845
0 0.4288461538461538 0.7642628205128205 0.03173076923076923 0.041346153846153845
0 0.4581730769230769 0.7661858974358975 0.03173076923076923 0.041346153846153845
0 0.4879807692307692 0.7668269230769231 0.03173076923076923 0.041346153846153845
0 0.5170673076923077 0.7674679487179488 0.03173076923076923 0.041346153846153845
0 0.5480769230769231 0.7681089743589744 0.03173076923076923 0.041346153846153845
0 0.5771634615384615 0.7693910256410257 0.03173076923076923 0.041346153846153845
0 0.6057692307692307 0.7693910256410257 0.03173076923076923 0.041346153846153845
0 0.6367788461538462 0.7713141025641026 0.03173076923076923 0.041346153846153845
0 0.6665865384615385 0.7729166666666667 0.03173076923076923 0.041346153846153845
0 0.698076923076923 0.7735576923076923 0.03173076923076923 0.041346153846153845
0 0.7278846153846154 0.774198717948718 0.03173076923076923 0.041346153846153845
0 0.7575721153846153 0.7759615384615385 0.030528846153846153 0.04038461538461539
0 0.7897836538461539 0.7772435897435898 0.030528846153846153 0.04038461538461539
0 0.8534855769230769 0.7782051282051282 0.030528846153846153 0.04038461538461539
0 0.9155048076923077 0.778525641025641 0.030528846153846153 0.04038461538461539
0 0.8195913461538461 0.7788461538461539 0.030528846153846153 0.04038461538461539
0 0.8852163461538461 0.7794871794871795 0.030528846153846153 0.04038461538461539
0 0.15685096153846154 0.3094551282051282 0.03245192307692308 0.04262820512820513
0 0.18834134615384615 0.30977564102564104 0.031490384615384615 0.04326923076923077
0 0.12536057692307692 0.30993589743589745 0.031971153846153844 0.04294871794871795
0 0.06298076923076923 0.31025641025641026 0.03076923076923077 0.04423076923076923
0 0.09338942307692308 0.31025641025641026 0.031971153846153844 0.04423076923076923
0 0.25216346153846153 0.3108974358974359 0.032692307692307694 0.04423076923076923
0 0.2201923076923077 0.3108974358974359 0.03221153846153846 0.04358974358974359
0 0.28353365384615387 0.31137820512820513 0.031490384615384615 0.04519230769230769
0 0.3152644230769231 0.3121794871794872 0.03293269230769231 0.046153846153846156
0 0.346875 0.3128205128205128 0.032692307692307694 0.046153846153846156
0 0.37848557692307694 0.3139423076923077 0.031971153846153844 0.046474358974358976
0 0.4092548076923077 0.31506410256410255 0.03245192307692308 0.046153846153846156
0 0.666826923076923 0.31826923076923075 0.03365384615384615 0.046153846153846156
0 0.6998798076923077 0.31858974358974357 0.03389423076923077 0.04551282051282051
0 0.7334134615384615 0.31858974358974357 0.03461538461538462 0.046153846153846156
0 0.6341346153846154 0.31875 0.03461538461538462 0.047115384615384615
0 0.7661057692307692 0.3190705128205128 0.03365384615384615 0.04583333333333333
0 0.7995192307692308 0.3192307692307692 0.03413461538461538 0.046153846153846156
0 0.8325721153846154 0.31971153846153844 0.03341346153846154 0.04583333333333333
0 0.8659855769230769 0.32003205128205126 0.03389423076923077 0.046474358974358976