0 0.12896634615384617 0.3373397435897436 0.042067307692307696 0.06314102564102564
0 0.17151442307692308 0.33830128205128207 0.04350961538461538 0.06314102564102564
0 0.21478365384615383 0.3389423076923077 0.04447115384615385 0.06378205128205128
0 0.6788461538461539 0.33974358974358976 0.05096153846153846 0.0685897435897436
0 0.2588942307692308 0.3405448717948718 0.04471153846153846 0.06442307692307692
0 0.6290865384615385 0.3405448717948718 0.05 0.06891025641025642
0 0.7295673076923077 0.3407051282051282 0.051923076923076926 0.06794871794871794
0 0.7802884615384615 0.34118589743589745 0.05144230769230769 0.06891025641025642
0 0.3036057692307692 0.3418269230769231 0.04567307692307692 0.06378205128205128
0 0.8318509615384615 0.3423076923076923 0.051682692307692304 0.06923076923076923
0 0.3485576923076923 0.34278846153846154 0.046153846153846156 0.06506410256410257
0 0.3939903846153846 0.3439102564102564 0.046153846153846156 0.06602564102564103
0 0.8834134615384616 0.34423076923076923 0.051923076923076926 0.07051282051282051
0 0.43954326923076925 0.34455128205128205 0.046875 0.06602564102564103
0 0.5810096153846154 0.34455128205128205 0.04855769230769231 0.0685897435897436
0 0.4859375 0.3451923076923077 0.04735576923076923 0.0673076923076923
0 0.5331730769230769 0.3451923076923077 0.04855769230769231 0.06666666666666667
0 0.9349759615384615 0.3455128205128205 0.051682692307692304 0.06923076923076923
0 0.11033653846153846 0.390224358974359 0.04230769230769231 0.061217948717948716
0 0.15252403846153847 0.3903846153846154 0.04350961538461538 0.06153846153846154
0 0.1954326923076923 0.3919871794871795 0.04375 0.06217948717948718
0 0.2389423076923077 0.39342948717948717 0.04423076923076923 0.06378205128205128
0 0.2829326923076923 0.39487179487179486 0.04471153846153846 0.06346153846153846
0 0.32740384615384616 0.39647435897435895 0.04567307692307692 0.06346153846153846
0 0.7014423076923076 0.3974358974358974 0.05048076923076923 0.0673076923076923
0 0.3719951923076923 0.3975961538461538 0.04591346153846154 0.06442307692307692
0 0.6521634615384615 0.3975961538461538 0.05 0.06762820512820512
0 0.7515625 0.39823717948717946 0.050721153846153846 0.06762820512820512
0 0.4171875 0.3993589743589744 0.04591346153846154 0.0641025641025641
0 0.8024038461538462 0.3998397435897436 0.05336538461538461 0.06955128205128205
0 0.4626201923076923 0.4 0.04639423076923077 0.0641025641025641
0 0.5086538461538461 0.40064102564102566 0.047596153846153844 0.06474358974358975
0 0.6032451923076924 0.40080128205128207 0.04927884615384615 0.06698717948717949
0 0.5552884615384616 0.4009615384615385 0.04807692307692308 0.06474358974358975
0 0.8540865384615385 0.4012820512820513 0.051923076923076926 0.06923076923076923
0 0.9045673076923076 0.4028846153846154 0.05096153846153846 0.07115384615384615
0 0.13401442307692307 0.4411858974358974 0.042067307692307696 0.061217948717948716
0 0.17584134615384617 0.44310897435897434 0.043028846153846154 0.061217948717948716
0 0.21850961538461539 0.44487179487179485 0.04375 0.06217948717948718
0 0.2620192307692308 0.44711538461538464 0.04519230769230769 0.06282051282051282
0 0.3063701923076923 0.4485576923076923 0.04495192307692308 0.0625
0 0.3503605769230769 0.45 0.045432692307692306 0.06282051282051282
0 0.39495192307692306 0.4516025641025641 0.04519230769230769 0.06346153846153846
0 0.43966346153846153 0.4528846153846154 0.04567307692307692 0.06346153846153846
0 0.48473557692307695 0.45400641025641025 0.04639423076923077 0.06442307692307692
0 0.6741586538461538 0.45416666666666666 0.04927884615384615 0.0673076923076923
0 0.7235576923076923 0.45416666666666666 0.05048076923076923 0.06666666666666667
0 0.5308894230769231 0.4551282051282051 0.046875 0.0641025641025641
0 0.7740384615384616 0.45560897435897435 0.05096153846153846 0.06762820512820512
0 0.5778846153846153 0.4560897435897436 0.047596153846153844 0.06474358974358975
0 0.6254807692307692 0.4564102564102564 0.04903846153846154 0.06666666666666667
0 0.8243990384615385 0.45753205128205127 0.051682692307692304 0.06762820512820512
0 0.8747596153846153 0.4592948717948718 0.05096153846153846 0.06794871794871794
0 0.924639423076923 0.46057692307692305 0.051682692307692304 0.06666666666666667
0 0.11646634615384616 0.49230769230769234 0.04158653846153846 0.05897435897435897
0 0.15721153846153846 0.492948717948718 0.04230769230769231 0.06025641025641026
0 0.19915865384615383 0.4948717948717949 0.043028846153846154 0.060897435897435896
0 0.24134615384615385 0.49743589743589745 0.04326923076923077 0.06153846153846154
0 0.2846153846153846 0.49935897435897436 0.04519230769230769 0.06153846153846154
0 0.3294471153846154 0.5011217948717949 0.04495192307692308 0.06185897435897436
0 0.3733173076923077 0.5030448717948718 0.04471153846153846 0.0625
0 0.41790865384615383 0.5044871794871795 0.045432692307692306 0.06282051282051282
0 0.4622596153846154 0.50625 0.04519230769230769 0.06314102564102564
0 0.5074519230769231 0.5080128205128205 0.046634615384615385 0.0641025641025641
0 0.5534855769230769 0.5092948717948718 0.046875 0.0641025641025641
0 0.6963942307692308 0.5094551282051282 0.04951923076923077 0.06634615384615385
0 0.7455528846153846 0.5104166666666666 0.050721153846153846 0.06634615384615385
0 0.6 0.5107371794871794 0.04807692307692308 0.06506410256410257
0 0.6478365384615384 0.5113782051282051 0.04903846153846154 0.06570512820512821
0 0.7959134615384615 0.5125 0.05096153846153846 0.06666666666666667
0 0.8456730769230769 0.514102564102564 0.04951923076923077 0.06602564102564103
0 0.8961538461538462 0.5165064102564103 0.05048076923076923 0.06762820512820512
0 0.1390625 0.5424679487179487 0.04158653846153846 0.05993589743589744
0 0.18028846153846154 0.5442307692307692 0.04230769230769231 0.06025641025641026
0 0.2221153846153846 0.5467948717948717 0.04326923076923077 0.060897435897435896
0 0.26490384615384616 0.5490384615384616 0.04423076923076923 0.060897435897435896
0 0.30853365384615383 0.5516025641025641 0.04447115384615385 0.060897435897435896
0 0.35252403846153846 0.5532051282051282 0.04447115384615385 0.060897435897435896
0 0.39579326923076924 0.5546474358974359 0.04447115384615385 0.061217948717948716
0 0.43966346153846153 0.5568910256410257 0.04519230769230769 0.061217948717948716
0 0.48425480769230766 0.558974358974359 0.045432692307692306 0.06217948717948718
0 0.5290865384615384 0.5610576923076923 0.046634615384615385 0.06378205128205128
0 0.5752403846153846 0.5628205128205128 0.047596153846153844 0.06346153846153846
0 0.6217548076923077 0.5649038461538461 0.048317307692307694 0.06378205128205128
0 0.7183894230769231 0.5650641025641026 0.05024038461538462 0.06666666666666667
0 0.7674278846153846 0.566025641025641 0.04975961538461538 0.06538461538461539
0 0.6697115384615384 0.5663461538461538 0.04903846153846154 0.06538461538461539
0 0.8173076923076923 0.5679487179487179 0.05048076923076923 0.06538461538461539
0 0.8668269230769231 0.5705128205128205 0.05 0.06538461538461539
0 0.9169471153846154 0.5729166666666666 0.04975961538461538 0.06570512820512821
0 0.12151442307692308 0.5908653846153846 0.04110576923076923 0.058012820512820515
0 0.16213942307692308 0.5926282051282051 0.04158653846153846 0.05897435897435897
0 0.2032451923076923 0.5950320512820513 0.042548076923076925 0.05993589743589744
0 0.2456730769230769 0.5975961538461538 0.04326923076923077 0.05993589743589744
0 0.28810096153846154 0.5996794871794872 0.043028846153846154 0.05961538461538462
0 0.33052884615384615 0.6027243589743589 0.04423076923076923 0.06057692307692308
0 0.37427884615384616 0.6044871794871794 0.04423076923076923 0.060897435897435896
0 0.41802884615384617 0.6064102564102564 0.04423076923076923 0.060897435897435896
0 0.46189903846153846 0.6088141025641025 0.04495192307692308 0.06185897435897436
0 0.5058894230769231 0.6118589743589744 0.04591346153846154 0.06217948717948718
0 0.5512019230769231 0.6139423076923077 0.046634615384615385 0.06185897435897436
0 0.5971153846153846 0.6161858974358975 0.047115384615384615 0.06442307692307692
0 0.64375 0.61875 0.04855769230769231 0.06378205128205128
0 0.7408653846153846 0.6197115384615385 0.05 0.06634615384615385
0 0.7894230769230769 0.6209935897435898 0.04855769230769231 0.06506410256410257
0 0.6919471153846154 0.6211538461538462 0.04975961538461538 0.0641025641025641
0 0.8382211538461538 0.6230769230769231 0.05 0.06538461538461539
0 0.8876201923076923 0.6256410256410256 0.04975961538461538 0.06538461538461539
0 0.14375 0.6397435897435897 0.040865384615384616 0.058333333333333334
0 0.1842548076923077 0.6424679487179488 0.04158653846153846 0.05929487179487179
0 0.22572115384615385 0.6453525641025641 0.04230769230769231 0.05929487179487179
0 0.26778846153846153 0.6483974358974359 0.04375 0.05961538461538462
0 0.31033653846153847 0.6509615384615385 0.04326923076923077 0.06025641025641026
0 0.353125 0.6525641025641026 0.04423076923076923 0.06025641025641026
0 0.39639423076923075 0.6551282051282051 0.04423076923076923 0.06025641025641026
0 0.43966346153846153 0.6573717948717949 0.04471153846153846 0.060897435897435896
0 0.4831730769230769 0.6604166666666667 0.04519230769230769 0.05993589743589744
0 0.5278846153846154 0.6631410256410256 0.04567307692307692 0.06153846153846154
0 0.5728365384615385 0.666025641025641 0.046634615384615385 0.06217948717948718
0 0.6191105769230769 0.669551282051282 0.04783653846153846 0.06282051282051282
0 0.6661057692307693 0.6721153846153847 0.04807692307692308 0.06153846153846154
0 0.713701923076923 0.6743589743589744 0.04951923076923077 0.06474358974358975
0 0.762860576923077 0.6745192307692308 0.04975961538461538 0.06506410256410257
0 0.8102163461538462 0.6753205128205129 0.048317307692307694 0.0641025641025641
0 0.8591346153846153 0.6775641025641026 0.04951923076923077 0.06346153846153846
0 0.9076923076923077 0.6798076923076923 0.04807692307692308 0.06282051282051282
0 0.12608173076923077 0.6860576923076923 0.04014423076923077 0.058012820512820515
0 0.165625 0.6887820512820513 0.04038461538461539 0.057692307692307696
0 0.2064903846153846 0.6915064102564102 0.04230769230769231 0.058012820512820515
0 0.24795673076923078 0.6950320512820513 0.042548076923076925 0.058012820512820515
0 0.2899038461538462 0.698076923076923 0.04326923076923077 0.058333333333333334
0 0.3329326923076923 0.700801282051282 0.04326923076923077 0.05993589743589744
0 0.3752403846153846 0.7030448717948717 0.04326923076923077 0.06057692307692308
0 0.41802884615384617 0.7060897435897436 0.04375 0.06153846153846154
0 0.4611778846153846 0.7084935897435898 0.04447115384615385 0.06185897435897436
0 0.5051682692307692 0.7108974358974359 0.04495192307692308 0.060897435897435896
0 0.5497596153846154 0.7149038461538462 0.046153846153846156 0.061217948717948716
0 0.5948317307692308 0.71875 0.04639423076923077 0.061217948717948716
0 0.6413461538461539 0.721474358974359 0.047596153846153844 0.06217948717948718
0 0.6882211538461539 0.7243589743589743 0.04807692307692308 0.06217948717948718
0 0.7834134615384616 0.7266025641025641 0.04807692307692308 0.06346153846153846
0 0.7355769230769231 0.7270833333333333 0.04807692307692308 0.06314102564102564
0 0.83125 0.7280448717948718 0.04903846153846154 0.0625
0 0.8799278846153846 0.7301282051282051 0.04735576923076923 0.06282051282051282
0 0.14735576923076923 0.7342948717948717 0.038461538461538464 0.057692307692307696
0 0.1858173076923077 0.7391025641025641 0.04038461538461539 0.058333333333333334
0 0.2266826923076923 0.7426282051282052 0.04278846153846154 0.058333333333333334
0 0.2698317307692308 0.7445512820512821 0.042548076923076925 0.05897435897435897
0 0.31177884615384616 0.7474358974358974 0.04278846153846154 0.05897435897435897
0 0.3540865384615385 0.749198717948718 0.04230769230769231 0.058653846153846154
0 0.39615384615384613 0.7533653846153846 0.04326923076923077 0.05929487179487179
0 0.4390625 0.7573717948717948 0.04495192307692308 0.05961538461538462
0 0.4832932692307692 0.7591346153846154 0.04447115384615385 0.05993589743589744
0 0.5270432692307693 0.7620192307692307 0.04447115384615385 0.06057692307692308
0 0.5716346153846154 0.7661858974358975 0.04567307692307692 0.05993589743589744
0 0.6169471153846153 0.7700320512820513 0.04639423076923077 0.061217948717948716
0 0.6628605769230769 0.7732371794871795 0.04639423076923077 0.06057692307692308
0 0.709375 0.7764423076923077 0.04807692307692308 0.06185897435897436
0 0.8044471153846153 0.778525641025641 0.04783653846153846 0.0641025641025641
0 0.7569711538461539 0.7788461538461539 0.047596153846153844 0.06282051282051282
0 0.12992788461538463 0.7793269230769231 0.03918269230769231 0.05608974358974359
0 0.8516826923076923 0.7801282051282051 0.047596153846153844 0.06282051282051282
0 0.8990384615384616 0.7823717948717949 0.047596153846153844 0.06153846153846154
0 0.1683894230769231 0.7836538461538461 0.040625 0.05641025641025641
0 0.20865384615384616 0.7873397435897436 0.041346153846153845 0.05673076923076923
0 0.24951923076923077 0.7905448717948718 0.040865384615384616 0.058012820512820515
0 0.29122596153846153 0.7939102564102564 0.043028846153846154 0.05961538461538462
0 0.3340144230769231 0.7967948717948717 0.042067307692307696 0.06025641025641026
0 0.37572115384615384 0.7998397435897436 0.04278846153846154 0.06057692307692308
0 0.41790865384615383 0.8035256410256411 0.043028846153846154 0.05961538461538462
0 0.46081730769230766 0.8060897435897436 0.04375 0.060897435897435896
0 0.5042067307692307 0.8099358974358974 0.04447115384615385 0.06153846153846154
0 0.5481971153846154 0.8137820512820513 0.04495192307692308 0.06153846153846154
0 0.5925480769230769 0.8177884615384615 0.046153846153846156 0.0625
0 0.6381009615384615 0.8213141025641025 0.04639423076923077 0.061217948717948716
0 0.6842548076923077 0.8248397435897435 0.04591346153846154 0.06185897435897436
0 0.14939903846153846 0.8254807692307692 0.040625 0.05032051282051282
0 0.7301682692307693 0.8278846153846153 0.048317307692307694 0.06153846153846154
0 0.8247596153846154 0.8301282051282052 0.047115384615384615 0.06346153846153846
0 0.7776442307692307 0.830448717948718 0.047596153846153844 0.06217948717948718
0 0.8717548076923077 0.8317307692307693 0.04591346153846154 0.06217948717948718
0 0.18798076923076923 0.8336538461538462 0.04038461538461539 0.058333333333333334
0 0.22788461538461538 0.8371794871794872 0.04038461538461539 0.057692307692307696
0 0.2685096153846154 0.8413461538461539 0.04230769230769231 0.058333333333333334
0 0.31021634615384613 0.8443910256410256 0.04158653846153846 0.05929487179487179
0 0.35204326923076923 0.8475961538461538 0.04158653846153846 0.058012820512820515
0 0.3933894230769231 0.850801282051282 0.042067307692307696 0.05929487179487179
0 0.43569711538461536 0.854326923076923 0.042548076923076925 0.05993589743589744
0 0.47860576923076925 0.8584935897435897 0.04375 0.05993589743589744
0 0.5216346153846154 0.8625 0.04375 0.06217948717948718
0 0.5657451923076923 0.8666666666666667 0.04399038461538462 0.060897435897435896
0 0.6100961538461539 0.8708333333333333 0.04519230769230769 0.06153846153846154
0 0.6551682692307692 0.8738782051282051 0.045432692307692306 0.061217948717948716
0 0.7008413461538462 0.8772435897435897 0.045432692307692306 0.06153846153846154
0 0.7466346153846154 0.8807692307692307 0.046153846153846156 0.06153846153846154
0 0.8395432692307693 0.8826923076923077 0.04639423076923077 0.06217948717948718
0 0.7931490384615385 0.8834935897435897 0.04591346153846154 0.06378205128205128
0 0.8864182692307693 0.8844551282051282 0.04783653846153846 0.05929487179487179
0 0.7117788461538461 0.16266025641025642 0.051923076923076926 0.07083333333333333
0 0.7632211538461539 0.16282051282051282 0.052403846153846155 0.06987179487179487
0 0.815625 0.16330128205128205 0.052884615384615384 0.06891025641025642
0 0.6092548076923077 0.16346153846153846 0.05024038461538462 0.0685897435897436
0 0.8682692307692308 0.16474358974358974 0.05384615384615385 0.0685897435897436
0 0.5599759615384615 0.16522435897435897 0.04975961538461538 0.06826923076923076
0 0.9236778846153846 0.16826923076923078 0.054086538461538464 0.06987179487179487
0 0.5109375 0.1703525641025641 0.04879807692307692 0.06762820512820512
0 0.4628605769230769 0.1717948717948718 0.04783653846153846 0.06794871794871794
0 0.4152644230769231 0.17227564102564102 0.04879807692307692 0.06634615384615385
0 0.36790865384615384 0.17259615384615384 0.04735576923076923 0.06570512820512821
0 0.2764423076923077 0.1737179487179487 0.046634615384615385 0.06474358974358975
0 0.2311298076923077 0.17419871794871794 0.04591346153846154 0.06506410256410257
0 0.18617788461538462 0.17435897435897435 0.04495192307692308 0.06474358974358975
0 0.14266826923076922 0.175 0.04399038461538462 0.06346153846153846
0 0.0998798076923077 0.17548076923076922 0.04350961538461538 0.061217948717948716
0 0.6832932692307693 0.22259615384615383 0.050721153846153846 0.06955128205128205
0 0.7347355769230769 0.22275641025641027 0.05216346153846154 0.06987179487179487
0 0.6331730769230769 0.2232371794871795 0.05096153846153846 0.06826923076923076
0 0.786298076923077 0.22355769230769232 0.051923076923076926 0.06955128205128205
0 0.5835336538461539 0.22403846153846155 0.04975961538461538 0.07051282051282051
0 0.8377403846153846 0.22403846153846155 0.052403846153846155 0.07051282051282051
0 0.8908653846153847 0.22548076923076923 0.05432692307692308 0.07083333333333333
0 0.5347355769230769 0.22900641025641025 0.04879807692307692 0.06955128205128205
0 0.12415865384615385 0.22948717948717948 0.042067307692307696 0.06602564102564103
0 0.9447115384615384 0.2298076923076923 0.052884615384615384 0.0685897435897436
0 0.2549278846153846 0.2299679487179487 0.04591346153846154 0.06698717948717949
0 0.3001201923076923 0.2299679487179487 0.046875 0.06570512820512821
0 0.48653846153846153 0.2299679487179487 0.04855769230769231 0.06891025641025642
0 0.16706730769230768 0.2299679487179487 0.04471153846153846 0.06378205128205128
0 0.2108173076923077 0.2299679487179487 0.04375 0.06570512820512821
0 0.3465144230769231 0.23028846153846153 0.04591346153846154 0.06698717948717949
0 0.4388221153846154 0.23044871794871793 0.04783653846153846 0.0685897435897436
0 0.3920673076923077 0.23060897435897437 0.047115384615384615 0.06891025641025642
0 0.65625 0.28173076923076923 0.05096153846153846 0.0685897435897436
0 0.7064903846153846 0.28173076923076923 0.05144230769230769 0.06923076923076923
0 0.7576923076923077 0.28221153846153846 0.051923076923076926 0.06955128205128205
0 0.606610576923077 0.2830128205128205 0.04975961538461538 0.06987179487179487
0 0.8094951923076923 0.2831730769230769 0.05264423076923077 0.07019230769230769
0 0.1045673076923077 0.28349358974358974 0.04278846153846154 0.06185897435897436
0 0.8614182692307693 0.2841346153846154 0.05216346153846154 0.07019230769230769
0 0.14759615384615385 0.2844551282051282 0.04326923076923077 0.06314102564102564
0 0.19002403846153845 0.2846153846153846 0.04399038461538462 0.06346153846153846
0 0.23461538461538461 0.2858974358974359 0.04519230769230769 0.06474358974358975
0 0.9132211538461539 0.2860576923076923 0.052403846153846155 0.06955128205128205
0 0.2793269230769231 0.2865384615384615 0.04567307692307692 0.06602564102564103
0 0.5580528846153846 0.28717948717948716 0.048317307692307694 0.06987179487179487
0 0.3247596153846154 0.28733974358974357 0.046153846153846156 0.06570512820512821
0 0.5100961538461538 0.2876602564102564 0.04855769230769231 0.06826923076923076
0 0.3705528846153846 0.2878205128205128 0.04639423076923077 0.06666666666666667
0 0.41622596153846153 0.2879807692307692 0.04735576923076923 0.06634615384615385
0 0.46274038461538464 0.2881410256410256 0.047596153846153844 0.0673076923076923