0 0.07399577187499999 0.41384778046875 0.083509515625 0.08562367968750002
0 0.15327695546875 0.41014799140624997 0.07293868906249998 0.0739957734375
0 0.22463002109375002 0.4001057078125 0.06976744218750001 0.07505285312500001
0 0.2933403796875 0.39693446015625 0.0655391125 0.07293868906250003
0 0.35782241015625005 0.395877378125 0.06342494843749998 0.06871035937499999
0 0.33720930312499997 0.32769556015625 0.060253699999999986 0.06765327656250002
0 0.40591966171875005 0.33350951328125 0.06448202968750003 0.06659619531249997
0 0.46828752656250006 0.33509513671875 0.06236786250000002 0.0655391109375
0 0.5295983078125 0.3366807609375 0.05391120625000001 0.06448203124999999
0 0.5808668070312499 0.33773784375 0.0528541234375 0.062367865625000005
0 0.6331923890625 0.33509513750000003 0.04756870937500004 0.06342494687499997
0 0.68393234765625 0.33456659687499996 0.04545454531250002 0.05813953437500001
0 0.7304439742187501 0.3335095140625 0.041226214062499975 0.06448203125000003
0 0.77536997890625 0.3345665953125 0.0443974640625 0.06659619375
0 0.7986257929687499 0.3800211421875 0.044397460937499925 0.05179704062500003
0 0.8551797046875 0.3831923890625 0.04334038124999999 0.05391120312499997
0 0.112050740625 0.47885835078124994 0.072938690625 0.07188160781250001
0 0.18657505390625 0.47040169140625 0.06976744218750001 0.07610993593749997
0 0.25211416484375004 0.46617336171875 0.06976744218750004 0.07188160781250001
0 0.31659619453125 0.4582452437500001 0.0613107828125 0.06871035937499999
0 0.42653277031250003 0.39482029609375 0.05708245312500004 0.06871036093749998
0 0.4889006343749999 0.40063424921874996 0.05919661874999997 0.0613107828125
0 0.5507399578125 0.3995771671875 0.05179704062499999 0.06553911250000004
0 0.604122621875 0.40063424999999997 0.04862579375000005 0.057082453125
0 0.6590909085937501 0.39059196640625 0.04862579218750005 0.06448202968750003
0 0.70983086640625 0.39112050703124995 0.05073995781250007 0.052854123437499956
0 0.7478858351562501 0.3890063421875 0.04651162656250003 0.054968287500000025
0 0.07188160703125 0.5523255820312499 0.0729386890625 0.07505285468750005
0 0.14376321328125 0.5443974625 0.06659619531249998 0.07399577187500003
0 0.2145877375 0.53224101484375 0.06659619374999999 0.07082452343750001
0 0.28488372109375 0.53382663828125 0.07399577343750004 0.06553911406249995
0 0.386892178125 0.45560253671875 0.05813953437500001 0.07188160781250001
0 0.45190274921875 0.4534883718750001 0.06131078281250009 0.07399577187499995
0 0.51902748359375 0.4593023265625 0.051797039062499994 0.060253699999999986
0 0.5692389 0.4550739953124999 0.04862579375000005 0.05602536875000004
0 0.6194503164062499 0.45084566640625 0.051797039062499994 0.05602537031249995
0 0.67547568671875 0.44767441874999997 0.049682876562500054 0.05391120625000001
0 0.72832981015625 0.44503171249999995 0.047568710937500036 0.054968287500000025
0 0.77114164921875 0.43393234609375 0.03805496718749994 0.05391120468749992
0 0.8134249468749999 0.43181818125 0.044397462500000096 0.04756870937500004
0 0.8631078226562501 0.4323467234375 0.04439746406249991 0.04862579375000005
0 0.10993657578125 0.6168076109375 0.07293868906249999 0.08139535000000002
0 0.18551797109375 0.6088794921874999 0.0676532765625 0.08033826562500002
0 0.25845665859375 0.600951375 0.0697674421875 0.06871035937500007
0 0.33192388984375 0.5956659625 0.05602537031249999 0.062367865625000005
0 0.35623678671875003 0.52431289609375 0.05391120468750001 0.07188160781250001
0 0.41596194531249997 0.51268498984375 0.054968287500000025 0.0697674421875
0 0.48255813906249995 0.5137420718750001 0.05285412187500001 0.05919661562499998
0 0.5459830875 0.5174418609375 0.054968287500000025 0.06025370000000008
0 0.6078224101562499 0.51162790625 0.049682873437499976 0.05073995937499998
0 0.65274841484375 0.5015856234375 0.04439746093750001 0.053911203125000015
0 0.69926004296875 0.502114165625 0.05073995781249998 0.04862579374999996
0 0.749471459375 0.48784355234374993 0.04122621562500006 0.05179704218749999
0 0.7938689218749999 0.48731501093750007 0.04334038124999999 0.04862579375000005
0 0.83615221875 0.48150105703125 0.030655390625000046 0.047568710937499946
0 0.08139534921875 0.7019027484375 0.07716701718749999 0.07399577187500003
0 0.1490486265625 0.67917547578125 0.06659619375 0.06871035781249998
0 0.22832981015625 0.67441860390625 0.06871035781249998 0.06553911093749995
0 0.2922832984375 0.66226215703125 0.06131078125 0.07082452343749993
0 0.35835095156249996 0.65327695546875 0.060253699999999986 0.06342494843750002
0 0.3853065546875 0.57928118359375 0.04862579375 0.07188160781250001
0 0.41543340390624994 0.636892178125 0.051797039062499994 0.05813953437499997
0 0.1205074 0.7626849890624999 0.070824525 0.070824525
0 0.19397462968749998 0.749471459375 0.07399577187499999 0.07399577187499995
0 0.2653276953125 0.7352008453125001 0.060253700000000035 0.062367865625000005
0 0.32822410078124997 0.7161733609375001 0.057082451562500004 0.06659619375000006
0 0.390591965625 0.7103594078125 0.054968287500000025 0.06131078437500008
0 0.08720930234374999 0.8319238906249999 0.0676532765625 0.06765327812499997
0 0.15539111953125 0.8123678648437501 0.07082452343750001 0.062367864062500014
0 0.22727272734374998 0.799682875 0.0729386921875 0.060253699999999986
0 0.29809725234375 0.7869978859375 0.06871035781249998 0.06236786562499992
0 0.36469344609375 0.77378435546875 0.062367864062500014 0.06765327968749997
0 0.423361521875 0.7621564484375 0.05919661875000002 0.05708245312500004
0 0.44873150078124996 0.69344608828125 0.05073995781249998 0.057082451562500046
0 0.45243128906249996 0.576638478125 0.06448202812499995 0.06871035937499999
0 0.47832981015625 0.6353065546875 0.06342494843749993 0.054968287499999935
0 0.5031712468749999 0.68446088828125 0.05179704062499999 0.062367864062499924
0 0.480972515625 0.7515856234375 0.05391120625000001 0.05919661874999997
0 0.516384778125 0.5718816062500001 0.05073995624999998 0.05708245312500004
0 0.53752642734375 0.62473572890625 0.0528541234375 0.0613107828125
0 0.5628964062499999 0.67336152265625 0.046511628125000024 0.057082451562499956
0 0.5343551804687501 0.7362579281249999 0.04862579218750005 0.058139537500000046
0 0.5850951375 0.72410148046875 0.05285412187500001 0.0528541234375
0 0.58086680859375 0.5702959828124999 0.05073995781249998 0.05391120625000001
0 0.5977801265625 0.62262156484375 0.046511628125000024 0.059196617187500064
0 0.61733615234375 0.6686046515624999 0.04545454531250002 0.05813953437499997
0 0.6469344609375 0.714059196875 0.04334038124999999 0.05813953437499997
0 0.62790697734375 0.56395348828125 0.049682873437499976 0.06448202968750003
0 0.6717758984375 0.557082453125 0.04862579374999996 0.06131078125
0 0.6421775890625 0.61363636328125 0.04862579375000005 0.04545454531249993
0 0.66966173359375 0.65327695625 0.05073995781249998 0.054968287499999935
0 0.70084566640625 0.7040169140625 0.049682873437500066 0.05708245312500004
0 0.7013742078125 0.59936575 0.05073995625000007 0.05073995937499998
0 0.72621564453125 0.5422832984375 0.04122621718749997 0.05708245000000005
0 0.7706131078125 0.5417547578124999 0.04122621562499997 0.05602536875000004
0 0.75 0.5930232562500001 0.03805496875000003 0.054968287499999935
0 0.7219873156250001 0.65010570859375 0.04122621562499997 0.04651162656249994
0 0.8102537 0.53224101484375 0.029598309374999944 0.04545454531250002
0 0.8572938695312502 0.52801268515625 0.03911205156249995 0.047568710937499946
0 0.8779069765624999 0.480972515625 0.03594080312500001 0.044397462500000005
0 0.7928118390625001 0.5819238898437501 0.04334038124999999 0.049682873437499976
0 0.8313953476562499 0.58033826640625 0.04016913281250005 0.04228329531249999
0 0.87843551796875 0.5761099375000001 0.03488372031250009 0.05708245312499995
0 0.7647991546874999 0.6363636359375 0.03594080312500001 0.05073995625000007
0 0.8102536992187499 0.63107822421875 0.03382663906249998 0.05073995781249998
0 0.8557082453125 0.623678646875 0.044397462499999915 0.054968287500000025
0 0.8731501054687498 0.66490486328125 0.03911205156249995 0.05073995781249998
0 0.8329809718749999 0.68234672265625 0.036997884374999936 0.047568710937499946
0 0.747885834375 0.69344608828125 0.04862579374999996 0.05073995781249998
0 0.78594080390625 0.6855179695312501 0.03805496718750003 0.047568710937499946
0 0.9101479921875001 0.6612050734375 0.034883721875000086 0.04968287500000006