0 0.9567307692307693 0.2764423076923077 0.08173076923076923 0.14903846153846154
0 0.8677884615384616 0.2824519230769231 0.09375 0.14182692307692307
0 0.7740384615384616 0.28725961538461536 0.09134615384615384 0.14182692307692307
0 0.6838942307692307 0.2932692307692308 0.0889423076923077 0.14182692307692307
0 0.5925480769230769 0.2956730769230769 0.08653846153846154 0.13701923076923078
0 0.5072115384615384 0.3016826923076923 0.08173076923076923 0.1346153846153846
0 0.41947115384615385 0.3016826923076923 0.08173076923076923 0.1346153846153846
0 0.34134615384615385 0.3088942307692308 0.07692307692307693 0.12980769230769232
0 0.17668269230769232 0.3088942307692308 0.07692307692307693 0.13221153846153846
0 0.10096153846153846 0.3088942307692308 0.07692307692307693 0.13221153846153846
0 0.26322115384615385 0.31009615384615385 0.07932692307692307 0.13221153846153846
0 0.03125 0.31009615384615385 0.0625 0.12740384615384615
0 0.9086538461538461 0.40384615384615385 0.09375 0.14182692307692307
0 0.8137019230769231 0.4074519230769231 0.09134615384615384 0.14182692307692307
0 0.7223557692307693 0.4098557692307692 0.0889423076923077 0.14423076923076922
0 0.6298076923076923 0.4110576923076923 0.08653846153846154 0.14182692307692307
0 0.3701923076923077 0.41586538461538464 0.08173076923076923 0.13221153846153846
0 0.5420673076923077 0.41586538461538464 0.08413461538461539 0.13942307692307693
0 0.28966346153846156 0.41947115384615385 0.08173076923076923 0.12740384615384615
0 0.4579326923076923 0.4206730769230769 0.08413461538461539 0.13942307692307693
0 0.046875 0.4206730769230769 0.07932692307692307 0.1346153846153846
0 0.20793269230769232 0.4206730769230769 0.08173076923076923 0.13221153846153846
0 0.12620192307692307 0.4206730769230769 0.08173076923076923 0.13221153846153846
0 0.9591346153846154 0.04807692307692308 0.07932692307692307 0.09615384615384616
0 0.8725961538461539 0.052884615384615384 0.09615384615384616 0.10576923076923077
0 0.7632211538461539 0.53125 0.0889423076923077 0.14182692307692307
0 0.671875 0.5324519230769231 0.0889423076923077 0.13942307692307693
0 0.8629807692307693 0.5336538461538461 0.09134615384615384 0.14182692307692307
0 0.953125 0.5336538461538461 0.09134615384615384 0.15144230769230768
0 0.07932692307692307 0.5348557692307693 0.08173076923076923 0.12980769230769232
0 0.5829326923076923 0.5360576923076923 0.0889423076923077 0.13701923076923078
0 0.4951923076923077 0.5372596153846154 0.08413461538461539 0.14182692307692307
0 0.4110576923076923 0.5384615384615384 0.08173076923076923 0.1346153846153846
0 0.1778846153846154 0.5432692307692307 0.07932692307692307 0.13221153846153846
0 0.3389423076923077 0.5432692307692307 0.07451923076923077 0.12980769230769232
0 0.25961538461538464 0.5432692307692307 0.07932692307692307 0.12980769230769232
0 0.7788461538461539 0.056490384615384616 0.09134615384615384 0.11298076923076923
0 0.6875 0.05889423076923077 0.09375 0.11778846153846154
0 0.5973557692307693 0.06129807692307692 0.08653846153846154 0.12259615384615384
0 0.5372596153846154 0.6538461538461539 0.08653846153846154 0.13701923076923078
0 0.28966346153846156 0.6550480769230769 0.08173076923076923 0.13701923076923078
0 0.5120192307692307 0.06610576923076923 0.08413461538461539 0.13221153846153846
0 0.6274038461538461 0.6550480769230769 0.0889423076923077 0.13701923076923078
0 0.20432692307692307 0.6550480769230769 0.07932692307692307 0.13701923076923078
0 0.4483173076923077 0.6550480769230769 0.08413461538461539 0.13701923076923078
0 0.12259615384615384 0.65625 0.07932692307692307 0.1346153846153846
0 0.71875 0.65625 0.0889423076923077 0.14182692307692307
0 0.05048076923076923 0.65625 0.07451923076923077 0.12740384615384615
0 0.8088942307692307 0.6574519230769231 0.09134615384615384 0.14423076923076922
0 0.375 0.6574519230769231 0.07692307692307693 0.13221153846153846
0 0.9026442307692307 0.6586538461538461 0.09615384615384616 0.14423076923076922
0 0.42788461538461536 0.06971153846153846 0.08413461538461539 0.1346153846153846
0 0.3425480769230769 0.07211538461538461 0.08413461538461539 0.13701923076923078
0 0.2608173076923077 0.0733173076923077 0.08173076923076923 0.13221153846153846
0 0.18028846153846154 0.07451923076923077 0.07932692307692307 0.1346153846153846
0 0.027644230769230768 0.07692307692307693 0.055288461538461536 0.13221153846153846
0 0.078125 0.7704326923076923 0.07932692307692307 0.13701923076923078
0 0.15985576923076922 0.7704326923076923 0.07932692307692307 0.13221153846153846
0 0.23918269230769232 0.7716346153846154 0.08173076923076923 0.13221153846153846
0 0.31971153846153844 0.7752403846153846 0.08173076923076923 0.13701923076923078
0 0.4050480769230769 0.7752403846153846 0.08413461538461539 0.13701923076923078
0 0.49158653846153844 0.7764423076923077 0.08653846153846154 0.13942307692307693
0 0.5865384615384616 0.7788461538461539 0.08413461538461539 0.14182692307692307
0 0.6658653846153846 0.7800480769230769 0.0889423076923077 0.14423076923076922
0 0.09975961538461539 0.07932692307692307 0.07932692307692307 0.13221153846153846
0 0.7620192307692307 0.78125 0.09375 0.14182692307692307
0 0.8557692307692307 0.7848557692307693 0.09375 0.14423076923076922
0 0.9555288461538461 0.7920673076923077 0.08653846153846154 0.15384615384615385
0 0.03485576923076923 0.8894230769230769 0.06971153846153846 0.13942307692307693
0 0.12259615384615384 0.890625 0.08173076923076923 0.1346153846153846
0 0.27524038461538464 0.8930288461538461 0.08413461538461539 0.1346153846153846
0 0.19951923076923078 0.8930288461538461 0.07692307692307693 0.13701923076923078
0 0.36177884615384615 0.8966346153846154 0.08653846153846154 0.13701923076923078
0 0.44591346153846156 0.8978365384615384 0.08173076923076923 0.14182692307692307
0 0.53125 0.8990384615384616 0.0889423076923077 0.14182692307692307
0 0.6225961538461539 0.9038461538461539 0.0889423076923077 0.14182692307692307
0 0.7115384615384616 0.9074519230769231 0.08653846153846154 0.1466346153846154
0 0.8064903846153846 0.9098557692307693 0.09375 0.1466346153846154
0 0.9050480769230769 0.9182692307692307 0.09375 0.1466346153846154
0 0.9747596153846154 0.9230769230769231 0.04807692307692308 0.14903846153846154
0 0.9158653846153846 0.15144230769230768 0.09615384615384616 0.14423076923076922
0 0.8245192307692307 0.1622596153846154 0.09134615384615384 0.14423076923076922
0 0.7319711538461539 0.16826923076923078 0.09134615384615384 0.14182692307692307
0 0.5492788461538461 0.17307692307692307 0.08653846153846154 0.13701923076923078
0 0.6418269230769231 0.17668269230769232 0.08653846153846154 0.13701923076923078
0 0.46033653846153844 0.18028846153846154 0.08653846153846154 0.1346153846153846
0 0.38100961538461536 0.19110576923076922 0.07932692307692307 0.1346153846153846
0 0.22355769230769232 0.19471153846153846 0.08413461538461539 0.13221153846153846
0 0.3137019230769231 0.20192307692307693 0.07692307692307693 0.13221153846153846
0 0.078125 0.20432692307692307 0.07932692307692307 0.125