0 0.175 0.3923611111111111 0.1 0.11527777777777778
0 0.171875 0.5902777777777778 0.10078125 0.09861111111111111
0 0.196875 0.6993055555555555 0.0921875 0.08194444444444444
0 0.2328125 0.7604166666666666 0.08125 0.0625
0 0.268359375 0.5798611111111112 0.0984375 0.09861111111111111
0 0.285546875 0.6972222222222222 0.09296875 0.08194444444444444
0 0.2703125 0.38263888888888886 0.09375 0.11388888888888889
0 0.353125 0.4486111111111111 0.11171875 0.12222222222222222
0 0.3625 0.5916666666666667 0.1015625 0.10138888888888889
0 0.379296875 0.6701388888888888 0.08984375 0.0763888888888889
0 0.391015625 0.7631944444444444 0.0828125 0.07083333333333333
0 0.462109375 0.40069444444444446 0.10234375 0.12083333333333333
0 0.464453125 0.5361111111111111 0.09609375 0.1
0 0.466796875 0.6784722222222223 0.08984375 0.08472222222222223
0 0.473828125 0.7520833333333333 0.08203125 0.06805555555555555
0 0.568359375 0.43125 0.10546875 0.12222222222222222
0 0.555859375 0.5125 0.0890625 0.08472222222222223
0 0.553515625 0.6284722222222222 0.084375 0.08472222222222223
0 0.552734375 0.7465277777777778 0.08203125 0.07222222222222222
0 0.65859375 0.37430555555555556 0.09765625 0.11805555555555555
0 0.649609375 0.5229166666666667 0.09296875 0.10138888888888889
0 0.64375 0.6659722222222222 0.08984375 0.08472222222222223
0 0.7296875 0.6583333333333333 0.08828125 0.08472222222222223
0 0.735546875 0.5027777777777778 0.0921875 0.09444444444444444
0 0.769140625 0.4048611111111111 0.10703125 0.12361111111111112