0 0.0296875 0.6197916666666666 0.021875 0.027083333333333334
0 0.03359375 0.725 0.0203125 0.025
0 0.04453125 0.6770833333333334 0.0203125 0.025
0 0.04296875 0.6427083333333333 0.0171875 0.022916666666666665
0 0.0640625 0.6927083333333334 0.021875 0.022916666666666665
0 0.071875 0.71875 0.0203125 0.022916666666666665
0 0.09296875 0.71875 0.0203125 0.022916666666666665
0 0.0578125 0.6510416666666666 0.021875 0.025
0 0.08046875 0.6520833333333333 0.021875 0.025
0 0.075 0.6197916666666666 0.021875 0.025
0 0.09921875 0.6708333333333333 0.0203125 0.025
0 0.1078125 0.6947916666666667 0.0203125 0.022916666666666665
0 0.1125 0.64375 0.021875 0.027083333333333334
0 0.121875 0.66875 0.021875 0.025
0 0.14296875 0.675 0.0234375 0.025
0 0.15859375 0.6489583333333333 0.0234375 0.025
0 0.15703125 0.690625 0.0203125 0.022916666666666665
0 0.1625 0.715625 0.0203125 0.022916666666666665
0 0.16796875 0.675 0.0234375 0.025
0 0.1859375 0.7135416666666666 0.01875 0.022916666666666665
0 0.203125 0.59375 0.025 0.029166666666666667
0 0.209375 0.6229166666666667 0.021875 0.025
0 0.2140625 0.6541666666666667 0.021875 0.025
0 0.20078125 0.6927083333333334 0.021875 0.022916666666666665
0 0.228125 0.703125 0.021875 0.022916666666666665
0 0.221875 0.6791666666666667 0.021875 0.025
0 0.23203125 0.628125 0.0234375 0.027083333333333334
0 0.2484375 0.5614583333333333 0.021875 0.025
0 0.26015625 0.5854166666666667 0.0234375 0.029166666666666667
0 0.2578125 0.628125 0.0234375 0.027083333333333334
0 0.24296875 0.6458333333333334 0.021875 0.025
0 0.24609375 0.6791666666666667 0.021875 0.025
0 0.25078125 0.7052083333333333 0.0203125 0.022916666666666665
0 0.25390625 0.734375 0.0203125 0.022916666666666665
0 0.27421875 0.6697916666666667 0.021875 0.022916666666666665
0 0.2734375 0.70625 0.021875 0.022916666666666665
0 0.28203125 0.7239583333333334 0.0203125 0.020833333333333332
0 0.30625 0.6947916666666667 0.021875 0.022916666666666665
0 0.309375 0.721875 0.021875 0.022916666666666665
0 0.3078125 0.553125 0.021875 0.027083333333333334
0 0.31171875 0.58125 0.021875 0.025
0 0.3140625 0.609375 0.021875 0.025
0 0.31328125 0.64375 0.0203125 0.022916666666666665
0 0.32578125 0.671875 0.021875 0.022916666666666665
0 0.33125 0.725 0.021875 0.025
0 0.33203125 0.6895833333333333 0.0203125 0.020833333333333332
0 0.33203125 0.55625 0.0234375 0.025
0 0.33515625 0.58125 0.0203125 0.025
0 0.3375 0.6104166666666667 0.021875 0.025
0 0.34921875 0.6739583333333333 0.021875 0.025
0 0.3546875 0.5583333333333333 0.021875 0.025
0 0.35703125 0.5864583333333333 0.021875 0.027083333333333334
0 0.359375 0.6135416666666667 0.021875 0.022916666666666665
0 0.35546875 0.725 0.0203125 0.025
0 0.3828125 0.7208333333333333 0.021875 0.025
0 0.378125 0.6708333333333333 0.021875 0.025
0 0.3828125 0.628125 0.021875 0.022916666666666665
0 0.3796875 0.6010416666666667 0.021875 0.025
0 0.37734375 0.5708333333333333 0.0234375 0.027083333333333334
0 0.4140625 0.5385416666666667 0.021875 0.025
0 0.40390625 0.6010416666666667 0.021875 0.025
0 0.40546875 0.6322916666666667 0.021875 0.025
0 0.4046875 0.6635416666666667 0.021875 0.022916666666666665
0 0.4046875 0.6979166666666666 0.021875 0.022916666666666665
0 0.40546875 0.725 0.0203125 0.025
0 0.42578125 0.6739583333333333 0.021875 0.022916666666666665
0 0.43359375 0.7083333333333334 0.0203125 0.020833333333333332
0 0.43046875 0.6885416666666667 0.0203125 0.01875
0 0.42890625 0.603125 0.0234375 0.027083333333333334
0 0.4265625 0.5760416666666667 0.0234375 0.027083333333333334
0 0.2671875 0.646875 0.021875 0.022916666666666665
0 0.49765625 0.628125 0.0265625 0.027083333333333334
0 0.4984375 0.659375 0.025 0.027083333333333334
0 0.5265625 0.6291666666666667 0.025 0.029166666666666667
0 0.52578125 0.6895833333333333 0.0234375 0.029166666666666667
0 0.50859375 0.6958333333333333 0.0234375 0.025
0 0.50859375 0.7239583333333334 0.0234375 0.022916666666666665
0 0.53359375 0.7239583333333334 0.021875 0.025
0 0.509375 0.7479166666666667 0.021875 0.025
0 0.534375 0.7510416666666667 0.021875 0.025
0 0.55859375 0.7270833333333333 0.0234375 0.025
0 0.55234375 0.6927083333333334 0.025 0.027083333333333334
0 0.553125 0.6645833333333333 0.025 0.029166666666666667
0 0.52734375 0.65 0.0234375 0.020833333333333332
0 0.55390625 0.6333333333333333 0.0265625 0.029166666666666667
0 0.6 0.5927083333333333 0.025 0.027083333333333334
0 0.5984375 0.6229166666666667 0.025 0.025
0 0.596875 0.6510416666666666 0.0234375 0.027083333333333334
0 0.59375 0.70625 0.025 0.025
0 0.5921875 0.7364583333333333 0.0234375 0.025
0 0.590625 0.7739583333333333 0.0234375 0.022916666666666665
0 0.61640625 0.78125 0.0234375 0.025
0 0.61796875 0.746875 0.0234375 0.025
0 0.61953125 0.7125 0.0234375 0.025
0 0.646875 0.725 0.025 0.025
0 0.64453125 0.7520833333333333 0.0234375 0.025
0 0.6421875 0.7791666666666667 0.0234375 0.025
0 0.6265625 0.5947916666666667 0.025 0.027083333333333334
0 0.62421875 0.625 0.0234375 0.027083333333333334
0 0.62265625 0.6552083333333333 0.0234375 0.027083333333333334
0 0.65390625 0.596875 0.025 0.027083333333333334
0 0.65078125 0.6270833333333333 0.0234375 0.025
0 0.6484375 0.6552083333333333 0.0234375 0.025
0 0.6984375 0.6083333333333333 0.025 0.029166666666666667
0 0.696875 0.640625 0.025 0.027083333333333334
0 0.69453125 0.66875 0.0234375 0.025
0 0.68359375 0.7145833333333333 0.0234375 0.025
0 0.68203125 0.74375 0.0234375 0.025
0 0.6796875 0.7708333333333334 0.0234375 0.025
0 0.709375 0.7072916666666667 0.025 0.025
0 0.70859375 0.746875 0.0234375 0.025
0 0.70546875 0.7729166666666667 0.0234375 0.025
0 0.73125 0.7739583333333333 0.025 0.022916666666666665
0 0.73515625 0.746875 0.025 0.022916666666666665
0 0.73515625 0.70625 0.025 0.025
0 0.72109375 0.6708333333333333 0.025 0.025
0 0.72421875 0.640625 0.025 0.027083333333333334
0 0.72578125 0.6083333333333333 0.0265625 0.029166666666666667
0 0.7546875 0.6114583333333333 0.025 0.027083333333333334
0 0.7515625 0.6416666666666667 0.025 0.027083333333333334
0 0.74921875 0.6708333333333333 0.025 0.025
0 0.78125 0.5854166666666667 0.025 0.029166666666666667
0 0.78203125 0.6270833333333333 0.0265625 0.029166666666666667
0 0.77734375 0.6958333333333333 0.0234375 0.025
0 0.778125 0.7416666666666667 0.025 0.025
0 0.77578125 0.771875 0.0234375 0.022916666666666665
0 0.80546875 0.7427083333333333 0.0234375 0.022916666666666665
0 0.8015625 0.771875 0.025 0.027083333333333334
0 0.828125 0.771875 0.025 0.022916666666666665
0 0.80859375 0.7114583333333333 0.025 0.027083333333333334
0 0.80625 0.6572916666666667 0.025 0.027083333333333334
0 0.81015625 0.628125 0.0265625 0.027083333333333334
0 0.8125 0.5958333333333333 0.0265625 0.029166666666666667
0 0.84140625 0.596875 0.0265625 0.027083333333333334
0 0.83828125 0.6291666666666667 0.0265625 0.029166666666666667
0 0.83203125 0.7 0.025 0.025
0 0.8984375 0.6052083333333333 0.028125 0.029166666666666667
0 0.8921875 0.6385416666666667 0.028125 0.027083333333333334
0 0.88515625 0.6666666666666666 0.0265625 0.027083333333333334
0 0.86640625 0.6989583333333333 0.025 0.025
0 0.86015625 0.7260416666666667 0.025 0.025
0 0.8515625 0.7458333333333333 0.025 0.020833333333333332
0 0.88046875 0.75625 0.025 0.025
0 0.88671875 0.7291666666666666 0.0265625 0.025
0 0.89453125 0.703125 0.0265625 0.025
0 0.9140625 0.7322916666666667 0.025 0.025
0 0.93828125 0.73125 0.0234375 0.025
0 0.9140625 0.6885416666666667 0.025 0.022916666666666665
0 0.91328125 0.66875 0.0265625 0.027083333333333334
0 0.9203125 0.6395833333333333 0.028125 0.029166666666666667
0 0.92109375 0.5927083333333333 0.0265625 0.027083333333333334
0 0.95703125 0.6083333333333333 0.0265625 0.029166666666666667
0 0.94921875 0.6416666666666667 0.0265625 0.027083333333333334
0 0.9375 0.6625 0.025 0.025
0 0.9578125 0.6885416666666667 0.025 0.025
0 0.98359375 0.7322916666666667 0.0265625 0.025
0 0.97578125 0.7583333333333333 0.0265625 0.025
0 0.9890625 0.703125 0.021875 0.022916666666666665
0 0.98671875 0.6864583333333333 0.0265625 0.027083333333333334
0 0.990625 0.6552083333333333 0.01875 0.027083333333333334
0 0.9921875 0.6125 0.015625 0.029166666666666667
0 0.00703125 0.703125 0.0140625 0.022916666666666665
0 0.01796875 0.7166666666666667 0.0140625 0.020833333333333332
0 0.00546875 0.7125 0.0109375 0.016666666666666666
0 0.00546875 0.6510416666666666 0.0109375 0.022916666666666665