0 0.2359375 0.35208333333333336 0.0171875 0.04583333333333333
0 0.25390625 0.35520833333333335 0.0203125 0.04375
0 0.23203125 0.39166666666666666 0.0140625 0.041666666666666664
0 0.240625 0.403125 0.01875 0.04375
0 0.21953125 0.4479166666666667 0.0171875 0.041666666666666664
0 0.19765625 0.49270833333333336 0.0171875 0.03958333333333333
0 0.23671875 0.503125 0.0171875 0.041666666666666664
0 0.23828125 0.46145833333333336 0.01875 0.04375
0 0.275 0.41354166666666664 0.015625 0.04375
0 0.2921875 0.35833333333333334 0.01875 0.04583333333333333
0 0.28359375 0.425 0.0203125 0.05
0 0.2765625 0.46875 0.021875 0.04583333333333333
0 0.28125 0.5166666666666667 0.021875 0.04583333333333333
0 0.30546875 0.475 0.021875 0.04583333333333333
0 0.3125 0.43125 0.021875 0.05
0 0.30859375 0.371875 0.0234375 0.05
0 0.34296875 0.37083333333333335 0.0203125 0.052083333333333336
0 0.3515625 0.43125 0.01875 0.05
0 0.32890625 0.48125 0.0171875 0.04583333333333333
0 0.325 0.515625 0.021875 0.04375
0 0.34453125 0.48854166666666665 0.0234375 0.04791666666666667
0 0.3625 0.37604166666666666 0.025 0.05416666666666667
0 0.36953125 0.43854166666666666 0.0265625 0.052083333333333336
0 0.35703125 0.5364583333333334 0.0234375 0.04791666666666667
0 0.378125 0.5479166666666667 0.0234375 0.05
0 0.390625 0.4875 0.025 0.05
0 0.4 0.44375 0.0234375 0.05416666666666667
0 0.40078125 0.55625 0.0265625 0.05
0 0.415625 0.4552083333333333 0.028125 0.05625
0 0.4140625 0.496875 0.025 0.05
0 0.4265625 0.5708333333333333 0.028125 0.05416666666666667
0 0.4375 0.509375 0.028125 0.052083333333333336
0 0.38984375 0.38125 0.0265625 0.05416666666666667
0 0.434375 0.38333333333333336 0.03125 0.05625
0 0.503125 0.38125 0.028125 0.058333333333333334
0 0.47265625 0.45729166666666665 0.03125 0.05625
0 0.46796875 0.5260416666666666 0.0328125 0.058333333333333334
0 0.49140625 0.5739583333333333 0.0328125 0.052083333333333336
0 0.50625 0.63125 0.0375 0.0625
0 0.503125 0.4666666666666667 0.0375 0.0625
0 0.515625 0.39375 0.0375 0.0625
0 0.55234375 0.40208333333333335 0.0390625 0.0625
0 0.56640625 0.46875 0.0328125 0.0625
0 0.534375 0.5104166666666666 0.03125 0.03333333333333333
0 0.534375 0.55 0.0390625 0.0625
0 0.5140625 0.5760416666666667 0.015625 0.035416666666666666
0 0.609375 0.4010416666666667 0.04375 0.06458333333333334
0 0.590625 0.475 0.0390625 0.05
0 0.6 0.509375 0.046875 0.07083333333333333
0 0.60234375 0.5822916666666667 0.046875 0.06875
0 0.59765625 0.6166666666666667 0.0390625 0.05
0 0.6375 0.625 0.040625 0.058333333333333334
0 0.65234375 0.40729166666666666 0.0453125 0.06666666666666667
0 0.65703125 0.5114583333333333 0.0515625 0.07291666666666667
0 0.68671875 0.56875 0.046875 0.06666666666666667
0 0.678125 0.6385416666666667 0.04375 0.06041666666666667
0 0.69296875 0.6916666666666667 0.0546875 0.075
0 0.69921875 0.41041666666666665 0.0453125 0.07083333333333333
0 0.71484375 0.5197916666666667 0.05625 0.07708333333333334
0 0.7328125 0.584375 0.053125 0.07083333333333333
0 0.77734375 0.540625 0.0625 0.08125
0 0.73125 0.4270833333333333 0.05625 0.07916666666666666
0 0.79140625 0.434375 0.0625 0.08125
0 0.78984375 0.5989583333333334 0.05625 0.06458333333333334
0 0.78046875 0.671875 0.0546875 0.06875
0 0.8234375 0.6489583333333333 0.06875 0.08333333333333333
0 0.8390625 0.696875 0.0609375 0.06041666666666667
0 0.8453125 0.55625 0.06875 0.08333333333333333
0 0.85859375 0.4427083333333333 0.0671875 0.08541666666666667