0 0.06640625 0.4083333333333333 0.0515625 0.06666666666666667
0 0.07109375 0.48854166666666665 0.0515625 0.06458333333333334
0 0.075 0.5635416666666667 0.0453125 0.0625
0 0.05078125 0.6729166666666667 0.0546875 0.0625
0 0.103125 0.5833333333333334 0.053125 0.06666666666666667
0 0.11015625 0.4083333333333333 0.0421875 0.06666666666666667
0 0.1421875 0.41875 0.053125 0.07083333333333333
0 0.13203125 0.47604166666666664 0.04375 0.058333333333333334
0 0.14140625 0.6239583333333333 0.0453125 0.05625
0 0.1625 0.6604166666666667 0.053125 0.06458333333333334
0 0.16875 0.565625 0.046875 0.0625
0 0.15234375 0.5020833333333333 0.053125 0.06666666666666667
0 0.1953125 0.4197916666666667 0.053125 0.07083333333333333
0 0.221875 0.484375 0.05 0.0625
0 0.19921875 0.5927083333333333 0.0546875 0.06875
0 0.2328125 0.628125 0.05 0.06041666666666667
0 0.271875 0.41458333333333336 0.0515625 0.06666666666666667
0 0.26875 0.5041666666666667 0.0515625 0.06666666666666667
0 0.27578125 0.5833333333333334 0.0515625 0.06666666666666667
0 0.28046875 0.6541666666666667 0.0515625 0.0625
0 0.32265625 0.41770833333333335 0.0484375 0.06875
0 0.3171875 0.5145833333333333 0.0546875 0.07083333333333333
0 0.33125 0.5791666666666667 0.0515625 0.06666666666666667
0 0.3375 0.6322916666666667 0.0484375 0.05625
0 0.36796875 0.43020833333333336 0.0546875 0.06875
0 0.37578125 0.5114583333333333 0.053125 0.06875
0 0.38125 0.578125 0.05 0.0625
0 0.38515625 0.6291666666666667 0.046875 0.058333333333333334
0 0.43125 0.6395833333333333 0.05 0.058333333333333334
0 0.43125 0.5791666666666667 0.05 0.0625
0 0.43125 0.49895833333333334 0.05 0.06458333333333334
0 0.43125 0.42083333333333334 0.053125 0.07083333333333333
0 0.48359375 0.421875 0.0515625 0.07083333333333333
0 0.48203125 0.5020833333333333 0.0515625 0.06666666666666667
0 0.4796875 0.5604166666666667 0.046875 0.058333333333333334
0 0.4796875 0.6395833333333333 0.046875 0.0625
0 0.53515625 0.421875 0.0515625 0.06875
0 0.53125 0.49895833333333334 0.05 0.06458333333333334
0 0.5265625 0.5604166666666667 0.046875 0.0625
0 0.52734375 0.6385416666666667 0.0484375 0.06041666666666667
0 0.5828125 0.41770833333333335 0.046875 0.06666666666666667
0 0.58515625 0.50625 0.0515625 0.06666666666666667
0 0.575 0.5666666666666667 0.046875 0.06041666666666667
0 0.57578125 0.6427083333333333 0.0484375 0.06041666666666667
0 0.64375 0.40520833333333334 0.046875 0.06458333333333334
0 0.653125 0.49270833333333336 0.05 0.06458333333333334
0 0.65859375 0.5708333333333333 0.0484375 0.0625
0 0.634375 0.61875 0.04375 0.058333333333333334
0 0.6828125 0.6177083333333333 0.046875 0.05625
0 0.68828125 0.5479166666666667 0.0421875 0.058333333333333334
0 0.70390625 0.4947916666666667 0.0484375 0.06458333333333334
0 0.703125 0.41458333333333336 0.05 0.06666666666666667
0 0.7640625 0.6625 0.05 0.0625
0 0.75703125 0.571875 0.0484375 0.0625
0 0.73515625 0.48333333333333334 0.0390625 0.06041666666666667
0 0.7515625 0.4166666666666667 0.046875 0.06666666666666667
0 0.790625 0.48854166666666665 0.046875 0.0625
0 0.78203125 0.55 0.040625 0.058333333333333334
0 0.771875 0.6125 0.040625 0.05
0 0.8140625 0.6114583333333333 0.04375 0.05625
0 0.78671875 0.40729166666666666 0.0390625 0.0625
0 0.8296875 0.40729166666666666 0.046875 0.0625
0 0.8703125 0.5083333333333333 0.05 0.06666666666666667
0 0.86640625 0.578125 0.0484375 0.06458333333333334
0 0.8609375 0.6197916666666666 0.04375 0.04375
0 0.94921875 0.64375 0.0484375 0.0625
0 0.91953125 0.546875 0.0453125 0.058333333333333334
0 0.91171875 0.4979166666666667 0.0453125 0.06666666666666667
0 0.87109375 0.403125 0.04375 0.06041666666666667
0 0.94609375 0.4125 0.046875 0.06666666666666667
0 0.95234375 0.49375 0.0453125 0.0625
0 0.96015625 0.5416666666666666 0.0421875 0.058333333333333334
0 0.94609375 0.596875 0.0375 0.0375
0 0.98203125 0.603125 0.0359375 0.05625
0 0.99375 0.496875 0.0125 0.06458333333333334
0 0.9828125 0.409375 0.034375 0.06458333333333334