0 0.066015625 0.4076388888888889 0.05 0.06666666666666667
0 0.070703125 0.4888888888888889 0.0515625 0.06388888888888888
0 0.074609375 0.5638888888888889 0.0453125 0.06111111111111111
0 0.05078125 0.6729166666666667 0.0546875 0.06527777777777778
0 0.103515625 0.5833333333333334 0.05390625 0.06527777777777778
0 0.110546875 0.4076388888888889 0.0421875 0.06666666666666667
0 0.141796875 0.41875 0.05390625 0.07083333333333333
0 0.132421875 0.47638888888888886 0.04375 0.05694444444444444
0 0.141796875 0.6243055555555556 0.04453125 0.05555555555555555
0 0.162890625 0.6604166666666667 0.053125 0.06388888888888888
0 0.169140625 0.5652777777777778 0.04765625 0.0625
0 0.15234375 0.5027777777777778 0.053125 0.06666666666666667
0 0.195703125 0.4201388888888889 0.0546875 0.07083333333333333
0 0.222265625 0.4847222222222222 0.05 0.06388888888888888
0 0.19921875 0.5923611111111111 0.05625 0.06805555555555555
0 0.2328125 0.6284722222222222 0.04921875 0.058333333333333334
0 0.271484375 0.4152777777777778 0.0515625 0.06805555555555555
0 0.268359375 0.5034722222222222 0.0515625 0.06805555555555555
0 0.27578125 0.5833333333333334 0.053125 0.06666666666666667
0 0.280078125 0.6541666666666667 0.0515625 0.0625
0 0.322265625 0.41805555555555557 0.0484375 0.06805555555555555
0 0.316796875 0.5145833333333333 0.0546875 0.06944444444444445
0 0.330859375 0.5791666666666667 0.0515625 0.06527777777777778
0 0.3375 0.6319444444444444 0.0484375 0.05694444444444444
0 0.368359375 0.42986111111111114 0.05390625 0.06944444444444445
0 0.375390625 0.5118055555555555 0.053125 0.06805555555555555
0 0.381640625 0.5777777777777777 0.05078125 0.06111111111111111
0 0.385546875 0.6291666666666667 0.046875 0.05555555555555555
0 0.43125 0.6388888888888888 0.04921875 0.058333333333333334
0 0.43125 0.5791666666666667 0.05 0.0625
0 0.430859375 0.4986111111111111 0.05078125 0.06527777777777778
0 0.43125 0.42083333333333334 0.05234375 0.07083333333333333
0 0.483984375 0.4222222222222222 0.05234375 0.07083333333333333
0 0.48203125 0.5013888888888889 0.0515625 0.06666666666666667
0 0.4796875 0.5611111111111111 0.04765625 0.059722222222222225
0 0.4796875 0.6395833333333333 0.04765625 0.059722222222222225
0 0.535546875 0.4222222222222222 0.0515625 0.07083333333333333
0 0.53125 0.4986111111111111 0.04921875 0.06527777777777778
0 0.526953125 0.5611111111111111 0.0484375 0.06111111111111111
0 0.527734375 0.6388888888888888 0.0484375 0.06111111111111111
0 0.583203125 0.41805555555555557 0.0484375 0.06666666666666667
0 0.584765625 0.5069444444444444 0.05078125 0.06666666666666667
0 0.575390625 0.5666666666666667 0.0484375 0.059722222222222225
0 0.57578125 0.6423611111111112 0.0484375 0.059722222222222225
0 0.643359375 0.4048611111111111 0.04609375 0.06388888888888888
0 0.653125 0.4930555555555556 0.04921875 0.06388888888888888
0 0.65859375 0.5708333333333333 0.04921875 0.06388888888888888
0 0.634375 0.6194444444444445 0.0453125 0.05694444444444444
0 0.682421875 0.6180555555555556 0.0453125 0.05694444444444444
0 0.687890625 0.5479166666666667 0.0421875 0.05694444444444444
0 0.70390625 0.49444444444444446 0.04921875 0.06388888888888888
0 0.703125 0.4152777777777778 0.04921875 0.06666666666666667
0 0.7640625 0.6625 0.05 0.0625
0 0.75703125 0.5722222222222222 0.0484375 0.0625
0 0.73515625 0.4826388888888889 0.03984375 0.06111111111111111
0 0.751171875 0.4166666666666667 0.0484375 0.06666666666666667
0 0.790234375 0.48819444444444443 0.046875 0.06388888888888888
0 0.781640625 0.55 0.040625 0.058333333333333334
0 0.771875 0.6125 0.04140625 0.05
0 0.8140625 0.6118055555555556 0.04375 0.05555555555555555
0 0.787109375 0.4076388888888889 0.040625 0.06388888888888888
0 0.8296875 0.4076388888888889 0.0453125 0.0625
0 0.869921875 0.5083333333333333 0.05078125 0.06805555555555555
0 0.86640625 0.5777777777777777 0.05 0.06527777777777778
0 0.861328125 0.6201388888888889 0.04375 0.043055555555555555
0 0.94921875 0.64375 0.04765625 0.06111111111111111
0 0.919140625 0.5465277777777777 0.04453125 0.058333333333333334
0 0.912109375 0.4986111111111111 0.04609375 0.06666666666666667
0 0.87109375 0.40347222222222223 0.04375 0.0625
0 0.94609375 0.41180555555555554 0.046875 0.06527777777777778
0 0.95234375 0.49375 0.04453125 0.06388888888888888
0 0.959765625 0.5423611111111111 0.0421875 0.05694444444444444
0 0.945703125 0.5965277777777778 0.0375 0.0375
0 0.98203125 0.6034722222222222 0.0359375 0.05555555555555555
0 0.993359375 0.4965277777777778 0.01328125 0.0625
0 0.983203125 0.41041666666666665 0.03359375 0.06527777777777778