0 0.044140625 0.4409722222222222 0.040625 0.05138888888888889
0 0.0796875 0.4409722222222222 0.034375 0.04861111111111111
0 0.103125 0.4583333333333333 0.04140625 0.05277777777777778
0 0.053125 0.5041666666666667 0.040625 0.04722222222222222
0 0.06015625 0.5583333333333333 0.03359375 0.04583333333333333
0 0.082421875 0.5805555555555556 0.03984375 0.044444444444444446
0 0.048046875 0.6465277777777778 0.04140625 0.04583333333333333
0 0.14375 0.45902777777777776 0.03984375 0.04861111111111111
0 0.0921875 0.49027777777777776 0.015625 0.03611111111111111
0 0.11484375 0.5194444444444445 0.0421875 0.04722222222222222
0 0.13125 0.5604166666666667 0.0359375 0.043055555555555555
0 0.115234375 0.5993055555555555 0.03359375 0.04027777777777778
0 0.13125 0.6354166666666666 0.0390625 0.043055555555555555
0 0.153125 0.5888888888888889 0.0421875 0.04722222222222222
0 0.16953125 0.4965277777777778 0.0375 0.044444444444444446
0 0.203515625 0.44930555555555557 0.03984375 0.04861111111111111
0 0.201171875 0.5194444444444445 0.03984375 0.04722222222222222
0 0.21171875 0.5770833333333333 0.0390625 0.04583333333333333
0 0.185546875 0.6027777777777777 0.03515625 0.041666666666666664
0 0.219140625 0.6263888888888889 0.03828125 0.044444444444444446
0 0.238671875 0.5305555555555556 0.03984375 0.05
0 0.242578125 0.44930555555555557 0.03671875 0.04861111111111111
0 0.27421875 0.4666666666666667 0.040625 0.05138888888888889
0 0.28359375 0.5256944444444445 0.0390625 0.04861111111111111
0 0.293359375 0.5694444444444444 0.03828125 0.044444444444444446
0 0.264453125 0.6055555555555555 0.03671875 0.041666666666666664
0 0.254296875 0.5715277777777777 0.03984375 0.043055555555555555
0 0.301953125 0.6013888888888889 0.03515625 0.03888888888888889
0 0.329296875 0.5708333333333333 0.0375 0.044444444444444446
0 0.3234375 0.45555555555555555 0.0390625 0.05
0 0.328125 0.5104166666666666 0.0375 0.04583333333333333
0 0.33515625 0.6118055555555556 0.0375 0.04027777777777778
0 0.37109375 0.6111111111111112 0.0375 0.044444444444444446
0 0.370703125 0.5520833333333334 0.0375 0.04027777777777778
0 0.366015625 0.5138888888888888 0.03828125 0.04722222222222222
0 0.3625 0.45694444444444443 0.040625 0.05
0 0.4078125 0.6111111111111112 0.0359375 0.043055555555555555
0 0.407421875 0.5513888888888889 0.0359375 0.041666666666666664
0 0.405078125 0.5090277777777777 0.03828125 0.04722222222222222
0 0.402734375 0.45625 0.03984375 0.05138888888888889
0 0.44296875 0.4465277777777778 0.0390625 0.04861111111111111
0 0.44296875 0.5180555555555556 0.0390625 0.04722222222222222
0 0.44375 0.5576388888888889 0.0375 0.04027777777777778
0 0.444140625 0.6131944444444445 0.03671875 0.043055555555555555
0 0.49765625 0.4284722222222222 0.03671875 0.04722222222222222
0 0.499609375 0.5027777777777778 0.03828125 0.04722222222222222
0 0.503515625 0.5618055555555556 0.03828125 0.04583333333333333
0 0.49453125 0.5916666666666667 0.034375 0.03888888888888889
0 0.53828125 0.4423611111111111 0.0375 0.04861111111111111
0 0.537890625 0.5041666666666667 0.03828125 0.04722222222222222
0 0.535546875 0.5388888888888889 0.03515625 0.03611111111111111
0 0.53203125 0.5888888888888889 0.034375 0.041666666666666664
0 0.57890625 0.63125 0.0375 0.043055555555555555
0 0.57890625 0.5618055555555556 0.03671875 0.04583333333333333
0 0.56953125 0.4875 0.0359375 0.044444444444444446
0 0.576171875 0.4423611111111111 0.0375 0.04861111111111111
0 0.60859375 0.42916666666666664 0.0359375 0.04722222222222222
0 0.609765625 0.49444444444444446 0.03671875 0.044444444444444446
0 0.60703125 0.5381944444444444 0.034375 0.043055555555555555
0 0.601953125 0.5854166666666667 0.03359375 0.043055555555555555
0 0.64453125 0.4284722222222222 0.0359375 0.04722222222222222
0 0.65859375 0.5180555555555556 0.03828125 0.04722222222222222
0 0.65859375 0.5680555555555555 0.0375 0.04583333333333333
0 0.634765625 0.5826388888888889 0.03203125 0.04027777777777778
0 0.679296875 0.42291666666666666 0.03515625 0.04722222222222222
0 0.694140625 0.5076388888888889 0.0375 0.04722222222222222
0 0.681640625 0.5402777777777777 0.028125 0.027777777777777776
0 0.672265625 0.5833333333333334 0.03359375 0.041666666666666664
0 0.724609375 0.6131944444444445 0.0359375 0.043055555555555555
0 0.715234375 0.5368055555555555 0.03515625 0.0375
0 0.729296875 0.5013888888888889 0.0359375 0.04722222222222222
0 0.728125 0.4375 0.0359375 0.04722222222222222
0 0.7640625 0.43472222222222223 0.0359375 0.04722222222222222
0 0.7734375 0.5034722222222222 0.0375 0.04722222222222222
0 0.748046875 0.5284722222222222 0.03359375 0.043055555555555555
0 0.7390625 0.5763888888888888 0.0328125 0.041666666666666664
0 0.771484375 0.5729166666666666 0.0328125 0.04027777777777778
0 0.8078125 0.5569444444444445 0.0359375 0.044444444444444446
0 0.80859375 0.5006944444444444 0.0359375 0.04583333333333333
0 0.79765625 0.4305555555555556 0.0359375 0.04722222222222222