0 0.1015625 0.14722222222222223 0.203125 0.29444444444444445
0 0.128515625 0.44513888888888886 0.19375 0.24583333333333332
0 0.07578125 0.8701388888888889 0.1515625 0.25972222222222224
0 0.316796875 0.43472222222222223 0.18203125 0.23333333333333334
0 0.30546875 0.15347222222222223 0.2671875 0.30694444444444446
0 0.260546875 0.8284722222222223 0.21796875 0.24305555555555555
0 0.50546875 0.4777777777777778 0.2078125 0.2611111111111111
0 0.565234375 0.16041666666666668 0.24921875 0.32083333333333336
0 0.475390625 0.8930555555555556 0.246875 0.21388888888888888
0 0.686328125 0.8354166666666667 0.20234375 0.22083333333333333
0 0.68828125 0.4708333333333333 0.1890625 0.24444444444444444
0 0.76796875 0.16527777777777777 0.2078125 0.30833333333333335
0 0.834765625 0.45694444444444443 0.15234375 0.21388888888888888
0 0.901171875 0.18819444444444444 0.15625 0.25416666666666665