0 0.5247830382812501 0.11405613984375 0.06562788593749999 0.1192397421875
0 0.45305024609375 0.1433221609375 0.0549442703125 0.11255105624999999
0 0.3816756703125 0.16382573828125 0.05413432500000002 0.10472357031250001
0 0.31111095390625 0.18400647421875 0.05341800781249999 0.1058367828125
0 0.244338475 0.2130769328125 0.04807617187500002 0.09746551249999999
0 0.17871065078125 0.29965532890624996 0.03739261406249998 0.06532261718750002
0 0.22526061640624997 0.29504461953125 0.03739261406250001 0.07661773593749999
0 0.27486305078125 0.2980289765625 0.05112869843750003 0.10590251250000002
0 0.34278024296875 0.28202857265625003 0.05418111093749998 0.09850234843750001
0 0.40993427265625 0.2642120125 0.05418111093750002 0.11339811874999998
0 0.47861459296875 0.2430690671875 0.05875978281250003 0.11515367812499999
0 0.55187356328125 0.364931621875 0.06639092656250005 0.11198164687499994
0 0.45190559140625003 0.369597528125 0.055707373437499985 0.10057612500000004
0 0.37788348984375003 0.38566897187500004 0.05112869843749999 0.10576044062500004
0 0.30729538125 0.3944823234375 0.04578686250000001 0.10057610937500003
0 0.23904499609374996 0.405369440625 0.043594145312499985 0.09539173124999997
0 0.17149774609375 0.37944777421875 0.0336504765625 0.08502304218749997
0 0.11231969609375 0.31982791171875 0.032813942187500014 0.07776502656249998
0 0.07797951953125 0.33661418125 0.0312876796875 0.07944597812499996
0 0.0985836125 0.41055377421875 0.02518279687499999 0.0725806890625
0 0.13368689296875 0.3941438578125 0.03128767968749999 0.08051569375
0 0.16955327265625 0.47639483125000004 0.034340148437500016 0.08398625312500005
0 0.22335282968749998 0.47564176640625 0.03968198125 0.06475503593749998
0 0.3191236796875 0.5494939484374999 0.04807622812500001 0.10990792812499998
0 0.37788349062500004 0.5431539015625 0.04502375937500003 0.10392438437500004
0 0.440840428125 0.5422358703125 0.051891740624999995 0.11198162812499994
0 0.51638876328125 0.53601468359375 0.06562782343749998 0.10783414531250006
0 0.5972788453125 0.52771975625 0.06715408749999999 0.11612910937500001
0 0.0227615515625 0.599782 0.027687753125000002 0.07361754375
0 0.06082845859375 0.5920054976562501 0.0336150078125 0.08087565781250002
0 0.11616278984375002 0.5847428835937499 0.029816573437500014 0.08088472968750002
0 0.1531463015625 0.5759340671875 0.04273445 0.08813370000000002
0 0.21347636796875 0.568348803125 0.04129628593749999 0.09228114062499992
0 0.17531453984374998 0.67099863203125 0.0412840640625 0.08605998906250001
0 0.12551309531250002 0.67618296953125 0.03783351875 0.08191250781250003
0 0.07828758984374999 0.6813673031249999 0.03495628593750001 0.07361753749999993
0 0.031443662500000004 0.68603319140625 0.031315896875 0.08087561718750003
0 0.05355986875 0.77572224375 0.031287706250000005 0.07983868437500004
0 0.01132686484375 0.770019421875 0.0226537296875 0.08294936249999996
0 0.0090375265625 0.8721508468749999 0.018075053125 0.0653225749999999
0 0.0386791453125 0.8788904953125 0.0259459 0.05599083437499992
0 0.0718746109375 0.87687120703125 0.026708999999999993 0.0602472234375
0 0.11041191015625 0.87764961171875 0.036629514062500014 0.05350906718750004
0 0.15810655703125 0.8809642 0.0434974953125 0.05391713437499988
0 0.21037988203125 0.8830923937499999 0.03662951093749998 0.04780484999999999
0 0.09822716953125 0.77209316328125 0.035153460937500006 0.08709684531250002
0 0.14933073125000002 0.7663904226562499 0.039681928125 0.08191238906249998
0 0.20198560546874997 0.7648350882812499 0.03510324843750001 0.08294935781249987
0 0.26708669296875 0.8804457742187498 0.04684039218749998 0.0487327203125
0 0.33209662812499996 0.8830923937499999 0.046549965625 0.04780484999999999
0 0.40802651484374997 0.88672145078125 0.05189180156250002 0.04054673593749989
0 0.5104723015625 0.7736484812500001 0.05989984062499998 0.11094481875000009
0 0.2985703546875 0.75342958515625 0.044922221875000015 0.09953925468750002
0 0.34697736640625 0.65270922265625 0.04731306718749999 0.08888207343750007
0 0.4141313953125 0.6533718859375 0.053418003125 0.09435488124999995
0 0.4824301664062499 0.651816590625 0.057233576562499965 0.09953925312500003
0 0.5579785015625001 0.6554456296875 0.06333851562500001 0.10679733125000004
0 0.3561347140625 0.7643166421875 0.047313068749999986 0.09642862187499998
0 0.42328880078125 0.7662117875 0.05189180156249997 0.10021891250000001
0 0.58735839296875 0.77675907578125 0.06257547343749996 0.11923970468749996