0 0.2333297265625 0.5616147734375 0.086350084375 0.12360935624999998
0 0.272622775 0.4281546890625 0.12696294375 0.18159475625
0 0.401891553125 0.38795368437499994 0.127455775 0.18310898124999997
0 0.52722830625 0.40103119375 0.12393544375000003 0.17668902812499998
0 0.5241468265625 0.5811922703125 0.12934200625 0.18510842499999997
0 0.64878890234375 0.530478353125 0.13226559218750006 0.186432396875
0 0.7833637625000001 0.4612773109375 0.12142293437500004 0.17866149375
0 0.8626271125 0.62555374765625 0.13032485624999995 0.18871196718750002
0 0.7025882273437499 0.7431714515625 0.08890742656249992 0.13248429375000007
0 0.6117448984375 0.68377528125 0.09234319375000002 0.13168102812500004
0 0.38487318359375006 0.5672192593750001 0.1256189515625 0.18055522812499997
0 0.41601286640624996 0.72166793359375 0.08618428281249998 0.12603468906249998
0 0.5156167609375 0.73710701640625 0.09126890937500001 0.1280773640625
0 0.3202311015625 0.69163129765625 0.08544160625 0.1265561671875
0 0.2092744921875 0.27534724765625 0.1231013375 0.17103826093750002
0 0.09244512031249999 0.3467035125 0.1207845 0.17135526249999997
0 0.10688881718749998 0.52437877265625 0.1268170125 0.17836422343749997
0 0.1108934109375 0.67770127578125 0.08574130625000001 0.12447089843750003
0 0.21656870156250002 0.7104064593749999 0.1242920125 0.17827775000000007
0 0.35218595625 0.8105383375 0.09243743125000004 0.12313514999999997
0 0.25154751640625 0.86508489140625 0.09022926718750002 0.12430535156250003
0 0.1133493015625 0.803855878125 0.087924578125 0.11638699062499995
0 0.2054886203125 0.888951890625 0.09846289062499998 0.14103031875000002
0 0.39988404765625 0.905981734375 0.1105677890625 0.09038371249999991
0 0.46156561796875 0.8329203515625 0.08775368281250007 0.12616919062500004
0 0.5195939328125 0.9086989546875 0.09316024375000005 0.08104361562500006
0 0.5987821304687501 0.849927609375 0.12753982031249994 0.19427905625
0 0.7417095453125 0.8620994742187499 0.09196674687500002 0.13071812343749994
0 0.87138428046875 0.8119781125 0.13008746718750003 0.17721317812499987
0 0.9613879359374999 0.87775104375 0.07722412812500004 0.10167152500000007
0 0.97954261796875 0.73699296328125 0.04091476406249992 0.16666745468750008