0 0.42455871093750003 0.27668822187500003 0.04450289999999999 0.06320821562500001
0 0.47495174218749997 0.27719919531250004 0.04188506875 0.06043041250000001
0 0.52403585703125 0.279392659375 0.039267292187500046 0.056043484374999994
0 0.5721382828125 0.2792832578125 0.03992178749999997 0.05801814375000003
0 0.62580361171875 0.28722290937499995 0.04515744531250006 0.061452396874999995
0 0.67717831015625 0.286195690625 0.045811842187499965 0.06526261875000001
0 0.726589625 0.28553663203125 0.04384845624999993 0.05955758281249999
0 0.7750192945312501 0.28795020625 0.03992178906250006 0.059997803125000006
0 0.42194090625 0.34269254375 0.040576181250000065 0.057615840625000025
0 0.47331560546875 0.34609343046875 0.03992178906249997 0.05783722031250003
0 0.52338141328125 0.34867530390625 0.04057617968749998 0.0614523921875
0 0.57410166484375 0.34648056718750003 0.041230576562499975 0.062330287499999984
0 0.625476365625 0.3547603890625 0.044502953125000036 0.05981689062499997
0 0.6784872 0.35438161796875 0.04188506875 0.057062917187499985
0 0.72888025625 0.35218687421875 0.04450295000000004 0.05794082968750001
0 0.77894606328125 0.35102998984375 0.03992178906249997 0.05674302031249998
0 0.4294671484375 0.4184676703125 0.04253956562500001 0.05706293750000002
0 0.47855123828125007 0.41978448671875 0.0399217390625 0.052673479687500004
0 0.5292714921874999 0.42102222187500005 0.04319401562499996 0.06073275312500002
0 0.5803190171875 0.42179068828125 0.04450294999999995 0.0644631484375
0 0.6366020765625 0.429441296875 0.04712073124999998 0.059696603124999956
0 0.68994021171875 0.42856340234375 0.04123067656250008 0.06145239218749996
0 0.74131491015625 0.42592973203125 0.04581184218750005 0.0614523921875
0 0.79432574375 0.4281244796875 0.04842971875000002 0.06408606249999997
0 0.43044881484374997 0.48562635546875 0.04188512343750004 0.05442926718749996
0 0.48182353828125 0.48826002109375005 0.0425395703125 0.05794084531250006
0 0.52992593828125 0.48606529374999996 0.04188512343749995 0.05355139062500003
0 0.581300659375 0.4860653093750001 0.038612896875000045 0.05706293750000002
0 0.6398744023437499 0.49791682968750006 0.04188507343749999 0.05442923750000004
0 0.689940159375 0.49791682968749995 0.03992178750000006 0.056185062499999994
0 0.743605490625 0.4930884171875 0.039921687500000046 0.05530714374999999
0 0.795634634375 0.49484420625 0.0431939625 0.060574484375000015
0 0.22494997109375 0.56967237578125 0.04712077968749999 0.06191549531250003
0 0.275670225 0.56990395859375 0.045157396875 0.0561849890625
0 0.32540881328125 0.56814813671875 0.04384845781250002 0.05969663281250002
0 0.37874686953125 0.5720986367187499 0.04188512343749999 0.05881872656249998
0 0.43110325937500005 0.57165971640625 0.04450290312499998 0.06145239218750005
0 0.47953293046875006 0.569464971875 0.03795835468749997 0.062330303124999986
0 0.527710884375 0.5725375921875 0.03846188437500002 0.05091772187500006
0 0.5783556328125 0.5712207578124999 0.03795840312499994 0.051795565624999984
0 0.6444555671875001 0.5791218453125 0.037958303125000016 0.05706293750000002
0 0.6965874632812501 0.5782439179687501 0.03578951093749998 0.055307082812500054
0 0.7498227906249999 0.5760491570312499 0.037958403125000026 0.0561850265625
0 0.79792526484375 0.57780494296875 0.037303907812500016 0.05794084531249997
0 0.22364105781249996 0.6369050726562501 0.03795839999999999 0.051480495312500006
0 0.27501575625 0.6366237039062501 0.04253956562500001 0.04916187031249999
0 0.32507785546875 0.637006265625 0.03747054218749999 0.04876287187500008
0 0.37652991093750005 0.64038216015625 0.0408261 0.051013432812499995
0 0.4293801234375 0.6388817578125 0.03802975312500001 0.048012628124999956
0 0.47943400390625 0.6377088531249999 0.03970755468749996 0.050168046875000004
0 0.5292082804687499 0.63939624765625 0.03970755468750005 0.05054209218750003
0 0.5778640328125 0.6395843484375 0.03523348749999995 0.04641705624999996
0 0.6466532054687499 0.6488639898437499 0.03970751093749998 0.05597398906250008
0 0.699223790625 0.6508849460937499 0.03970759687500003 0.05551466406249998
0 0.7515146843749999 0.64713395390625 0.039148300000000004 0.057015042187500066
0 0.803246409375 0.6441331523437499 0.03858908749999994 0.05701503593749999
0 0.22748675000000002 0.719276190625 0.036911246875000005 0.05476445312499996
0 0.28313324609375 0.7195177421875 0.043063154687499994 0.055247556249999975
0 0.336822334375 0.7185259921875 0.03970755312499996 0.05476447812499998
0 0.3846392078125 0.72036146875 0.03802975312500001 0.055434515624999924
0 0.4369301421875 0.72265207421875 0.04082606250000005 0.04801268593749999
0 0.49006000234374997 0.7194242625 0.041944610937500036 0.053560103124999967
0 0.5392750054687501 0.7190491390625 0.04306315781250003 0.05431034999999999
0 0.59408262109375 0.72326764921875 0.040826020312499975 0.05524539218750002
0 0.648890259375 0.7225174484375 0.03858900312499998 0.056745793749999954
0 0.69894414296875 0.72167373984375 0.04026689218749997 0.0565587984375
0 0.750675825 0.721486734375 0.040826018749999984 0.05318398437499994
0 0.8012889617187501 0.7210181312499999 0.0402668078125001 0.05224677812499996
0 0.22916453125 0.788047896875 0.044740915625 0.0512706593749999
0 0.28089621328125 0.78889159296875 0.04082610468749999 0.051457679687499966
0 0.33374640312500004 0.7876728015625 0.039148300000000004 0.052020849999999896
0 0.3846392078125 0.7890445906250001 0.0425038625 0.05326404687500004
0 0.43637088984374994 0.79092011640625 0.04082605781249997 0.05101348906250003
0 0.48726367265625 0.78941971171875 0.040826060937500054 0.051013432812499995
0 0.540673159375 0.79092011328125 0.040266850000000076 0.05251386718749993
0 0.5921251734374999 0.7903909148437501 0.039148300000000004 0.05595669531250005
0 0.64749210546875 0.7918913171875 0.04138531093749993 0.0529558906250001
0 0.6997830421875 0.79160973203125 0.03747049999999996 0.055393473437499986
0 0.7503961765625 0.7912952062499999 0.039148300000000004 0.05476442187499995
0 0.8004501015625 0.7902039203125 0.04082610312499994 0.05258184999999997
0 0.11294907265625001 0.5480959046875 0.027403776562499992 0.03525931562500002
0 0.11261289765625 0.4535709453125 0.030313226562499997 0.03826008750000005
0 0.26580514609375 0.4228128375 0.03040401406250002 0.041260890625000005
0 0.30114053671874996 0.37914887109375 0.025726020312499997 0.03495437031250002
0 0.21585318828125 0.3303054640625 0.026285270312499963 0.040794887499999974
0 0.17139187890625002 0.547238103125 0.027963073437499996 0.03804488749999999
0 0.14147139765625 0.503364484375 0.029640873437500014 0.03582023750000003
0 0.14958069375 0.41381045625000007 0.025726018750000003 0.03826008750000005
0 0.16859557109375 0.45807213671875 0.027963073437499996 0.03675968593749994
0 0.2035494328125 0.46286568046875 0.026285312500000012 0.03434361718750001
0 0.20662536562499997 0.5087104921875 0.025726062500000025 0.03750990312499995
0 0.32574804999999996 0.4265853921874999 0.02684452187499997 0.03380204062500001
0 0.32155358671874995 0.46895000234374995 0.027403820312499994 0.0330087265625
0 0.2091420484375 0.41964767265624997 0.02740381875000002 0.03643099531250007
0 0.24325698671875 0.37592543828125 0.02628531093750004 0.0330087109375
0 0.26171260937499996 0.46632430703125005 0.025166765624999997 0.035259314062500026
0 0.27205895937499996 0.33461748203125 0.029081618750000038 0.04341733593749999
0 0.330781409375 0.3387424921875 0.029081618750000038 0.042664975000000015
0 0.35986300937500004 0.38514829375000004 0.02908158125 0.03795083437500004
0 0.21557356093750002 0.37404995859375 0.019014900000000036 0.030758123437500017
0 0.176459640625 0.50170756171875 0.02107198749999999 0.03250860781249996
0 0.12361268046874999 0.40968841015625 0.0149136234375 0.03149802656249996
0 0.1156066734375 0.49850699218750005 0.016483999999999988 0.036080715624999996
0 0.18108240625 0.41329415703125 0.02116006562499999 0.028433129687499958
0 0.2684173484375 0.5051463453125 0.030700703124999996 0.02497369062499999
0 0.3822643015625 0.46442833750000007 0.015557403125000003 0.026059531250000045
0 0.358584115625 0.429576659375 0.01838336250000001 0.02844251562500002
0 0.29958536562500004 0.42279267265625 0.01694766875 0.031152354687499974
0 0.3613165328125 0.34173148203125 0.018991403124999983 0.028231117187499998
0 0.38722306171875004 0.33921009765625004 0.01576133906249999 0.03761715468750002
0 0.24473586484375 0.329244634375 0.017334923437500028 0.029316959375000007
0 0.30100223125 0.3352166078125 0.018162515624999997 0.02823114375000002