0 0.7151442307692307 0.9495192307692307 0.04807692307692308 0.08413461538461539
0 0.8149038461538461 0.9507211538461539 0.05048076923076923 0.08413461538461539
0 0.765625 0.9507211538461539 0.05048076923076923 0.08653846153846154
0 0.6153846153846154 0.9519230769230769 0.04807692307692308 0.08413461538461539
0 0.9759615384615384 0.9519230769230769 0.04326923076923077 0.09134615384615384
0 0.6646634615384616 0.9519230769230769 0.05048076923076923 0.08653846153846154
0 0.5673076923076923 0.953125 0.04807692307692308 0.0889423076923077
0 0.9194711538461539 0.953125 0.052884615384615384 0.08653846153846154
0 0.8677884615384616 0.9543269230769231 0.05048076923076923 0.08653846153846154
0 0.5192307692307693 0.9543269230769231 0.05048076923076923 0.08653846153846154
0 0.4699519230769231 0.9567307692307693 0.04807692307692308 0.08413461538461539
0 0.421875 0.9591346153846154 0.04807692307692308 0.08173076923076923
0 0.3245192307692308 0.9615384615384616 0.05048076923076923 0.07451923076923077
0 0.37259615384615385 0.9615384615384616 0.04807692307692308 0.07451923076923077
0 0.27403846153846156 0.9627403846153846 0.05048076923076923 0.07451923076923077
0 0.2247596153846154 0.9639423076923077 0.05048076923076923 0.06971153846153846
0 0.17548076923076922 0.9651442307692307 0.052884615384615384 0.06490384615384616
0 0.12379807692307693 0.9663461538461539 0.05048076923076923 0.06490384615384616
0 0.07451923076923077 0.96875 0.05048076923076923 0.0625
0 0.02403846153846154 0.9711538461538461 0.04807692307692308 0.055288461538461536
0 0.15504807692307693 0.3713942307692308 0.05048076923076923 0.08653846153846154
0 0.10096153846153846 0.375 0.052884615384615384 0.0889423076923077
0 0.04927884615384615 0.375 0.052884615384615384 0.09375
0 0.013221153846153846 0.3762019230769231 0.026442307692307692 0.09375
0 0.9543269230769231 0.4014423076923077 0.055288461538461536 0.0889423076923077
0 0.8737980769230769 0.41466346153846156 0.052884615384615384 0.08653846153846154
0 0.18269230769230768 0.4495192307692308 0.05048076923076923 0.0889423076923077
0 0.12980769230769232 0.45072115384615385 0.052884615384615384 0.0889423076923077
0 0.07572115384615384 0.4519230769230769 0.055288461538461536 0.09134615384615384
0 0.025240384615384616 0.4567307692307692 0.05048076923076923 0.09134615384615384
0 0.9326923076923077 0.484375 0.057692307692307696 0.09375
0 0.9807692307692307 0.4855769230769231 0.03365384615384615 0.10096153846153846
0 0.8521634615384616 0.49278846153846156 0.052884615384615384 0.08653846153846154
0 0.25841346153846156 0.5276442307692307 0.05048076923076923 0.0889423076923077
0 0.20673076923076922 0.5276442307692307 0.05048076923076923 0.09134615384615384
0 0.10336538461538461 0.5300480769230769 0.05048076923076923 0.09134615384615384
0 0.15504807692307693 0.5300480769230769 0.05048076923076923 0.09134615384615384
0 0.05048076923076923 0.5324519230769231 0.052884615384615384 0.09134615384615384
0 0.013221153846153846 0.5384615384615384 0.026442307692307692 0.09134615384615384
0 0.9471153846153846 0.5564903846153846 0.052884615384615384 0.08653846153846154
0 0.8942307692307693 0.5564903846153846 0.055288461538461536 0.09134615384615384
0 0.7752403846153846 0.5709134615384616 0.052884615384615384 0.0889423076923077
0 0.8269230769230769 0.5709134615384616 0.052884615384615384 0.09134615384615384
0 0.2860576923076923 0.6033653846153846 0.052884615384615384 0.0889423076923077
0 0.23317307692307693 0.6069711538461539 0.052884615384615384 0.0889423076923077
0 0.1814903846153846 0.6069711538461539 0.05048076923076923 0.09134615384615384
0 0.12980769230769232 0.609375 0.05048076923076923 0.09375
0 0.07692307692307693 0.6105769230769231 0.05048076923076923 0.09134615384615384
0 0.026442307692307692 0.6141826923076923 0.05048076923076923 0.0889423076923077
0 0.9747596153846154 0.6334134615384616 0.05048076923076923 0.09134615384615384
0 0.9230769230769231 0.6358173076923077 0.055288461538461536 0.09134615384615384
0 0.8689903846153846 0.6370192307692307 0.052884615384615384 0.09134615384615384
0 0.8185096153846154 0.6586538461538461 0.052884615384615384 0.08653846153846154
0 0.7668269230769231 0.6598557692307693 0.05048076923076923 0.0889423076923077
0 0.7151442307692307 0.6622596153846154 0.052884615384615384 0.0889423076923077
0 0.6129807692307693 0.6646634615384616 0.05048076923076923 0.0889423076923077
0 0.6646634615384616 0.6658653846153846 0.052884615384615384 0.0889423076923077
0 0.5625 0.6670673076923077 0.05048076923076923 0.0889423076923077
0 0.5120192307692307 0.6706730769230769 0.05048076923076923 0.09134615384615384
0 0.46274038461538464 0.671875 0.05048076923076923 0.0889423076923077
0 0.41225961538461536 0.6742788461538461 0.05048076923076923 0.0889423076923077
0 0.3629807692307692 0.6766826923076923 0.05048076923076923 0.0889423076923077
0 0.3125 0.6790865384615384 0.05048076923076923 0.0889423076923077
0 0.2620192307692308 0.6814903846153846 0.05048076923076923 0.0889423076923077
0 0.21033653846153846 0.6838942307692307 0.05048076923076923 0.09134615384615384
0 0.15985576923076922 0.6850961538461539 0.05048076923076923 0.09134615384615384
0 0.10697115384615384 0.6887019230769231 0.052884615384615384 0.09134615384615384
0 0.054086538461538464 0.6887019230769231 0.052884615384615384 0.0889423076923077
0 0.014423076923076924 0.6935096153846154 0.028846153846153848 0.09375
0 0.9507211538461539 0.7127403846153846 0.055288461538461536 0.09134615384615384
0 0.8978365384615384 0.7139423076923077 0.052884615384615384 0.09134615384615384
0 0.8461538461538461 0.7355769230769231 0.052884615384615384 0.09134615384615384
0 0.7415865384615384 0.7367788461538461 0.05048076923076923 0.0889423076923077
0 0.7932692307692307 0.7367788461538461 0.052884615384615384 0.09134615384615384
0 0.6899038461538461 0.7391826923076923 0.05048076923076923 0.0889423076923077
0 0.5889423076923077 0.7403846153846154 0.05048076923076923 0.0889423076923077
0 0.6394230769230769 0.7415865384615384 0.05048076923076923 0.0889423076923077
0 0.5396634615384616 0.7439903846153846 0.05048076923076923 0.0889423076923077
0 0.4879807692307692 0.7475961538461539 0.05048076923076923 0.09134615384615384
0 0.4387019230769231 0.75 0.05048076923076923 0.0889423076923077
0 0.38822115384615385 0.7524038461538461 0.05048076923076923 0.09134615384615384
0 0.3389423076923077 0.7536057692307693 0.05048076923076923 0.09134615384615384
0 0.28846153846153844 0.7560096153846154 0.052884615384615384 0.0889423076923077
0 0.23677884615384615 0.7608173076923077 0.05048076923076923 0.09134615384615384
0 0.13581730769230768 0.7632211538461539 0.05048076923076923 0.0889423076923077
0 0.18629807692307693 0.7632211538461539 0.05048076923076923 0.09134615384615384
0 0.08413461538461539 0.7644230769230769 0.05048076923076923 0.0889423076923077
0 0.030048076923076924 0.7692307692307693 0.052884615384615384 0.09134615384615384
0 0.9254807692307693 0.7932692307692307 0.052884615384615384 0.09375
0 0.9759615384615384 0.7980769230769231 0.04567307692307692 0.09134615384615384
0 0.8737980769230769 0.8100961538461539 0.052884615384615384 0.0889423076923077
0 0.7680288461538461 0.8112980769230769 0.052884615384615384 0.0889423076923077
0 0.7163461538461539 0.8125 0.05048076923076923 0.0889423076923077
0 0.8209134615384616 0.8137019230769231 0.052884615384615384 0.09134615384615384
0 0.6153846153846154 0.8161057692307693 0.05048076923076923 0.0889423076923077
0 0.6670673076923077 0.8161057692307693 0.05048076923076923 0.08653846153846154
0 0.5649038461538461 0.8185096153846154 0.05048076923076923 0.08653846153846154
0 0.515625 0.8197115384615384 0.05048076923076923 0.08653846153846154
0 0.4639423076923077 0.8245192307692307 0.05048076923076923 0.0889423076923077
0 0.41346153846153844 0.8269230769230769 0.05048076923076923 0.0889423076923077
0 0.3629807692307692 0.8317307692307693 0.05048076923076923 0.0889423076923077
0 0.3137019230769231 0.8341346153846154 0.04807692307692308 0.0889423076923077
0 0.2644230769230769 0.8341346153846154 0.05048076923076923 0.0889423076923077
0 0.21394230769230768 0.8365384615384616 0.05048076923076923 0.0889423076923077
0 0.1622596153846154 0.8401442307692307 0.05048076923076923 0.0889423076923077
0 0.11057692307692307 0.8413461538461539 0.05048076923076923 0.09134615384615384
0 0.05889423076923077 0.84375 0.052884615384615384 0.09134615384615384
0 0.016826923076923076 0.8485576923076923 0.03365384615384615 0.09134615384615384
0 0.9543269230769231 0.8725961538461539 0.055288461538461536 0.09134615384615384
0 0.6899038461538461 0.875 0.04807692307692308 0.08653846153846154
0 0.640625 0.8762019230769231 0.04807692307692308 0.08413461538461539
0 0.5913461538461539 0.8786057692307693 0.04807692307692308 0.08413461538461539
0 0.5420673076923077 0.8786057692307693 0.04807692307692308 0.08413461538461539
0 0.49278846153846156 0.8834134615384616 0.04807692307692308 0.08413461538461539
0 0.44350961538461536 0.8858173076923077 0.05048076923076923 0.08653846153846154
0 0.7427884615384616 0.8882211538461539 0.05048076923076923 0.0889423076923077
0 0.7944711538461539 0.8882211538461539 0.052884615384615384 0.09134615384615384
0 0.8473557692307693 0.8894230769230769 0.052884615384615384 0.09134615384615384
0 0.3954326923076923 0.890625 0.04807692307692308 0.08413461538461539
0 0.9002403846153846 0.890625 0.052884615384615384 0.09615384615384616
0 0.3473557692307692 0.8930288461538461 0.04807692307692308 0.07932692307692307
0 0.2980769230769231 0.8954326923076923 0.04807692307692308 0.08413461538461539
0 0.24759615384615385 0.9002403846153846 0.05048076923076923 0.08413461538461539
0 0.19831730769230768 0.9026442307692307 0.05048076923076923 0.08413461538461539
0 0.14783653846153846 0.9038461538461539 0.05048076923076923 0.08413461538461539
0 0.09495192307692307 0.9098557692307693 0.05048076923076923 0.08653846153846154
0 0.04567307692307692 0.9122596153846154 0.05048076923076923 0.07932692307692307