0 0.21153846153846154 0.34134615384615385 0.052884615384615384 0.021634615384615384
0 0.32091346153846156 0.3425480769230769 0.055288461538461536 0.019230769230769232
0 0.26802884615384615 0.34134615384615385 0.055288461538461536 0.021634615384615384
0 0.10336538461538461 0.3425480769230769 0.052884615384615384 0.019230769230769232
0 0.3245192307692308 0.057692307692307696 0.055288461538461536 0.09615384615384616
0 0.2704326923076923 0.06009615384615385 0.055288461538461536 0.0985576923076923
0 0.2127403846153846 0.0625 0.057692307692307696 0.0985576923076923
0 0.10096153846153846 0.06490384615384616 0.055288461538461536 0.0985576923076923
0 0.15745192307692307 0.06610576923076923 0.057692307692307696 0.0985576923076923
0 0.04447115384615385 0.0673076923076923 0.055288461538461536 0.0985576923076923
0 0.008413461538461538 0.07091346153846154 0.014423076923076924 0.10096153846153846
0 0.3401442307692308 0.14302884615384615 0.02403846153846154 0.10096153846153846
0 0.24158653846153846 0.14423076923076922 0.055288461538461536 0.09615384615384616
0 0.29927884615384615 0.14423076923076922 0.057692307692307696 0.10096153846153846
0 0.18509615384615385 0.1466346153846154 0.055288461538461536 0.09615384615384616
0 0.07451923076923077 0.14783653846153846 0.055288461538461536 0.0985576923076923
0 0.12980769230769232 0.14903846153846154 0.055288461538461536 0.0985576923076923
0 0.02403846153846154 0.15264423076923078 0.04807692307692308 0.09615384615384616
0 0.27163461538461536 0.22596153846153846 0.057692307692307696 0.0985576923076923
0 0.21394230769230768 0.22716346153846154 0.055288461538461536 0.0985576923076923
0 0.32572115384615385 0.22716346153846154 0.052884615384615384 0.10096153846153846
0 0.10336538461538461 0.23197115384615385 0.055288461538461536 0.0985576923076923
0 0.15985576923076922 0.23197115384615385 0.055288461538461536 0.09615384615384616
0 0.04807692307692308 0.234375 0.055288461538461536 0.09615384615384616
0 0.010817307692307692 0.23557692307692307 0.021634615384615384 0.09375
0 0.18509615384615385 0.296875 0.052884615384615384 0.09615384615384616
0 0.1310096153846154 0.2980769230769231 0.052884615384615384 0.09375
0 0.07692307692307693 0.3004807692307692 0.052884615384615384 0.09375
0 0.02403846153846154 0.3004807692307692 0.04807692307692308 0.09375
0 0.24158653846153846 0.30649038461538464 0.055288461538461536 0.0889423076923077
0 0.29927884615384615 0.30528846153846156 0.057692307692307696 0.09134615384615384
0 0.3401442307692308 0.30649038461538464 0.02403846153846154 0.0889423076923077
0 0.5576923076923077 0.28365384615384615 0.17067307692307693 0.13701923076923078
0 0.17668269230769232 0.4206730769230769 0.09375 0.13701923076923078
0 0.014423076923076924 0.421875 0.028846153846153848 0.14182692307692307
0 0.3401442307692308 0.4230769230769231 0.02403846153846154 0.14423076923076922
0 0.27884615384615385 0.421875 0.0985576923076923 0.14182692307692307
0 0.07932692307692307 0.421875 0.09375 0.1346153846153846
0 0.039663461538461536 0.5480769230769231 0.07932692307692307 0.14903846153846154
0 0.12980769230769232 0.5492788461538461 0.09375 0.14903846153846154
0 0.3161057692307692 0.5492788461538461 0.07211538461538461 0.1466346153846154
0 0.2283653846153846 0.5504807692307693 0.09615384615384616 0.14903846153846154
0 0.015625 0.6766826923076923 0.03125 0.14903846153846154
0 0.08173076923076923 0.6766826923076923 0.09615384615384616 0.1466346153846154
0 0.18028846153846154 0.6766826923076923 0.09375 0.1466346153846154
0 0.2800480769230769 0.6790865384615384 0.10096153846153846 0.14182692307692307
0 0.34134615384615385 0.6802884615384616 0.021634615384615384 0.14182692307692307
0 0.22956730769230768 0.8028846153846154 0.09615384615384616 0.1466346153846154
0 0.042067307692307696 0.8028846153846154 0.08413461538461539 0.1466346153846154
0 0.13221153846153846 0.8052884615384616 0.0985576923076923 0.14182692307692307
0 0.31490384615384615 0.8052884615384616 0.07451923076923077 0.14182692307692307
0 0.08052884615384616 0.9278846153846154 0.09375 0.14423076923076922
0 0.016826923076923076 0.9278846153846154 0.03365384615384615 0.14423076923076922
0 0.2764423076923077 0.9278846153846154 0.09615384615384616 0.14423076923076922
0 0.3389423076923077 0.9290865384615384 0.02403846153846154 0.14182692307692307
0 0.18028846153846154 0.9314903846153846 0.09615384615384616 0.13701923076923078
0 0.042067307692307696 0.9915865384615384 0.08413461538461539 0.016826923076923076
0 0.1310096153846154 0.9915865384615384 0.09615384615384616 0.016826923076923076
0 0.31490384615384615 0.9915865384615384 0.07451923076923077 0.016826923076923076
0 0.23076923076923078 0.9939903846153846 0.09615384615384616 0.01201923076923077
0 0.4254807692307692 0.47716346153846156 0.14903846153846154 0.25240384615384615
0 0.5733173076923077 0.47836538461538464 0.1875 0.2548076923076923
0 0.9387019230769231 0.5108173076923077 0.12259615384615384 0.3173076923076923
0 0.43990384615384615 0.7211538461538461 0.1778846153846154 0.35336538461538464
0 0.7415865384615384 0.7596153846153846 0.1875 0.3629807692307692
0 0.9314903846153846 0.8365384615384616 0.13701923076923078 0.3269230769230769
0 0.5072115384615384 0.9579326923076923 0.27884615384615385 0.08413461538461539
0 0.7295673076923077 0.9639423076923077 0.18028846153846154 0.07211538461538461