0 0.06944444453125001 0.4796296296875 0.04166666718749999 0.06666666562499994
0 0.084027778125 0.40648148125 0.04027777812500001 0.06851851875000001
0 0.14027777734375 0.36296296328125 0.03888888906250001 0.06666666718749999
0 0.25277777734375 0.31944444453125 0.041666667187499985 0.0648148140625
0 0.29722222265625 0.3324074078125 0.041666667187499985 0.06851851874999997
0 0.15694444453125 0.3981481484375 0.03333333281249999 0.06296296250000002
0 0.1263888890625 0.44722222265625006 0.030555556250000015 0.05740740781250002
0 0.11875 0.5092592585937499 0.04027777812500001 0.0703703703125
0 0.1513888890625 0.47129629609374996 0.04166666562500001 0.06111111093749999
0 0.16597222265625 0.5203703703125 0.045833332812500016 0.04814814687499993
0 0.19375 0.40092592656250003 0.0375 0.06851851875000006
0 0.23402777812500003 0.42592592578125005 0.043055556249999995 0.0703703703125
0 0.21875 0.48055555546874995 0.048611112499999984 0.06851851718749993
0 0.26319444453124996 0.51296296328125 0.0430555546875 0.07407407343749997
0 0.28125 0.4138888890625 0.045833334374999965 0.06851851875000001
0 0.2729166671875 0.465740740625 0.03472222187500003 0.05370370312499997
0 0.31388888828125 0.46851851875 0.03888888906250001 0.06296296249999997
0 0.30277777734375 0.52129629609375 0.03333333281250002 0.05740740781250002
0 0.34027777812500004 0.4120370367187499 0.047222221875000026 0.06481481406249996
0 0.3638888890625 0.47777777734374993 0.05277777812500002 0.07407407343749997
0 0.34166666718750005 0.527777778125 0.047222221875000026 0.06296296249999997
0 0.4263888890625 0.48518518515625003 0.05277777812500002 0.0703703703125
0 0.4548611109375 0.4129629625 0.05416666562499994 0.06296296249999997
0 0.48055555625 0.48333333359374997 0.05 0.07407407343749997
0 0.45277777812500003 0.55 0.05 0.07407407500000004
0 0.50833333359375 0.5527777781250001 0.05555555468749995 0.07222222187499998
0 0.53333333359375 0.471296296875 0.05555555468749995 0.07222222187499998
0 0.5979166671875 0.4796296296875 0.05972222187499998 0.08518518437499996
0 0.5722222226562501 0.5333333328125 0.05833333281249997 0.06296296249999997
0 0.6729166671875 0.55 0.06527777812500002 0.08518518437499996
0 0.69791666640625 0.50648148125 0.07083333281249997 0.08703703750000003
0 0.8013888890625 0.42777777734375 0.06666666562499994 0.08888888906249996
0 0.87569444453125 0.46666666640625004 0.07916666718749994 0.09629629531249995
0 0.7513888890625 0.5888888890625 0.08055555625000003 0.10370370312499996
0 0.8326388890625 0.56851851875 0.08194444375000005 0.1
0 0.8027777781250001 0.6268518515625 0.05277777812499993 0.05370370312499997
0 0.8673611109374999 0.6861111117187499 0.08472222187499998 0.09814814843750001
0 0.9069444437499999 0.5416666671875 0.075 0.08703703750000003