0 0.15155515234375 0.4086492375 0.09728459843750001 0.15036628437499994
0 0.23261854453125 0.41545945390625 0.10597097343749998 0.14927637656249998
0 0.31203172421875 0.41421896953125004 0.0944891421875 0.14862471406250002
0 0.39177026171875007 0.421802246875 0.10348362343750002 0.15225394374999995
0 0.4694701890625 0.4211797609375 0.10282728749999999 0.14410102187499998
0 0.5511045046875 0.42015769765625005 0.09056236250000005 0.14301252031250003
0 0.62741702421875 0.42434203984375 0.08729661093749996 0.14717435781249993
0 0.0970115109375 0.53473763203125 0.10140888124999999 0.14253470781250002
0 0.17760414921874998 0.5386534210937499 0.09773800468749998 0.13783576093750005
0 0.25727680703125 0.53708710546875 0.0936259796875 0.13470312968750003
0 0.335925590625 0.5433523671874999 0.08682740312500004 0.14096839374999998
0 0.41418969531250005 0.5427037296874999 0.08845521249999999 0.1391330375
0 0.49224194140624994 0.5464849984375 0.08557791093750007 0.13470313124999994
0 0.56768830859375 0.5467118703124999 0.09662323906250006 0.13424938749999998
0 0.64779370859375 0.55092668046875 0.08147123281250002 0.13521765781250003
0 0.0462459859375 0.6514281343749999 0.092491971875 0.13783576250000004
0 0.122994221875 0.6556745546875 0.10111754375 0.13560818437500002
0 0.20094604140625 0.6587778421875001 0.10273956093749999 0.13566686875
0 0.28040570000000004 0.660528225 0.09374888437500002 0.13529873437499998
0 0.35954785312500004 0.6639586578125 0.09073054062500004 0.13470313125000005
0 0.43711615390625 0.66847070703125 0.0869107015625 0.1382095578125
0 0.5143053328125 0.6682331828124999 0.09772844687499997 0.135551975
0 0.5893552421875 0.6686576046875 0.09679973437500004 0.13470313124999994
0 0.665517084375 0.67335655078125 0.08816735312500006 0.13783576093749997
0 0.0192894453125 0.7742093664062499 0.038578890625 0.13278775156250006
0 0.07117456250000001 0.7760805562499999 0.09756376250000001 0.13914139062500003
0 0.15036421406249997 0.7761259562499999 0.0935397625 0.1296527
0 0.22716592265625 0.78009991796875 0.0836738453125 0.13736793281249993
0 0.30425289375000003 0.78064916015625 0.098418240625 0.13626944531250001
0 0.38156030859375 0.7814323179687499 0.0814060515625 0.13783576093749997
0 0.45804334453125 0.7869144218749999 0.08774829531249999 0.136269446875
0 0.53375935546875 0.79018051484375 0.09639358906249998 0.13600252343750005
0 0.6064548703125 0.79102809453125 0.09064291874999997 0.13430736406250005
0 0.68349893046875 0.78930471328125 0.08947266093749998 0.13462149531249992
0 0.03428640625 0.8957898421875001 0.0685728125 0.13467014062500002
0 0.09824398515625 0.8996891359374999 0.09777906093750002 0.1331368156249999
0 0.17309957109375002 0.8997364179687499 0.09396289843750001 0.1330422515624999
0 0.25117584453125 0.8992793554687498 0.09911048281250001 0.1339563734375
0 0.3282582578125 0.89614566015625 0.097897875 0.13395850156249994
0 0.4050839609375 0.8977227203125 0.08238913750000006 0.13706964687499995
0 0.4794502890625 0.8979264117187501 0.09098725312500004 0.13274399843749993
0 0.554948909375 0.89982723046875 0.09000990624999998 0.12088248281249996
0 0.6313274078125 0.8983500265625001 0.09350930625000001 0.11339978125000005
0 0.704598115625 0.89275334453125 0.09185253437499999 0.1142301203125001