0 0.86400428671875 0.53340221953125 0.03735325781250012 0.03780416406250007
0 0.8586063218750001 0.41493746953125 0.03832977500000005 0.040561192187499984
0 0.8521577749999999 0.37752689687499996 0.040105834374999996 0.040294765624999986
0 0.8376021609375 0.31811851015625 0.038933571875000086 0.04124372968749999
0 0.8261096960937501 0.45790732265624995 0.04036644531249998 0.0424470828125
0 0.7859056296875 0.461911740625 0.03942876250000005 0.04184208750000007
0 0.7468352648437501 0.460028065625 0.036407745312499976 0.044078996874999984
0 0.78627678125 0.41928078593749996 0.039326218749999954 0.04068765937500003
0 0.8079364882812501 0.37800500703125 0.0379651703125 0.0406311890625
0 0.78285978046875 0.34921571562500003 0.03833754531249998 0.04344371250000001
0 0.7692682968750001 0.38608546171875 0.03694352187499996 0.03894857031250001
0 0.7429212078124999 0.41790110546875 0.03889200624999996 0.03784835468749996
0 0.70487741875 0.4236655140625 0.03640325625000003 0.04095689375000004
0 0.73105370078125 0.38639886171875004 0.038015395312499936 0.03960044843750001
0 0.7422080046874999 0.34885671328125 0.038831053125000015 0.039212123437500024
0 0.7031053234375 0.36075648828125 0.03863824062500001 0.03816474843749997
0 0.67324394140625 0.4044704171875 0.040651932812500034 0.03941967500000003
0 0.6510474828125 0.43485770390624995 0.037148193750000044 0.039176642187500034
0 0.618973128125 0.4156716453125 0.03384569375000002 0.040884862499999966
0 0.63919643203125 0.38835834765624994 0.037739157812499965 0.04135164218749998
0 0.5833395335937499 0.41320570546875 0.03281916406249996 0.037978376562500006
0 0.58776150703125 0.36973801093750003 0.034795495312499994 0.037325653125000004
0 0.6671749203124999 0.34732942890624996 0.03898724062500003 0.041279467187499995
0 0.63321589375 0.32665741640625 0.03865594687500007 0.04292099843749999
0 0.66328488828125 0.30063246640624997 0.03841627656250006 0.03805055468749998
0 0.6993160109375 0.31429192421874996 0.04022842500000001 0.041217379687499986
0 0.734549384375 0.29850575234375 0.03665304687499997 0.0434748671875
0 0.689795775 0.26039260234375006 0.03639986249999998 0.04235278906249999
0 0.7286928679687501 0.24770876171874998 0.0365718078125 0.038991476562499995
0 0.765594571875 0.25743992890625 0.037952600000000024 0.040187545312499975
0 0.8377983453125 0.7095899109375 0.03877219375000003 0.03937364062499995
0 0.8313717953124999 0.646291609375 0.04107773749999986 0.04047596249999996
0 0.8083733109375 0.608626734375 0.04110304062500001 0.042482068749999956
0 0.763888559375 0.6141992140625 0.04241713749999994 0.041474321875
0 0.76913281953125 0.5657057640625001 0.042430910937500066 0.041529862500000014
0 0.72673311328125 0.5520264492187501 0.040114710937499964 0.04156804531249998
0 0.68810235859375 0.54029755625 0.03949955781250001 0.03899369374999999
0 0.6450559312499999 0.5408296109374999 0.03808373749999996 0.036879874999999986
0 0.58208130078125 0.5225489328125 0.03635940156249999 0.037506503125000014
0 0.61220304609375 0.55670282265625 0.03782145156250003 0.0404639859375
0 0.6416567507812501 0.58633470078125 0.03768003593750002 0.04596100468749995
0 0.684173334375 0.58900548046875 0.040008193750000046 0.044740085937499965
0 0.7247189781250001 0.59444690625 0.04000265000000001 0.04171190625000003
0 0.78639685546875 0.6479069281250001 0.040383942187500035 0.03966109687500001
0 0.81108359765625 0.67988517265625 0.03981935156249996 0.043510860937499986
0 0.797328025 0.71911613515625 0.038779518750000005 0.0434893609375
0 0.8233429078124999 0.74883925234375 0.03877708749999993 0.039509860937500016
0 0.8001508570312499 0.7774833375 0.04413486718749997 0.041248228124999994
0 0.762482515625 0.7936365328124999 0.03793769375 0.038993693749999905
0 0.77306179375 0.7468859859375 0.039784178124999944 0.042109143750000036
0 0.74979513046875 0.718483665625 0.04285367343750002 0.04344563749999999
0 0.77017149140625 0.6779262218750001 0.04087651718749994 0.04190151250000005
0 0.743227475 0.649017953125 0.03920454374999993 0.041355346875
0 0.7041633484375 0.636439709375 0.038900703125000026 0.040407937500000025
0 0.726671025 0.6788284273437499 0.04034563437499994 0.038491879687499966
0 0.62314167265625 0.61868262734375 0.03951587343750003 0.040475960937500055
0 0.67390029921875 0.6593356 0.033904245312499984 0.039333562500000065
0 0.69407485 0.6971163078125 0.03907043437500004 0.03815939687500007
0 0.5807430484375 0.5897333796875 0.03752335312500001 0.04125602499999994
0 0.5515430390625 0.54094900234375 0.040788312499999965 0.04245182968750001
0 0.5128997835937501 0.56083838203125 0.03634692968750004 0.03581362343750003
0 0.47868369531250005 0.547781565625 0.03326841250000001 0.04047596249999996
0 0.539186290625 0.59405952734375 0.03612027812500003 0.039728557812499954
0 0.5687013875 0.62228014609375 0.038919343749999946 0.03870702968749997
0 0.63440888203125 0.66220241015625 0.037856292187499994 0.043544245312499986
0 0.65158698984375 0.70221470625 0.03999641093750004 0.038166587500000036
0 0.7140339757812499 0.7298652703125 0.036332539062500044 0.037542521875000026
0 0.73738054453125 0.7635616429687501 0.03881787656249998 0.037220479687500065
0 0.7191042640624999 0.7969500671875 0.040236365625000034 0.04004097187500007
0 0.67962311015625 0.798980175 0.037894004687499996 0.03724611874999999
0 0.6980327265625 0.7609899578125001 0.036339962499999955 0.035214821875
0 0.67552966953125 0.73079392109375 0.03826933281249998 0.03701428281250001
0 0.65782077734375 0.7619889132812501 0.03822881718749995 0.0377280296875
0 0.64104495859375 0.7935885953125 0.039659323437500046 0.040724784374999955
0 0.6040722374999999 0.7906876421875 0.036095959375000056 0.03766810937500002
0 0.62181791875 0.7536097671875 0.03578500312499999 0.03333023750000006
0 0.636695784375 0.7292547625 0.03743949999999998 0.03523401562499995
0 0.56665409296875 0.78722683828125 0.03577186406250003 0.0341763796875
0 0.5294947960937499 0.78923139609375 0.03794604531250005 0.0377078328125001
0 0.5832848734375 0.75463007265625 0.034776593750000015 0.03582541718750001
0 0.5984627351562499 0.7268242242187499 0.039295823437500044 0.03833784843750001
0 0.61372964140625 0.68851631328125 0.03795428281250004 0.0421469734375
0 0.5914885437499999 0.65412257265625 0.03635583750000002 0.03847091093749997
0 0.4413550546874999 0.55635976328125 0.03578484375000004 0.03724402656250003
0 0.41057920390625 0.56359467890625 0.0346794546875 0.03384394843749998
0 0.384230971875 0.589264103125 0.03370886875000001 0.03651499375
0 0.43201308671874994 0.597982978125 0.034811695312499946 0.03889625312499998
0 0.4684523953125 0.59170126875 0.033931940625000045 0.03710879687500004
0 0.5038631671875 0.5996829085937501 0.03437233437499998 0.03649949531249996
0 0.4861964796875 0.6394190703125 0.03438198124999996 0.03575527812499999
0 0.52565197109375 0.6322214921875 0.034181729687499995 0.03628523124999994
0 0.5543116343750001 0.65659535234375 0.03566122500000004 0.0365526703125
0 0.576323103125 0.69246755546875 0.03717433437499995 0.038999064062499936
0 0.5419013257812499 0.688055459375 0.034359198437500016 0.039650203124999985
0 0.56119623203125 0.72172305859375 0.03599279843750001 0.037286045312499995
0 0.54675180078125 0.7557349468749999 0.03596734218749997 0.03813445
0 0.52414656640625 0.7157576437500001 0.03490699218749995 0.037902725000000005
0 0.507543546875 0.7622405335937501 0.03269374687499997 0.03302614531249999
0 0.49274706015624997 0.78688672890625 0.030756289062500032 0.03420497031249994
0 0.5054576671875 0.6712432375 0.03925676562499998 0.036878893750000065
0 0.48858906953125 0.7052828703125 0.03473405781249994 0.035186790624999985
0 0.4726401421875 0.74651712421875 0.03439148437499995 0.03424627343749993
0 0.46054112890625004 0.7691016726562501 0.03308024218750001 0.03512067656250002
0 0.42538378671875005 0.76360796640625 0.033756339062500015 0.03319667968750002
0 0.39064813671875 0.7556930859375 0.0326009703125 0.03460358125000003
0 0.40122702578125 0.73925913359375 0.03054959531250003 0.03269192343750005
0 0.44244707187499993 0.7314392484375001 0.03227583125000004 0.03748533437499999
0 0.45315276953124994 0.69700863515625 0.03395576093750004 0.039875882812499965
0 0.47183316406250003 0.6666270234375 0.03479764999999997 0.03751142500000002
0 0.45326332109375 0.6294564312500001 0.03527876406249995 0.03733309687499995
0 0.43333346953124996 0.65635294140625 0.03380289843749997 0.038052376562500004
0 0.4146998328125 0.6223209929687499 0.03134616875000003 0.034915167187500006
0 0.37819789609375 0.6287723656249999 0.03542785781249998 0.0352475375
0 0.34640594062499996 0.6039659140625 0.030931615625 0.03906455937499995
0 0.41996080156249993 0.6938867265625 0.031684793749999954 0.03845111875000003
0 0.386184671875 0.69389622578125 0.03358392187499994 0.039636564062500046
0 0.36763786718749997 0.72291133828125 0.03249507187499998 0.034673801562500016
0 0.34810441875000003 0.69378164140625 0.03437849062500002 0.03496463593749999
0 0.39850834687500003 0.6582249578125 0.03165639062499999 0.035470612499999984
0 0.3641115703125 0.6606963976562501 0.03411185312499998 0.03494027968750002
0 0.33474182109375 0.6377859812500001 0.03467552656250002 0.03733309687499995
0 0.494932509375 0.29227581406250003 0.037954187500000014 0.04169271562499999
0 0.49597095625 0.3374469 0.03793769375 0.03899369374999999
0 0.501736253125 0.3766641484375 0.034527640625 0.038917246875
0 0.47721264999999996 0.40597466953124994 0.03581212812499999 0.040537557812500055
0 0.45120300546875003 0.42976896875000004 0.03420555468750006 0.04068278749999994
0 0.47338196406250005 0.46116370390625 0.03567825312500004 0.03960770468749999
0 0.45414322656249995 0.4930958890625 0.03669945624999995 0.03838381562500004
0 0.423658503125 0.50916363671875 0.034472909374999985 0.039068135937499984
0 0.42950058671875 0.4629753734375 0.03357350468749996 0.037205975
0 0.414217675 0.41033760859374996 0.03729577499999999 0.04126076406250005
0 0.44784611015625 0.3781887609375 0.03640774531250006 0.04354424374999999
0 0.44541746875 0.3300420421875 0.03926390937500006 0.042951946875000015
0 0.44911752499999996 0.26838795234374996 0.035941149999999936 0.04179815156250002
0 0.41369049609374997 0.23024427187500002 0.03572328593750003 0.04428757187499999
0 0.37160099999999996 0.21821412578125 0.03638518749999999 0.041022948437499984
0 0.39013145234374996 0.280620540625 0.03800264218749998 0.04431895937500001
0 0.4094090375 0.32514415546875003 0.03638212812499999 0.0415410734375
0 0.40285319687500004 0.36687334140625005 0.03605034062499994 0.04015897343749999
0 0.38272583828125 0.40323125156249995 0.0348073140625 0.039438237500000015
0 0.40055565546875 0.43988169453125003 0.03536621718749995 0.03786029843750001
0 0.37755977734375 0.51186269296875 0.03318058593750002 0.032206051562500004
0 0.40206188828125 0.47880804687499995 0.03464527343749997 0.038030846875
0 0.34833106953125004 0.5418262734375 0.03468567656250001 0.03518605624999997
0 0.34274467734375 0.5079737375000001 0.031072317187499986 0.03490694374999999
0 0.31406722890625 0.5308601796875 0.03163184218749997 0.03389295937500005
0 0.367462240625 0.48337543437499997 0.03203507187499999 0.020777043750000068
0 0.368922240625 0.46064242890625007 0.035662859375 0.03804453593749999
0 0.3480733171875 0.42751598281250003 0.034808965625 0.03926593124999993
0 0.36351873437500004 0.36423246093749995 0.036672575000000006 0.04262254687499998
0 0.32472849296875 0.39423316171875 0.03232213593750002 0.040308407812500044
0 0.2919012640625 0.38854449296875 0.035027275000000024 0.041210904687500036
0 0.31707324843749995 0.35311464531250003 0.0357868125 0.0425388125
0 0.33729315703124996 0.30558973828124997 0.03733693593749998 0.039473585937499986
0 0.38023711328125 0.31783809765625 0.03236719843750002 0.038452939062500004
0 0.34911716953125 0.25898106015625 0.033579720312499985 0.042186804687500024
0 0.31285528281249997 0.2547588796875 0.03431110624999998 0.041803621875000016
0 0.27790096171875 0.23777382890625 0.03587311093750003 0.04027032031250002
0 0.2709940234375 0.29004625625 0.039082765624999995 0.04158196562500001
0 0.29444711406249996 0.33060093671875 0.03185505625 0.038298335937500025
0 0.27445985312500004 0.3600961046875 0.036755456250000006 0.03900481562500002
0 0.31140021406249996 0.425987934375 0.033183475000000004 0.03719688750000003
0 0.33301570703124994 0.4598730328125001 0.032936564062499986 0.03775107499999999
0 0.31064265234375 0.48979944843749995 0.033242139062499995 0.037495875000000026
0 0.29635668671875 0.4540023921875 0.03448160156250002 0.03784318437500005
0 0.2611423859375 0.4554864140625 0.029919084374999995 0.03594297500000003
0 0.26216421875 0.53538839921875 0.03539565937500004 0.03881672968750003
0 0.24001177343749996 0.518415734375 0.032684100000000035 0.039433671875
0 0.23475412265625 0.48676554687499995 0.028785657812499997 0.031070418749999985
0 0.21582689765625 0.50176596015625 0.022234754687500004 0.032815051562500044
0 0.2748776828125 0.41901056484375 0.034272103124999995 0.04024683281249999
0 0.23240021796874996 0.275260896875 0.035184720312500015 0.044921190624999996
0 0.21931861484375004 0.224998940625 0.03462129843750002 0.042354374999999986
0 0.19128066171875 0.23644819453125 0.031007648437500014 0.0359539265625
0 0.2049412625 0.27386040390625005 0.027763215625000014 0.032664870312500004
0 0.21355039921875002 0.308709065625 0.03406075468750001 0.04114246875000003
0 0.231668028125 0.3253443546875 0.03542232187499996 0.04162121874999998
0 0.23577681171874998 0.36482390234375 0.035484520312500004 0.04063086093749999
0 0.23734914765625 0.40933481718750003 0.03789373281250001 0.039097296874999986
0 0.2316464578125 0.44156682812500003 0.03254275312500003 0.03409582499999999
0 0.214893103125 0.46481806484375 0.0315476125 0.03196582968749997
0 0.17904450703125 0.47596130312499996 0.030759710937499983 0.03896225624999996
0 0.19963104296875 0.43089008984375 0.03164589531250002 0.0347446234375
0 0.21130424296875 0.3946393578125 0.02790904531249998 0.037004150000000055
0 0.1989627109375 0.35416067421874997 0.03396727812500002 0.03517340781249998
0 0.185880203125 0.30629293671875 0.027289087499999986 0.037467329687499974
0 0.16952902265624997 0.26573791015625 0.03323567031250001 0.03750650468750001
0 0.15635913750000002 0.21910805390625 0.02942923437499998 0.03799131718750002
0 0.13309025624999998 0.23858946796875 0.031765325 0.03737397031249996
0 0.108289646875 0.24537327656250002 0.02785749062499999 0.033970321875
0 0.07912478593750001 0.24834909375 0.0269675875 0.03527674062499999
0 0.04732335390625 0.2516293125 0.031099673437499996 0.035539840625
0 0.12505273828125 0.27628411562500005 0.03129882343749999 0.03670354062499999
0 0.15464770546875 0.29495672578125004 0.03369907031250001 0.03951435781249999
0 0.060662590625 0.29106928515624997 0.03125634687500001 0.038022945312500014
0 0.09420349296875 0.2874059109375 0.032565192187499994 0.037923731249999995
0 0.17062475 0.33489364609375 0.03254947500000001 0.03717961406249999
0 0.12038248828125 0.327519253125 0.030123851562500015 0.03801819687500001
0 0.09471208828125 0.32803389140625 0.02800529531250001 0.03469783906249999
0 0.17797566328125 0.38312834531249995 0.0354597546875 0.03955759999999997
0 0.16618633046875 0.41875615312500003 0.0300905703125 0.03515798750000006
0 0.15345054140625 0.45127360859375 0.03232182031249999 0.036169876562500036
0 0.11437083515624999 0.44114503828125 0.030093657812499997 0.03593027031250005
0 0.10633926484375 0.4658790296875 0.029883439062499996 0.03034662499999996
0 0.13595239765625 0.39910788125 0.03125317343749998 0.038034128124999976
0 0.14888384062499999 0.36369473750000003 0.031311909375000016 0.03650443750000001
0 0.1154845484375 0.36320094296875 0.0327682625 0.034951367187500006
0 0.034913328125 0.32979221484375 0.026025809375000004 0.036384482812499994
0 0.06283539453125 0.3355535640625 0.029411226562499997 0.03644357500000002
0 0.07530457421875 0.373610575 0.0310021921875 0.034869543749999996
0 0.0331728421875 0.37122043515625 0.0281307125 0.03795160468750001
0 0.05864831953125001 0.39587223984375 0.029693529687499998 0.0346704828125
0 0.08861360390625 0.41617503437500003 0.0321445171875 0.03329758437499999
0 0.07922751015625 0.44226968984375004 0.0284459796875 0.03175469843750003
0 0.25569317421875 0.7539709648437499 0.03034158281249999 0.033301392187499966
0 0.28043345 0.7332396703125 0.031069631250000018 0.03329900000000006
0 0.27774652499999997 0.69867166640625 0.03159487812499999 0.03072002343750002
0 0.2653332640625 0.6639678046874999 0.029094634374999994 0.03483934062500005
0 0.25206256015625 0.62347324453125 0.03162161406249999 0.03471248593750005
0 0.23572063046874997 0.5895090515625 0.030372751562500033 0.034862462500000024
0 0.20547528124999997 0.58379236640625 0.02890206249999998 0.03486905781249998
0 0.17139555078125 0.58087636953125 0.03148592968749999 0.035150604687500045
0 0.1647940578125 0.60436718984375 0.028133568749999994 0.029482632812499965
0 0.21422199765625 0.6200114195312499 0.029301735937500007 0.03399317343749999
0 0.18584197890625 0.6294204796875 0.026406935937500008 0.02813356874999995
0 0.1612891265625 0.63824030546875 0.028164715625000003 0.03373816718750007
0 0.18700376796875 0.6582924171875 0.029313614062500014 0.033310209375
0 0.22455923515625004 0.65331701015625 0.029656370312500034 0.029279279687500014
0 0.24154082421875 0.68805325546875 0.03238399531249998 0.031003179687500014
0 0.24640196953125004 0.72210807109375 0.0312760484375 0.031777785937500004
0 0.22550553359375 0.7577320171874999 0.02781955156249998 0.02646626249999997
0 0.19589730312500003 0.7514315296875 0.025310037500000004 0.02792764999999999
0 0.21205514375 0.7291655359375 0.03418578749999999 0.03430337812500008
0 0.21400787187499998 0.680478671875 0.021998421875000007 0.028137856250000048
0 0.19196701328125 0.70386723046875 0.027700589062499992 0.0325669859375
0 0.16728863515625 0.72653067109375 0.0300108984375 0.0288203078125
0 0.16991908828125 0.6781286953125 0.02907732031250001 0.034380237499999924
0 0.13961493515624998 0.66830319140625 0.030544285937500006 0.033773520312499986
0 0.12784592734375 0.5949044757812499 0.03392811093749999 0.036691960937500046
0 0.10269335937499999 0.57230960234375 0.03125634687499999 0.03646139843749996
0 0.07494150078124999 0.54041609375 0.0285395328125 0.03821104062500007
0 0.05448108203125 0.5536823484375001 0.0316271703125 0.03426732187499999
0 0.03485506640625 0.59535776875 0.026174317187499997 0.033249684375000046
0 0.066899315625 0.592088346875 0.030554356250000005 0.035561843749999954
0 0.09548463984375 0.6146657156249999 0.02943527656250001 0.033216924999999974
0 0.11289279140625 0.644509875 0.0302972140625 0.035416253125000005
0 0.09474607890625 0.65916478046875 0.029852192187499994 0.031242789062499998
0 0.06496985625 0.6612302859375 0.026414012499999993 0.03165820312500003
0 0.07391526171875 0.6287291796875 0.028469698437500003 0.03066614999999997
0 0.051180171875 0.6247593 0.020921853124999994 0.03004367187500003
0 0.08087976640625 0.7016678179687499 0.028102776562499997 0.028415042187500017
0 0.1076429140625 0.6979863421875001 0.025021865624999994 0.031253125000000014
0 0.13787104765625 0.7030110687500001 0.029690514062499986 0.03001266562499998
0 0.10707767812499999 0.7323569226562501 0.025007618749999995 0.028536248437499977
0 0.13672181953125 0.7357448109375 0.02805637031249999 0.03014587187499993