0 0.06971153846153846 0.23798076923076922 0.125 0.18990384615384615
0 0.3233173076923077 0.23798076923076922 0.125 0.19471153846153846
0 0.1971153846153846 0.23918269230769232 0.12740384615384615 0.19230769230769232
0 0.453125 0.24158653846153846 0.125 0.19230769230769232
0 0.5817307692307693 0.24278846153846154 0.12740384615384615 0.19230769230769232
0 0.8413461538461539 0.2439903846153846 0.12740384615384615 0.19230769230769232
0 0.7115384615384616 0.24519230769230768 0.12740384615384615 0.19230769230769232
0 0.9519230769230769 0.24519230769230768 0.09134615384615384 0.19230769230769232
0 0.03365384615384615 0.4026442307692308 0.0673076923076923 0.1875
0 0.13221153846153846 0.40625 0.12740384615384615 0.18990384615384615
0 0.2608173076923077 0.40625 0.12740384615384615 0.18990384615384615
0 0.3894230769230769 0.4074519230769231 0.12740384615384615 0.1875
0 0.5168269230769231 0.4098557692307692 0.12740384615384615 0.1875
0 0.6454326923076923 0.4110576923076923 0.12740384615384615 0.18990384615384615
0 0.7752403846153846 0.41225961538461536 0.12740384615384615 0.19230769230769232
0 0.9038461538461539 0.41225961538461536 0.12740384615384615 0.19230769230769232
0 0.0673076923076923 0.5721153846153846 0.12740384615384615 0.18990384615384615
0 0.19471153846153846 0.5745192307692307 0.125 0.19230769230769232
0 0.4519230769230769 0.5757211538461539 0.12740384615384615 0.19471153846153846
0 0.3233173076923077 0.5757211538461539 0.125 0.18990384615384615
0 0.7091346153846154 0.5793269230769231 0.12740384615384615 0.19471153846153846
0 0.9519230769230769 0.5805288461538461 0.09134615384615384 0.19471153846153846
0 0.5793269230769231 0.5805288461538461 0.125 0.19230769230769232
0 0.8401442307692307 0.5829326923076923 0.12740384615384615 0.18990384615384615
0 0.12740384615384615 0.7379807692307693 0.12740384615384615 0.19230769230769232
0 0.03125 0.7391826923076923 0.0625 0.19471153846153846
0 0.25721153846153844 0.7427884615384616 0.12740384615384615 0.18990384615384615
0 0.3870192307692308 0.7439903846153846 0.12740384615384615 0.19230769230769232
0 0.515625 0.7463942307692307 0.12740384615384615 0.18990384615384615
0 0.6442307692307693 0.7487980769230769 0.12740384615384615 0.19471153846153846
0 0.9038461538461539 0.7487980769230769 0.12740384615384615 0.19230769230769232
0 0.7740384615384616 0.75 0.12740384615384615 0.19471153846153846
0 0.1346153846153846 0.0829326923076923 0.12740384615384615 0.1658653846153846
0 0.036057692307692304 0.08413461538461539 0.07211538461538461 0.16826923076923078
0 0.390625 0.0829326923076923 0.12740384615384615 0.1658653846153846
0 0.2620192307692308 0.08413461538461539 0.12740384615384615 0.16826923076923078
0 0.5192307692307693 0.08533653846153846 0.12980769230769232 0.17067307692307693
0 0.90625 0.08533653846153846 0.12740384615384615 0.17067307692307693
0 0.6478365384615384 0.08533653846153846 0.12740384615384615 0.17067307692307693
0 0.7764423076923077 0.08653846153846154 0.12740384615384615 0.17307692307692307
0 0.06370192307692307 0.9050480769230769 0.12740384615384615 0.18509615384615385
0 0.19230769230769232 0.90625 0.125 0.18269230769230768
0 0.31971153846153844 0.90625 0.12980769230769232 0.18269230769230768
0 0.44711538461538464 0.90625 0.12740384615384615 0.18269230769230768
0 0.9507211538461539 0.9086538461538461 0.09375 0.1778846153846154
0 0.5793269230769231 0.9098557692307693 0.13221153846153846 0.1778846153846154
0 0.8389423076923077 0.9110576923076923 0.12980769230769232 0.17548076923076922
0 0.7103365384615384 0.9110576923076923 0.12980769230769232 0.17548076923076922