0 0.1346153846153846 0.2764423076923077 0.18509615384615385 0.18028846153846154
0 0.3317307692307692 0.28365384615384615 0.19230769230769232 0.18509615384615385
0 0.5540865384615384 0.29086538461538464 0.19471153846153846 0.1875
0 0.7487980769230769 0.29086538461538464 0.19471153846153846 0.18269230769230768
0 0.07211538461538461 0.41947115384615385 0.14423076923076922 0.1658653846153846
0 0.4423076923076923 0.42788461538461536 0.18269230769230768 0.16346153846153846
0 0.24278846153846154 0.4326923076923077 0.18028846153846154 0.16105769230769232
0 0.6358173076923077 0.4411057692307692 0.18269230769230768 0.16346153846153846
0 0.8245192307692307 0.44350961538461536 0.1875 0.1658653846153846
0 0.35096153846153844 0.5588942307692307 0.16826923076923078 0.15144230769230768
0 0.16346153846153846 0.5600961538461539 0.16826923076923078 0.1466346153846154
0 0.5252403846153846 0.5673076923076923 0.17307692307692307 0.15144230769230768
0 0.890625 0.5817307692307693 0.17548076923076922 0.1466346153846154
0 0.7151442307692307 0.5817307692307693 0.1778846153846154 0.14423076923076922
0 0.08533653846153846 0.6730769230769231 0.15384615384615385 0.1346153846153846
0 0.265625 0.6790865384615384 0.16105769230769232 0.13221153846153846
0 0.43509615384615385 0.6875 0.16346153846153846 0.13701923076923078
0 0.6033653846153846 0.6959134615384616 0.1658653846153846 0.13701923076923078
0 0.7764423076923077 0.7091346153846154 0.17067307692307693 0.12980769230769232
0 0.9278846153846154 0.7115384615384616 0.13942307692307693 0.13701923076923078
0 0.046875 0.7764423076923077 0.09375 0.1201923076923077
0 0.18389423076923078 0.7860576923076923 0.15384615384615385 0.12259615384615384
0 0.5144230769230769 0.7896634615384616 0.15384615384615385 0.12259615384615384
0 0.3485576923076923 0.7992788461538461 0.15384615384615385 0.11778846153846154
0 0.6694711538461539 0.8137019230769231 0.15865384615384615 0.12259615384615384
0 0.8365384615384616 0.828125 0.1658653846153846 0.12259615384615384
0 0.9579326923076923 0.8341346153846154 0.08173076923076923 0.12259615384615384
0 0.10697115384615384 0.8966346153846154 0.14903846153846154 0.11298076923076923
0 0.2644230769230769 0.9050480769230769 0.1466346153846154 0.11298076923076923
0 0.4266826923076923 0.9098557692307693 0.15384615384615385 0.11057692307692307
0 0.7331730769230769 0.9314903846153846 0.15144230769230768 0.10817307692307693
0 0.5805288461538461 0.9411057692307693 0.15384615384615385 0.11538461538461539
0 0.9086538461538461 0.9495192307692307 0.16346153846153846 0.09615384615384616
0 0.03245192307692308 0.5528846153846154 0.06490384615384616 0.13701923076923078