0 0.5403966546875 0.82882256015625 0.06420295312499995 0.10663216718749995
0 0.57662802265625 0.7908279742187501 0.05702847343749999 0.10901658593750004
0 0.44562951328124994 0.80592699296875 0.049650367187499975 0.09403533593749999
0 0.49492578359375 0.7374435421875 0.05230771406250003 0.09676676875000005
0 0.5508517625 0.6584864796875 0.05767480625000001 0.08858535000000005
0 0.62361420625 0.5877702046875 0.06089874374999997 0.10362051562500003
0 0.62695899296875 0.47624131796875 0.06583770468749997 0.11015052343750006
0 0.6725942828125 0.5215432789062501 0.04444770624999998 0.06385517343750005
0 0.560561565625 0.4947567421875 0.055591656249999934 0.10563064999999998
0 0.74565743828125 0.49355752265625 0.07235197031250004 0.1235691765625
0 0.69681076953125 0.6140005039062499 0.06505291093750003 0.11890212656250006
0 0.6638403140625 0.6969637078125 0.07000456249999995 0.10778556250000007
0 0.7200988460937501 0.8070799945312499 0.07075644218749995 0.1143521265625
0 0.764766040625 0.730108325 0.06858734374999997 0.11242441249999997
0 0.5127722625000001 0.5695186718749999 0.054826496874999985 0.09137467812500004
0 0.45095493906250006 0.6525547062499999 0.05069255000000004 0.09182419687500003
0 0.4258351078125 0.55893428828125 0.052057256249999996 0.08969806718750002
0 0.39159647265625 0.47868740859375 0.051799904687500044 0.08211799218750002
0 0.46919036640625 0.48564971406250007 0.05094237343749999 0.10540065625000006
0 0.30991825625 0.4707512749999999 0.048140224999999995 0.08336731874999996
0 0.341196025 0.5499154265625 0.050626165625 0.089200225
0 0.3725961640625 0.63599424921875 0.042859115625 0.08793388906250002
0 0.4123435750000001 0.71565662578125 0.047091728125000024 0.08177748281249997
0 0.36166616171875 0.78828380859375 0.04470505781249998 0.08260874843749991
0 0.313712840625 0.7027472687499999 0.03847408750000003 0.07825077187499999
0 0.28545473593750004 0.6221557343749999 0.03954856250000001 0.082554078125
0 0.2442192515625 0.6868351820312499 0.04187005312499999 0.07686381406249998
0 0.22673837421875 0.604846521875 0.04155322968749999 0.0722367125
0 0.2079781734375 0.5255666515625 0.042951440625000004 0.06985782499999997
0 0.23316133671875 0.46376764765625006 0.0410985234375 0.08357667968750002
0 0.27057806015625 0.53587399609375 0.04080134218749998 0.07363848593749997
0 0.07807286718749999 0.5886575203125 0.048753643750000006 0.10057068749999995
0 0.1762593421875 0.6666024632812501 0.033152568749999986 0.0764068671875
0 0.22556410624999995 0.7498366859375001 0.03644286249999999 0.07442628437499996
0 0.27446287109375 0.7713594781249999 0.04030741406249998 0.07602378749999997
0 0.30568560546875 0.8982734937499999 0.03649599531250001 0.06772932812499999
0 0.3764455515625 0.9256813421875 0.04661739374999998 0.08094855937500008
0 0.15356333828125002 0.8381931671875 0.0403466390625 0.0776898343750001
0 0.18515640234375003 0.927889975 0.034006373437499994 0.07177496562500014
0 0.25037917578125 0.9419324687499999 0.04361039843750003 0.04539101875
0 0.2188968203125 0.8791599 0.03951627499999999 0.07833581249999995
0 0.46600163749999995 0.9400701734375 0.043693759374999974 0.05917225312499994
0 0.5671827453125 0.94905173125 0.053052615624999966 0.04736390625000002
0 0.6614313125 0.88852348046875 0.057036656250000026 0.0991775203125
0 0.7800449734375 0.92459282109375 0.06893009062500007 0.10202584843750007
0 0.830577271875 0.847643846875 0.07259611249999995 0.10822031875000002
0 0.8276011999999999 0.6324900679687501 0.07040044999999999 0.10141533593750003
0 0.8099068460937501 0.39192516718750003 0.08048612968750009 0.11739608124999994
0 0.8564364578125 0.4893835984375 0.06588563749999991 0.09514800937499998
0 0.68699734609375 0.37712660703125 0.06682377343750004 0.10797787343750001
0 0.73871672265625 0.27848757187500006 0.0757659828125 0.11967426875
0 0.790448603125 0.16924211171875 0.07773872500000004 0.1205315296875
0 0.8604197414062501 0.27771371250000004 0.06562517343749992 0.094598490625
0 0.66810859609375 0.16526089609375 0.06285598906249996 0.11515837343749999
0 0.6255614320312499 0.26959717890625 0.06692076406249994 0.11038289843750002
0 0.57821974296875 0.3635795703125 0.060391432812499965 0.10497180937500002
0 0.51474157421875 0.26106476562500003 0.05699183593749994 0.09696001874999997
0 0.5533689875000001 0.1697405546875 0.06715769062500003 0.106858584375
0 0.50918298125 0.07650194218749999 0.06022796562500003 0.102791084375
0 0.4215360875 0.0836983140625 0.05547501562499999 0.09060874374999998
0 0.474195559375 0.17007833515624998 0.054439843749999994 0.0962951859375
0 0.380267165625 0.17130236171875 0.056787759375 0.09278101406249999
0 0.4215180078125 0.25611310703125 0.05308717812499997 0.08732664531249998
0 0.44889818359374994 0.344093434375 0.051220095312500026 0.08469059999999998
0 0.390969275 0.33459386015625 0.04818727187500001 0.08780779218750001
0 0.32945746953125 0.33692444140625 0.04752731718750001 0.0842615171875
0 0.34629461093749997 0.26301673359375 0.049606278125 0.0858698859375
0 0.2680629609375 0.25915098203125 0.04428256875000001 0.08217867656250002
0 0.30393505625 0.1769169859375 0.04531778124999999 0.09281656874999997
0 0.3263437859375 0.0958246109375 0.05170950624999997 0.09178092812500001
0 0.25893826484375 0.09980998671875 0.0509182890625 0.08557142031250001
0 0.21631201249999998 0.18010323203125 0.041788403125000026 0.07611679531250001
0 0.20426419609375 0.2593052125 0.04152727343749998 0.08022547812499999
0 0.23790516484374996 0.33399209609375 0.044991751562500015 0.07665161406249998
0 0.18137055390625 0.33341122578125 0.042456910937499995 0.07053494218749998
0 0.046572371875000004 0.40556024609375 0.04717703125 0.11014811093749999
0 0.10165102890625 0.3222879984375 0.0536571640625 0.09545712812499998
0 0.13261704609375 0.50750331875 0.05305723906250002 0.10559737812499996
0 0.1537966875 0.184971775 0.03806206562500001 0.07843926562500003
0 0.18774919296874998 0.10817563593749999 0.03659451718750002 0.071744740625
0 0.142092125 0.04501167109375 0.038461600000000006 0.06448425156250001
0 0.20611575078125002 0.0405864421875 0.03807597656249997 0.052757103125
0 0.2627357640625 0.034666203125 0.04304177500000002 0.03651029375
0 0.13045128359375 0.074853434375 0.04832637968750002 0.09631028124999999
0 0.04979858671875 0.0816158796875 0.04595419531250001 0.1076058
0 0.03467057734375 0.2143957109375 0.040850982812500006 0.07062129375000001
0 0.864434409375 0.726044459375 0.061697840624999854 0.08883580312500002
0 0.8733213945312499 0.9324666726562502 0.055316495312500005 0.08502564843750005
0 0.07016252421875 0.75100293046875 0.047986973437500004 0.11133289843750002
0 0.08632745390625 0.9235645390624999 0.04404469218750001 0.07657295312500008