0 0.2692307692307692 0.5324519230769231 0.17067307692307693 0.28365384615384615
0 0.5528846153846154 0.515625 0.19471153846153846 0.3245192307692308
0 0.6009615384615384 0.19110576923076922 0.17067307692307693 0.25961538461538464
0 0.6370192307692307 0.8725961538461539 0.1875 0.24759615384615385
0 0.4098557692307692 0.875 0.16826923076923078 0.24278846153846154
0 0.21514423076923078 0.8665865384615384 0.1346153846153846 0.22596153846153846
0 0.35336538461538464 0.22355769230769232 0.15865384615384615 0.24519230769230768
0 0.15144230769230768 0.2512019230769231 0.13701923076923078 0.22355769230769232
0 0.021634615384615384 0.2920673076923077 0.04326923076923077 0.23076923076923078
0 0.08052884615384616 0.5456730769230769 0.15144230769230768 0.2548076923076923
0 0.051682692307692304 0.8605769230769231 0.10336538461538461 0.23798076923076922