0 0.875 0.138671875 0.084375 0.27734375
0 0.90234375 0.440234375 0.0828125 0.26484375
0 0.784375 0.413671875 0.090625 0.28359375
0 0.6421875 0.388671875 0.10625 0.30859375
0 0.4921875 0.362890625 0.11875 0.32890625
0 0.31875 0.335546875 0.140625 0.34921875
0 0.1171875 0.308984375 0.159375 0.38046875
0 0.2 0.705078125 0.15 0.36640625
0 0.36328125 0.697265625 0.1734375 0.40703125
0 0.52265625 0.708984375 0.1609375 0.38046875
0 0.69140625 0.712109375 0.1046875 0.30546875
0 0.81328125 0.725390625 0.1203125 0.31015625
0 0.94296875 0.723828125 0.0796875 0.27265625