0 0.66171875 0.218359375 0.1828125 0.24609375
0 0.8640625 0.211328125 0.184375 0.25078125
0 0.459375 0.224609375 0.184375 0.24921875
0 0.359375 0.456640625 0.1875 0.24765625
0 0.55703125 0.455859375 0.1890625 0.24296875
0 0.75546875 0.441015625 0.1796875 0.22890625
0 0.93046875 0.426953125 0.1390625 0.22890625
0 0.84609375 0.657421875 0.1703125 0.21796875
0 0.6578125 0.664453125 0.16875 0.21640625
0 0.46015625 0.67734375 0.1828125 0.2328125
0 0.26484375 0.690625 0.1828125 0.23125
0 0.07890625 0.663671875 0.1578125 0.22421875
0 0.17421875 0.903125 0.1734375 0.19375
0 0.35703125 0.897265625 0.1703125 0.20390625
0 0.5578125 0.875390625 0.178125 0.21015625
0 0.746875 0.863671875 0.165625 0.20859375
0 0.9328125 0.866796875 0.134375 0.20546875