0 0.13125 0.087890625 0.115625 0.17578125
0 0.25703125 0.088671875 0.1140625 0.17734375
0 0.38203125 0.088671875 0.1171875 0.17734375
0 0.65234375 0.087109375 0.1171875 0.17421875
0 0.77734375 0.086328125 0.1140625 0.17265625
0 0.90234375 0.085546875 0.1203125 0.17109375
0 0.88125 0.31328125 0.11875 0.1828125
0 0.753125 0.31328125 0.115625 0.1828125
0 0.6296875 0.316015625 0.11875 0.18515625
0 0.3765625 0.3140625 0.121875 0.190625
0 0.2484375 0.315234375 0.11875 0.18984375
0 0.1203125 0.319140625 0.121875 0.18828125
0 0.059375 0.494921875 0.11875 0.19921875
0 0.184375 0.493359375 0.121875 0.19296875
0 0.3125 0.49375 0.121875 0.190625
0 0.43984375 0.490625 0.1203125 0.1875
0 0.56640625 0.4890625 0.1140625 0.18125
0 0.69375 0.488671875 0.121875 0.18984375
0 0.81953125 0.487890625 0.1171875 0.18828125
0 0.9421875 0.483984375 0.115625 0.18359375
0 0.88359375 0.660546875 0.1171875 0.18359375
0 0.75703125 0.66328125 0.1234375 0.1890625
0 0.6296875 0.66328125 0.11875 0.1890625
0 0.37578125 0.669140625 0.1234375 0.19140625
0 0.2484375 0.66953125 0.125 0.1921875
0 0.1203125 0.66953125 0.121875 0.1890625
0 0.128125 0.91484375 0.11875 0.1703125
0 0.25625 0.90859375 0.121875 0.1828125
0 0.38359375 0.9140625 0.1171875 0.171875
0 0.64140625 0.9125 0.1140625 0.175
0 0.7703125 0.91171875 0.115625 0.1765625