0 0.0345392859375 0.8580187921875 0.065520634375 0.169613
0 0.11684958593749999 0.86080586015625 0.08517682812499999 0.16881668906250002
0 0.19798014687499998 0.8624822921874999 0.0728486 0.16890050937500006
0 0.27587211328125 0.8624822921874999 0.0784523421875 0.17543859687499994
0 0.3613291265625 0.8635719726562499 0.08349570312500001 0.17325923593749995
0 0.44622576562499994 0.8624822921875002 0.081814584375 0.17107987500000005
0 0.5319629671875 0.8701100562499999 0.08629757500000004 0.17107987500000005
0 0.621622784375 0.8711997390624999 0.08629757499999995 0.17543859687499994
0 0.6650057875 0.72191348125 0.08452451562499999 0.17761795625000004
0 0.58482635625 0.713196034375 0.08125420624999995 0.18415604375
0 0.62601383515625 0.55410264609375 0.0851768265625 0.17543859531250003
0 0.7179151492187501 0.55791653046875 0.08853907031250001 0.17652827968749998
0 0.76246486953125 0.7202789562499999 0.09134093906250004 0.183066359375
0 0.85660767734375 0.7230031578125 0.0958239296875 0.1841560437500001
0 0.9030421914062501 0.5617304132812501 0.0958239296875 0.1885147640625
0 0.9775719164062501 0.556282009375 0.03866579531250007 0.18415604375
0 0.95558380703125 0.7306309257812501 0.08883238593749994 0.18851477031250008
0 0.97513328125 0.8995314343749999 0.04499600624999989 0.1863354031250001
0 0.9050035 0.8978969164062501 0.09302205937500005 0.19396317343750002
0 0.80581732734375 0.8815517054687501 0.09302206093749996 0.18524572031249997
0 0.8083390093750001 0.55846137265625 0.08909944374999998 0.17543859531250003
0 0.8612943398437501 0.39882314296875 0.08965981718750005 0.17870763906249992
0 0.95375602734375 0.39337473906250003 0.09190131406249993 0.18306635937500002
0 0.76182798125 0.39609894062499995 0.09246168749999999 0.18415604374999997
0 0.6721681625 0.399367984375 0.08909944375000008 0.17979732187499997
0 0.5839092796875001 0.39718862421875 0.08629757499999995 0.16890051406249995
0 0.49593058515624994 0.40427154609375 0.0784523390625 0.16781083281249995
0 0.5362775015625 0.55682684765625 0.08405607812499997 0.1699901921875
0 0.48976647109375 0.71374087265625 0.08293533281250003 0.1699901921875
0 0.40515001953125 0.7115615125 0.07957308593750004 0.16345210625
0 0.44941955390625 0.5541026484375 0.08405607968749998 0.16890051562499994
0 0.37376908281250004 0.5655442945312499 0.07621084375000002 0.17652827968749998
0 0.41103394453125 0.4020921859375 0.07677121718749999 0.16345211249999997
0 0.710553771875 0.8810068632812499 0.08629757500000004 0.18197668281249993
0 0.979119509375 0.21746202500000003 0.04176098125000003 0.19491140312500002
0 0.9568380828125 0.0785277328125 0.08237495937499997 0.157055465625
0 0.8663377046875 0.08568137578125 0.09526355624999994 0.15146562031250002
0 0.77163452265625 0.0894952609375 0.08965981718750005 0.17434891874999997
0 0.812822 0.2360573171875 0.09022019062500002 0.18633540312500002
0 0.90920630546875 0.23496763671875 0.09582393281249998 0.1841560421875
0 0.7212008750000001 0.24041603984374998 0.08517682500000001 0.17979732343750002
0 0.6836558257812501 0.09058494140625 0.0851768265625 0.1699901921875
0 0.59287526171875 0.0933091421875 0.08293532968749995 0.168900509375
0 0.6270580671875 0.2404160375 0.08629757187500005 0.17543859687500002
0 0.54272180234375 0.24586444375 0.08237495781249997 0.17761795625000001
0 0.45726478749999994 0.2518576859375 0.08405608125000005 0.16345210625
0 0.508538996875 0.09657818671875 0.08461645312499995 0.17107987656249998
0 0.42196123437500005 0.0998472265625 0.08069383750000006 0.16672115
0 0.33958627734375 0.10638531015625 0.07957308593750004 0.1645417890625
0 0.37012665390625 0.25131284765624995 0.08125420781249999 0.1710798703125
0 0.334847275 0.40713719296875006 0.07565047187499996 0.1645417890625
0 0.28833624453124995 0.55151988828125 0.08573719843750002 0.1678108328125
0 0.31999736796875 0.7144271546875001 0.07957308593750004 0.17761796250000011
0 0.23988978828125 0.709523590625 0.08064207343749999 0.17216955312499999
0 0.15922183203125 0.7073442328125 0.0773315953125 0.15909338437499992
0 0.20405174140625001 0.55424408984375 0.07957308593749998 0.16236242968749998
0 0.25812781953124997 0.4153097953125 0.07789196406249999 0.156914025
0 0.177433984375 0.41095107109375 0.07901271562499998 0.15909338593749997
0 0.20741398359375 0.25839577343750003 0.07845233906249997 0.16999019375000002
0 0.28894838125 0.25730609375 0.07901271249999997 0.172169553125
0 0.26008912734375 0.11019919296875 0.0784523390625 0.1678108328125
0 0.17771416874999998 0.11455791562499999 0.07621084375 0.165631471875
0 0.12428988046875 0.25403704609375 0.0778919640625 0.1699901921875
0 0.1002184703125 0.10801983281250001 0.0756011375 0.165631465625
0 0.03062391015625 0.11074403359375 0.0612478203125 0.1645417953125
0 0.048359221875 0.2551267296875 0.072848603125 0.16999019374999996
0 0.0772184765625 0.4033233078125 0.07901271562500001 0.165631471875
0 0.12372950703125 0.5493405250000001 0.0767712171875 0.16999019375
0 0.07441660703125 0.7040751890625 0.0778919671875 0.165631471875
0 0.04779884765625 0.5542440875000001 0.0694863609375 0.16018306875000005