0 0.615912146875 0.55050180234375 0.09234128749999995 0.12259197968749999
0 0.68566458359375 0.79060597421875 0.0938306640625 0.10836861406250006
0 0.4402988953125 0.643549265625 0.095008325 0.12191466562500004
0 0.2619144140625 0.854611203125 0.10723504999999997 0.10769129062499996
0 0.24503482031249998 0.6669980390625 0.11021379375 0.130719609375
0 0.33265975546875 0.72660077109375 0.1037598390625 0.12394658281250007
0 0.4868101414062499 0.7648684343750001 0.0953200609375 0.12733310937499995
0 0.570959853125 0.71948909609375 0.08985901250000002 0.11378705781249998
0 0.5225551453125 0.62128003671875 0.07844043437499995 0.10295017656250005
0 0.4004263453125 0.74556528125 0.07744753124999995 0.11310972812500006
0 0.19387751484375 0.7456846171875 0.09035545781249998 0.11605764062500006
0 0.066784128125 0.7834942843749999 0.10028463750000001 0.11852817187500006
0 0.11965695625000002 0.8708664953125 0.10971733125000001 0.07924453125
0 0.44632666796875 0.49589704453125005 0.08191565781249999 0.10565937968750001
0 0.5247669179687501 0.48370558046875 0.07446878281249995 0.10565937968750001
0 0.7115536835937499 0.58860903671875 0.09581651093749999 0.11870172968750001
0 0.7818025515624999 0.757005840625 0.091348384375 0.12191467187500002
0 0.870916871875 0.7319455835937501 0.09184481250000012 0.1164961984375
0 0.79917860625 0.6152005914062499 0.08936253437500011 0.11699378593749996
0 0.8684345726562501 0.53654345078125 0.08985896093749997 0.12259199531250005
0 0.96313600390625 0.54263918515625 0.07372799218750004 0.11040052656250002
0 0.89151989296875 0.6094354140625 0.08141922968749996 0.10295017187499997
0 0.9235414695312499 0.682584215625 0.0729794046875 0.10430476562499998