0 0.4577702704326923 0.22428478966346152 0.18581081009615388 0.25524727163461536
0 0.6596283786057693 0.2230807932692308 0.19425675721153846 0.2624712451923077
0 0.8597972968750001 0.21465281971153846 0.17905405528846158 0.24561529807692306
0 0.923141891826923 0.4253522127403846 0.15371621634615382 0.23839131971153846
0 0.75084459375 0.43859617788461536 0.1875 0.25043128365384615
0 0.5557432427884615 0.45063614062499996 0.19256756730769234 0.2552472716346154
0 0.36148648677884615 0.4542481298076923 0.18581081009615386 0.2432073028846154
0 0.021959459134615385 0.43859617548076923 0.04391891826923077 0.23116734134615385
0 0.26266891947115384 0.6818034783653846 0.19087837740384617 0.22635135096153838
0 0.4569256754807692 0.6685595192307693 0.19087837980769232 0.2576552596153846
0 0.654560811298077 0.6541115552884615 0.18074324278846146 0.2432073028846153
0 0.8395270264423077 0.6529075612980768 0.1722972980769231 0.23598332451923076
0 0.970439188701923 0.6456835829326922 0.05912162259615391 0.22153536778846147
0 0.07685810817307692 0.6553155528846154 0.15371621634615384 0.24079930769230765
0 0.16807432451923077 0.8997268545673076 0.1875 0.19986343028846143
0 0.35135135096153847 0.8804629098557692 0.19594594711538457 0.22875933894230768
0 0.5608108100961539 0.869626938701923 0.18243243269230772 0.23598332451923076
0 0.7440878377403847 0.8660149519230769 0.1773648629807693 0.20467941346153845
0 0.9290540540865385 0.8551789807692308 0.14189189182692302 0.24561529326923084
0 0.05152026923076924 0.8816669074519231 0.09628378365384616 0.2215353677884616