0 0.46796875 0.07890625 0.0390625 0.0890625
0 0.509375 0.05859375 0.040625 0.084375
0 0.5234375 0.18515625 0.040625 0.090625
0 0.478125 0.20703125 0.040625 0.0875
0 0.52734375 0.290625 0.0390625 0.0921875
0 0.48125 0.31015625 0.0421875 0.0921875
0 0.5375 0.4 0.04375 0.09375
0 0.4890625 0.41640625 0.04375 0.0984375
0 0.54140625 0.50703125 0.04375 0.096875
0 0.4875 0.5328125 0.040625 0.08125
0 0.5328125 0.62578125 0.04375 0.0890625
0 0.48671875 0.65 0.04375 0.0859375
0 0.53671875 0.7453125 0.040625 0.09375
0 0.48671875 0.76015625 0.040625 0.09375
0 0.53828125 0.8515625 0.040625 0.096875
0 0.5409374828125 0.9577588859375 0.042221562499999976 0.07486807499999984
0 0.49188976640625004 0.88214705546875 0.041749795312499935 0.10665535156250013
0 0.44637309296875005 0.95435578671875 0.04677232343749997 0.08772424843749996
0 0.39803122890625003 0.95978429296875 0.04049416093750002 0.08043141406249994
0 0.3528370140625 0.96607065546875 0.043616103125000014 0.06729184843749998
0 0.44296875 0.85234375 0.040625 0.09375
0 0.4 0.8703125 0.040625 0.0859375
0 0.353125 0.88359375 0.0421875 0.0890625
0 0.3078125 0.896875 0.0390625 0.1015625
0 0.2984375 0.77421875 0.0390625 0.0921875
0 0.34609375 0.7703125 0.0390625 0.0953125
0 0.39140625 0.75390625 0.0390625 0.0921875
0 0.4359375 0.73359375 0.040625 0.0984375
0 0.43671875 0.62421875 0.040625 0.0890625
0 0.39140625 0.646875 0.04375 0.0953125
0 0.34375 0.65625 0.040625 0.1015625
0 0.29609375 0.6640625 0.0375 0.0953125
0 0.434375 0.5109375 0.0421875 0.096875
0 0.384375 0.528125 0.0390625 0.0921875
0 0.3421875 0.5453125 0.0375 0.1
0 0.29765625 0.55078125 0.0375 0.09375
0 0.434375 0.39609375 0.0421875 0.0890625
0 0.3859375 0.41015625 0.040625 0.0953125
0 0.3421875 0.4203125 0.040625 0.1
0 0.296875 0.43671875 0.0328125 0.0984375
0 0.296875 0.3265625 0.0359375 0.1015625
0 0.3390625 0.31484375 0.040625 0.1015625
0 0.384375 0.30078125 0.040625 0.0953125
0 0.42890625 0.28125 0.0421875 0.09375
0 0.42421875 0.17265625 0.040625 0.0875
0 0.38125 0.19609375 0.040625 0.0890625
0 0.33515625 0.20703125 0.040625 0.0921875
0 0.33125 0.0984375 0.0390625 0.0953125
0 0.37734375 0.084375 0.040625 0.090625
0 0.42265625 0.06171875 0.0421875 0.0984375
0 0.284375 0.11328125 0.0421875 0.0875
0 0.28828125 0.2171875 0.0390625 0.0953125
0 0.24296875 0.13203125 0.0390625 0.0875
0 0.2453125 0.23515625 0.0359375 0.090625
0 0.24921875 0.34375 0.0421875 0.09375
0 0.20078125 0.1515625 0.0375 0.084375
0 0.20078125 0.2515625 0.0359375 0.09375
0 0.203125 0.35859375 0.0375 0.096875
0 0.25234375 0.45078125 0.0390625 0.1015625
0 0.20859375 0.465625 0.0375 0.096875
0 0.253125 0.56875 0.0390625 0.0984375
0 0.209375 0.58203125 0.0375 0.103125
0 0.2546875 0.6859375 0.0390625 0.10625
0 0.20625 0.69296875 0.0390625 0.0984375
0 0.2546875 0.7921875 0.0390625 0.090625
0 0.259375 0.90390625 0.040625 0.1
0 0.21328125 0.91015625 0.04375 0.096875
0 0.21171875 0.80390625 0.0421875 0.0984375
0 0.12855780546875 0.9554407031250001 0.03851450468749999 0.08911859374999995
0 0.17109375 0.93671875 0.0375 0.09375
0 0.1671875 0.8328125 0.0375 0.096875
0 0.1234375 0.8546875 0.040625 0.090625
0 0.12109375 0.746875 0.0375 0.1015625
0 0.16484375 0.71640625 0.0359375 0.0984375
0 0.1671875 0.61015625 0.0390625 0.090625
0 0.12421875 0.63125 0.0390625 0.0953125
0 0.1640625 0.48984375 0.0390625 0.0984375
0 0.12421875 0.525 0.034375 0.0984375
0 0.16015625 0.38125 0.034375 0.096875
0 0.12109375 0.41484375 0.0359375 0.09375
0 0.1578125 0.271875 0.040625 0.09375
0 0.11640625 0.3046875 0.0390625 0.1046875
0 0.15546875 0.16328125 0.040625 0.0859375
0 0.11328125 0.19140625 0.0375 0.0859375
0 0.11151983437499999 0.08076507890625 0.039280590624999986 0.1115942140625
0 0.15036600625 0.0522942859375 0.03757637812500001 0.104588571875
0 0.19350642421875 0.04314904765625 0.039254332812499994 0.08400911718750001
0 0.2391520703125 0.0322324 0.04008562499999999 0.0644648