0 0.9109090914062501 0.424547803125 0.07563636406250004 0.09767441875
0 0.8338181820312499 0.4149870796875 0.07127272656250003 0.09302325625
0 0.875090909375 0.34108527109375003 0.07527272812499994 0.10025839843750002
0 0.7974545453124999 0.33695090390625 0.07272727187500001 0.09198966406250002
0 0.7596363640625 0.418346253125 0.07418181874999999 0.09664082812500001
0 0.71781818125 0.34186046484375004 0.06909090937499993 0.09664082656250002
0 0.66963636328125 0.41317829453125 0.06945454531250003 0.09664082656250002
0 0.602 0.40077519375000004 0.06363636250000004 0.08940568437500004
0 0.94490909140625 0.25012919921875004 0.06145454531250003 0.0857881140625
0 0.966909090625 0.16847545234375 0.06400000000000006 0.08372092968750003
0 0.93509090859375 0.10155038749999998 0.06654545468750009 0.084237725
0 0.9072727273437501 0.17674418671874997 0.06036363593750007 0.07441860468749999
0 0.83672727265625 0.1857881140625 0.06036363593750007 0.08630490937499999
0 0.8754545453125001 0.10956072343750001 0.057818181250000045 0.07751938125
0 0.8143636359374999 0.10594315234375 0.057818181249999955 0.0764857890625
0 0.7845454546875 0.08423772578125 0.046909090625 0.0661498703125
0 0.8056363640624999 0.15348837187500003 0.03599999999999994 0.055813953124999996
0 0.739090909375 0.1759689921875 0.054181818749999965 0.070801034375
0 0.68527272734375 0.242635659375 0.05563636406249994 0.077002584375
0 0.632909090625 0.24547803671875 0.052727271874999995 0.07441860468749999
0 0.5718181812500001 0.2374677 0.049090909375000005 0.06873385000000001
0 0.5970909085937499 0.18552971640625002 0.05163636406249994 0.07441860468750001
0 0.6736363640625 0.1560723515625 0.04981818125000004 0.06925064687500002
0 0.71709090859375 0.10697674374999999 0.04945454531250002 0.072351421875
0 0.74927272734375 0.035400516406250006 0.04909090781250001 0.0677002578125
0 0.6799999999999999 0.0583979328125 0.04800000000000004 0.069250646875
0 0.6536363640625 0.09224806171875001 0.046909090625 0.0666666671875
0 0.4436363640625 0.31576227343749996 0.05818181874999997 0.081653746875
0 0.395090909375 0.35400516796875003 0.051999999999999956 0.0816537453125
0 0.34690909062499997 0.33798449609375003 0.04581818124999999 0.07441860468749999
0 0.30254545468750005 0.24935400468750002 0.040727271875000026 0.065633075
0 0.28618181796875 0.15658914687499997 0.04727272656250001 0.07235142187499999
0 0.37727272734375 0.13669250703125 0.046909092187500036 0.04392764843750001
0 0.36381818203125 0.19896640859375 0.052727273437499986 0.0837209296875
0 0.41854545468750004 0.234366925 0.05599999999999996 0.08837209374999999
0 0.442 0.142635659375 0.055636362499999946 0.08475452187500002
0 0.51745454609375 0.15943152500000002 0.05454545468749998 0.08010335937499999
0 0.4809090906250001 0.08656330703125001 0.05927272812500002 0.0873385015625
0 0.43381818203125 0.057622739062500004 0.05527272656250002 0.08423772500000001
0 0.40981818203125 0.10439276484375 0.029818182812499972 0.07131782968750001
0 0.49981818203124995 0.017571059375 0.053454545312499935 0.034108528124999996
0 0.18109090859375002 0.16666666718749998 0.044363635937500014 0.07700258437499999
0 0.16854545468749998 0.2661498703125 0.04181818124999999 0.05891472812499998
0 0.11036363593750001 0.23359173125 0.046909090625000004 0.074418603125
0 0.059090909375 0.15529715703125 0.041090909375 0.0728682171875
0 0.03781818203125 0.22015503828125 0.0407272734375 0.07131782968750003
0 0.02218181796875 0.27777777812500004 0.0407272734375 0.07183462500000001
0 0.147090909375 0.08759689921875 0.035272728125 0.0366925078125