0 0.715412178125 0.0643483921875 0.051004609374999975 0.06473159375
0 0.761919334375 0.06840908671875 0.05578230312499999 0.06804584843750001
0 0.8024579226562502 0.07466972109375 0.05132988281250004 0.0642327421875
0 0.7231798625 0.13366498046875 0.04993365937499998 0.0648684984375
0 0.77146703359375 0.13529951953125 0.05224147031249995 0.06602827031249998
0 0.81669304453125 0.13830269687500002 0.04663676093749993 0.06276881875
0 0.738237015625 0.19189869609375002 0.04826081874999995 0.05819056093750001
0 0.7803292046875001 0.19869913671875 0.04603186250000002 0.059464595312500014
0 0.8230798617187499 0.20258932187500003 0.05078426406249994 0.063866609375
0 0.75460366484375 0.24803615234374998 0.05388642656249996 0.06928156406250001
0 0.80025962265625 0.25505632421874996 0.05231310781249991 0.06645566406249999
0 0.8470839101562501 0.25927193125 0.05308005156249997 0.06612313749999998
0 0.8951420273437499 0.26624054765625005 0.053321154687500004 0.0685439421875
0 0.91042645234375 0.3426715578125 0.0509910578125 0.06506081875
0 0.8645819414062499 0.335038175 0.05546263906249997 0.065113784375
0 0.81510403359375 0.32330826953125 0.05139921406249996 0.06853675781249997
0 0.76668091640625 0.31696613515625 0.05539879843750004 0.06780705781250003
0 0.77599155859375 0.39196912031250003 0.057633851562500116 0.06835419375000003
0 0.82245860625 0.39656363359375 0.053820012500000035 0.06767888593749997
0 0.8701246765625001 0.4052716125 0.057869840625 0.07025575937500003
0 0.91725479921875 0.41179115 0.056148745312500026 0.06817660624999995
0 0.9190905148437502 0.48365315859375 0.053130935937499936 0.07025812968749996
0 0.8746195695312501 0.4879831015624999 0.05353281093749995 0.06795303749999997
0 0.8278410390625 0.46569163828125 0.055833137500000074 0.07130363593749997
0 0.78285598828125 0.4620752875 0.054785029687499966 0.07003965000000001
0 0.82742615 0.5265714257812499 0.05550981874999996 0.06505626406250001
0 0.6821175640625 0.5030590531250001 0.054238084375000016 0.06739166562499994
0 0.728154053125 0.4976989648437501 0.05434666875000005 0.06785683593750003
0 0.7732106882812501 0.5228737226562499 0.05326343906249997 0.0671655859375
0 0.810553790625 0.581493525 0.0523660125000001 0.06602024999999996
0 0.85273151875 0.5994110109375 0.04916766562500001 0.06537950312499996
0 0.8297445554687499 0.6381879749999999 0.051793876562499896 0.06850154062499998
0 0.8996382695312499 0.6297317 0.055039495312500006 0.06552882499999999
0 0.9539704960937498 0.6509294398437501 0.05115062031250002 0.06832767656250001
0 0.9362774007812501 0.70354612109375 0.0491286921875 0.0636680421875
0 0.8654445929687501 0.66897041796875 0.049766264062500024 0.06322601406250002
0 0.8918641578125 0.7310041546875 0.05448260312500004 0.06722843749999993
0 0.8487427679687499 0.7553476265625 0.05015759218750002 0.06780313125
0 0.82473211796875 0.6970136554687499 0.050265442187500044 0.06507405781250002
0 0.798858325 0.7471376390625 0.052586234374999916 0.06700270000000001
0 0.74799453984375 0.7218287812499999 0.05250127031250003 0.06644976875
0 0.77278899921875 0.67293841015625 0.05488582968749993 0.06795732968749997
0 0.7571968 0.6182489125 0.05387760000000004 0.06844976250000005
0 0.73326556640625 0.56229297734375 0.05140827031250002 0.06506577656250005
0 0.69214080859375 0.5861638640625 0.053184626562500004 0.06828121874999997
0 0.64900469609375 0.5583159664062499 0.05525889218750004 0.06915570781250002
0 0.7191428328124999 0.6529821890624999 0.055765262500000023 0.06890132499999994
0 0.67976189296875 0.68611183671875 0.0512457140625 0.0641430234375
0 0.6551705890624999 0.6349688671875 0.05502738124999995 0.06900888749999998
0 0.61910701015625 0.6740858265625 0.05116629843749996 0.06861915625000004
0 0.6573338695312501 0.7339540812500001 0.05471319531250005 0.06633448125000001
0 0.65831125078125 0.8030832867187498 0.05618705468750003 0.0697486546875
0 0.60760393671875 0.6139017875 0.058159989062500014 0.07006274375000006
0 0.559986478125 0.6221804796875 0.056900218750000064 0.06912520312499995
0 0.46887070078125 0.65109270390625 0.05404956406250001 0.06994349218750004
0 0.51375951640625 0.6357264109375 0.054719670312500045 0.06839548437500005
0 0.578924928125 0.68587518515625 0.05545383749999999 0.06820722031250001
0 0.61009976328125 0.7509792984375 0.0588088703125 0.07299323124999998
0 0.613061025 0.8157260273437499 0.05469630312499998 0.06763163593749999
0 0.5337897828125 0.70056503046875 0.04962649687500002 0.06568647343749996
0 0.48628201328125 0.7139788375 0.054621298437499986 0.06769954375000005
0 0.5636009648437501 0.7646343890624999 0.05728659843750004 0.07048271875000003
0 0.51807220859375 0.77773876328125 0.05241609531249995 0.06643845156249997
0 0.5664197171875001 0.82692366328125 0.055217221875 0.06789337656250005
0 0.5207362312500001 0.83788945078125 0.050990175000000006 0.06506577343750006
0 0.056966603124999994 0.498966659375 0.057529096875 0.06579335312500004
0 0.10928627734375 0.47718236562499994 0.055217570312500006 0.06913350937499993
0 0.0386218921875 0.561816590625 0.05334387187499999 0.06813366875
0 0.10518875937500001 0.5406359953125 0.054526971875 0.0679528125
0 0.16942066640625 0.52813501640625 0.05678415781249999 0.0704066390625
0 0.22135715546874998 0.50947867421875 0.05859705468749998 0.07192297656250002
0 0.27012813828125 0.4940191515625 0.058254951562500025 0.07142324999999997
0 0.31823809140625 0.480428990625 0.05949123906250002 0.07317603125000005
0 0.3671476328125 0.46807785546874997 0.053206312500000005 0.06680219531249998
0 0.38419279140625 0.53675476484375 0.05815763281250001 0.07068874531249998
0 0.39350781875 0.60638468984375 0.05139029062499998 0.06476542343749996
0 0.41116371406249996 0.65598963984375 0.05410811875000006 0.0639843984375
0 0.4280670656250001 0.71611542578125 0.05023333750000001 0.06393591406250003
0 0.4521352125 0.7805226585937499 0.05329570312499996 0.0625817578125
0 0.46937488750000006 0.84621529140625 0.05446036249999997 0.07119695781250002
0 0.4244170984375 0.85969935 0.055084087500000004 0.06755554687500016
0 0.40780564921874995 0.7927021507812501 0.056870482812499956 0.06962410468750005
0 0.38298515546875 0.72997200859375 0.052245007812500036 0.06917490468750005
0 0.27370091640625 0.69175674765625 0.053439629687500025 0.06656311718749999
0 0.31946914609375004 0.68072251171875 0.05211605156250001 0.06454890781250003
0 0.3663231640625 0.67038038671875 0.05061232499999999 0.06238178281250004
0 0.23663714609374997 0.58165194921875 0.0579671640625 0.07195115468749994
0 0.15963281953125003 0.58851741796875 0.062078795312500004 0.07139002031250001
0 0.19884569296875002 0.6313234015625 0.05660240156249998 0.070298359375
0 0.2473386265625 0.64908060546875 0.05490119375 0.07003487343749999
0 0.29721339062499996 0.6364304703125001 0.05355201875 0.07203164062500003
0 0.34614463046875 0.62264689609375 0.05608004843750001 0.06994212968750002
0 0.28797608593749996 0.5659254820312499 0.05614174062499999 0.07140146406249999
0 0.33559815625 0.55140572421875 0.058195756249999994 0.07105753593750004
0 0.09479522343749999 0.60256287421875 0.054681328125 0.07101293593750002
0 0.02876346796875 0.6223096484375 0.0575269359375 0.07468244687499999
0 0.15080201875000002 0.6489039406250001 0.06137331875 0.07295551250000001
0 0.21550697265625002 0.6961378640625 0.05539541718749998 0.06963200937499998
0 0.039082914062499995 0.68407724921875 0.055274106249999996 0.06960416093749995
0 0.0889163703125 0.66360473671875 0.055852415625000006 0.07021185468749999
0 0.1668899375 0.7081228937499999 0.0561950875 0.06838548749999998
0 0.3377036484375 0.74238039765625 0.05613281562500001 0.06772098281250001
0 0.36422837656249996 0.8110899664062501 0.058254028124999954 0.07168924843750002
0 0.37842317734375 0.87152077890625 0.051207907812499974 0.06618058593750006
0 0.11614289531250002 0.71902660859375 0.052657481250000006 0.06689588593749995
0 0.06542717578125 0.7364141609375 0.05801717343749999 0.06875827499999998
0 0.08885431562499999 0.8015383703125 0.05809364375 0.06938762812499996
0 0.13845279531250002 0.78739980859375 0.056627162499999995 0.06893361718750005
0 0.18749481484375 0.779130896875 0.05345332031249998 0.06736677812499998
0 0.235007796875 0.7643380507812501 0.05763779375000002 0.0687696265625
0 0.290768515625 0.75520340078125 0.05530858437499999 0.0679143265625
0 0.31384961875 0.81309016328125 0.050500512500000025 0.0678974484374999
0 0.2630523703125 0.83015750625 0.0553576375 0.06999205312500001
0 0.32949087343750005 0.88180515859375 0.053650581250000016 0.06706394531249985
0 0.2867038359375 0.9014212203125 0.05674891562499997 0.06990149062499995
0 0.11736376796874999 0.865179778125 0.052538195312499994 0.06410838749999996
0 0.16747136640625 0.8550623578124998 0.05363103906250002 0.06814049687499998
0 0.21509571562500002 0.8431269726562501 0.05922271562500001 0.07050034843750001
0 0.2387995921875 0.9152784874999998 0.05338090624999996 0.06597475
0 0.19064304453125 0.9258339796874999 0.06088155781250002 0.07242071250000012
0 0.14073033671875 0.9336644804687498 0.05821909843749999 0.07026002343749997
0 0.15191733515625 0.24196348984375 0.022558417187499978 0.02890230468749997
0 0.18130238046875 0.22922778671875 0.0233288859375 0.029742907812499997
0 0.21391089453124995 0.21171072343750003 0.02213935468749999 0.02598921249999999
0 0.20182925390625 0.23976328984375 0.021443382812499977 0.026311873437499987
0 0.19333268750000002 0.26218936953125 0.023487668750000013 0.030117685937499993
0 0.17200715 0.25581983984375 0.02293996250000001 0.028578273437500013
0 0.15984231015625 0.27954004921875 0.02072803593750001 0.027463148437499994
0 0.14296654453125002 0.2653731140625 0.021877439062499993 0.024870271875000016
0 0.1256947203125 0.28625353828125 0.023649228124999987 0.028484282812499994
0 0.14704936484375 0.3003969015625 0.024954539062500003 0.03065298437499999
0 0.12142773203125001 0.312753365625 0.022819451562500002 0.02862753125000004
0 0.1250870234375 0.34383189999999997 0.02374875312500002 0.02865237812500001
0 0.14555692343749999 0.35459108515625 0.025324178124999985 0.028286832812500017
0 0.1392431921875 0.3257573171875 0.021905853124999996 0.027541875000000004
0 0.1583970015625 0.3335689671875 0.02059517500000001 0.02497691875000001
0 0.1695050625 0.36006074921875 0.020475521875000013 0.02763863906249999
0 0.1887604390625 0.36472710937499997 0.019936328125000014 0.026511471875000005
0 0.17674508046874998 0.38500139140625 0.018343714062499995 0.02076061406249998
0 0.18211075390625 0.3364274203125 0.02229312031249999 0.027258265625
0 0.169805009375 0.31134844609375 0.025442328125000004 0.029473232812499982
0 0.18332409921874998 0.2857491484375 0.023824182812500004 0.026428896874999986
0 0.19085759453125 0.31346528593749995 0.022840273437500013 0.029647975000000003
0 0.20312821796875 0.34050851171875 0.023734432812500005 0.026960214062499998
0 0.21585939999999998 0.36117175156250003 0.022188956249999992 0.026632075000000022
0 0.22313863203124998 0.3372619015625 0.02396526093750002 0.029907131250000017
0 0.213208825 0.31354866875000004 0.021338078125000014 0.02784829062500003
0 0.20307732187500002 0.28890318984375 0.021271278125000005 0.027820001562499995
0 0.21395985 0.263816846875 0.022093578124999968 0.026051287499999985
0 0.22296293984374999 0.23972523359375 0.022435610937499996 0.028075329687499994
0 0.23726555859375004 0.22030009765625 0.019532035937500015 0.027495195312499998
0 0.23681453671875002 0.35467163515625 0.022894423437500012 0.026158857812500002
0 0.24753768828125003 0.333321903125 0.022399273437500034 0.025965903125000002
0 0.23394568515624997 0.31385840859375 0.020203004687500005 0.026855360937500006
0 0.2268659265625 0.28684640312500004 0.02426843125000002 0.028143521875
0 0.23596313437500002 0.2619269546875 0.022825921875000033 0.028484556250000015
0 0.2495999234375 0.28159184609375 0.025193696874999994 0.02954604218750001
0 0.25845060468750003 0.36526733359375 0.021909134374999972 0.02586658593750002
0 0.26785028359375 0.34497019453125005 0.020222523437499973 0.029165220312499997
0 0.2543869125 0.30945457421875 0.022513293749999976 0.028573882812499996
0 0.25972039609375 0.21933654687499998 0.0213526484375 0.027644062499999976
0 0.24998522421875 0.2432617125 0.023262429687499964 0.030021734374999998
0 0.26594131953125 0.2626638484375 0.02411224218750001 0.027896968750000008
0 0.27488386796875003 0.23713337265624998 0.022420329687499983 0.026706498437500014
0 0.27871865859375 0.21133490937500002 0.01991080156249998 0.02841286875000002
0 0.29691617968750006 0.22691406250000004 0.02280760312500001 0.026221184374999984
0 0.28795773828125004 0.26454979765625 0.022866329687499975 0.02874357968750001
0 0.30672889609375 0.25327896406250006 0.022115329687499984 0.02619538750000001
0 0.3208647515625 0.23572854765624998 0.019652615625 0.026569457812499975
0 0.33522106875 0.21859401953125 0.02056640937500003 0.026584335937500026
0 0.34155363203125 0.24561325078125 0.021077979687500026 0.026748717187500003
0 0.32657236171875004 0.26047906953125005 0.02309816093750001 0.02752004531250001
0 0.34533586328125 0.27228714453125 0.017456373437499995 0.027507076562499976
0 0.34710521484375 0.2973537265625 0.01290160468749999 0.022179668749999992
0 0.3303682203125 0.28953369687499997 0.02452174375 0.030563046875
0 0.30997106484375003 0.279176675 0.022476464062500014 0.026599103125000002
0 0.28947708828124996 0.29285604296875 0.020682885937499985 0.027512642187500002
0 0.27059747890625 0.29268797343749997 0.022825198437499992 0.028674074999999986
0 0.2745971046875 0.31894407734375 0.022184871875 0.025906589062500006
0 0.28223796171875 0.3684285703125 0.02451246093749999 0.0300198875
0 0.29907158906250003 0.38472256328125 0.021252118749999972 0.029306220312499985
0 0.3127693046875 0.40249761171875004 0.0199245125 0.02208922656250003
0 0.3196019859375 0.381150840625 0.020647593750000005 0.026178268749999976
0 0.28838374921875004 0.34213729765625 0.018175717187500016 0.02527801093750002
0 0.30460018359375 0.36029745234375 0.01993967031250001 0.026521376562499997
0 0.32582339140625 0.3563376078125 0.023008132812500026 0.029356928124999994
0 0.34264764375 0.3407907875 0.020598275 0.026582984375000018
0 0.3356162421875 0.315014928125 0.023412065625 0.02976224687500002
0 0.31407653828125 0.30780945312499997 0.0221972546875 0.029949812499999996
0 0.2941346 0.31871415703125 0.020913153125000018 0.027944689062500007
0 0.31373343359375 0.33439235390625 0.02283744218749999 0.0287963515625