0 0.147586121875 0.11922819296875001 0.08395773437499998 0.09991855156249999
0 0.23327205625 0.10627485625 0.089077134375 0.092889309375
0 0.313436565625 0.14822730546875001 0.08044842187499998 0.0968553546875
0 0.232475190625 0.10674973671874999 0.08451629375000003 0.0963398515625
0 0.24455261093749997 0.20239432500000004 0.07946468750000002 0.09654133750000002
0 0.31776062421875 0.23943463437499996 0.0792830703125 0.091835028125
0 0.24922307031250002 0.29715109921875 0.08427990312499997 0.08958145156250001
0 0.16335647187500002 0.30877699609375 0.08376834062500002 0.09600598906249998
0 0.158785865625 0.21439244453125 0.08458415937500001 0.09839700468749998
0 0.078041953125 0.1827415578125 0.084156328125 0.09939733437499998
0 0.08058647968749999 0.27774363359375 0.08919809375 0.09634750781250001
0 0.1060000734375 0.37481741328125 0.0805650875 0.09193139531250001
0 0.18681354140625 0.40837590390624995 0.08274542031249998 0.09032562656249996
0 0.27344167812500003 0.38842464374999996 0.08888523124999996 0.09324642500000002
0 0.3446695703125 0.33445349453124995 0.07821274374999998 0.09802651093750003
0 0.4184492875 0.36662316562499997 0.08121205625000005 0.09110168749999996
0 0.354678140625 0.42699321796874995 0.07666757187500002 0.0955343703125
0 0.48076592421875 0.30546467421875 0.07944672968749993 0.0908379359375
0 0.43060421640625 0.22894640234375002 0.06607587343749999 0.07802104218750001
0 0.4945723765625001 0.23561495312500003 0.062401740625000014 0.07481405
0 0.47089009609375 0.16374525703125 0.06366803281250002 0.08087771718749999
0 0.53525678515625 0.172456309375 0.0635903671875 0.07806280937500001
0 0.6005756328125 0.16781861953125002 0.060168018749999955 0.07924862031249999
0 0.63461100625 0.2348768890625 0.060156165625000035 0.07507536249999999
0 0.5735752749999999 0.23633122734374998 0.061309753124999936 0.0734780171875
0 0.5461228359375 0.3079446875 0.06031337499999996 0.073603615625
0 0.6041665429687499 0.3053541921875 0.05993831093750002 0.07512841249999998
0 0.48768868359375006 0.39892032890625 0.0735366328125 0.09206632343750001
0 0.56207595859375 0.38722420468749996 0.07327234531250007 0.087180440625
0 0.63250949140625 0.4082877359375 0.07349179843749995 0.09060679374999996
0 0.6206745781249999 0.49678858125 0.06672166562500008 0.07895622812500003
0 0.52190958828125 0.46682006640624996 0.06983864531249999 0.08224127031249999
0 0.5585577453124999 0.532423559375 0.066690884375 0.07747655
0 0.5884522148437499 0.59689176171875 0.061772257812499995 0.07978629531250006
0 0.65299268515625 0.56187661796875 0.06919183281250003 0.07675538906249998
0 0.5201552648437501 0.60420477890625 0.0697452390625 0.07557057031250007
0 0.48753110624999996 0.5414537484374999 0.06779768437499997 0.08122746562500005
0 0.55295359921875 0.71461212734375 0.07266551093749998 0.09167457031250006
0 0.6283503749999999 0.70295015625 0.06979961875000003 0.08769295937499999
0 0.6588114890625001 0.768971296875 0.07135311875000001 0.08104843124999998
0 0.58877130625 0.7837109906249999 0.07626610625000003 0.08298292187499996
0 0.6274013148437501 0.8524507031249999 0.07220295156250005 0.08241177499999992
0 0.54859344375 0.8616702742187499 0.07922797812500004 0.08257160781249998
0 0.51007406796875 0.7969491515625 0.07038622656250001 0.09107863125000008
0 0.4640301046875 0.8751412703125 0.07477304687499994 0.09003661875000013
0 0.431298859375 0.80226177890625 0.07616932812500003 0.0930844515625
0 0.32856722578125 0.9063636640624999 0.0890717515625 0.09273536875000002
0 0.34541381328125 0.80334060546875 0.08112397968750003 0.09805315781249994
0 0.26115999140625 0.8267239999999999 0.0920237953125 0.09155807499999993
0 0.24280939999999998 0.9261753804687501 0.08449079374999999 0.09527562343750003
0 0.15436869765625 0.93443404765625 0.0891701203125 0.09554772031249996
0 0.081087734375 0.8911769875000001 0.09212476875 0.09711086250000012
0 0.1725050921875 0.8352177390625 0.091563209375 0.104484871875
0 0.09237611640625001 0.7980977617187499 0.1008546140625 0.09739201093749994
0 0.23287815703125 0.742140534375 0.08917223906249998 0.09560824374999992
0 0.35375310312499997 0.66285918984375 0.074296603125 0.08804887968750004
0 0.45199351953125005 0.61877255859375 0.0679396578125 0.08171652343749995
0 0.41690632265625 0.5445678453125 0.07450204531250004 0.079248853125
0 0.42367788203125 0.46374428828125003 0.07942202031250001 0.08698961406249994
0 0.3539920625 0.5180330039062501 0.07770936875000004 0.08808844218749998
0 0.28340514296874997 0.47987403124999994 0.08436406718749997 0.09198769687500005
0 0.20415961171875 0.4929686226562501 0.07493384218750002 0.08693002031249994
0 0.12437633359375 0.48801704609374996 0.08023770468750001 0.0877244734375
0 0.05352104453124999 0.44875689531249996 0.0813615046875 0.09353568125000003
0 0.06912524296875 0.560802765625 0.08279798593750001 0.091828465625
0 0.16048218125 0.5695574765625 0.07888705625 0.09157377500000008
0 0.29028942734375 0.6175995953125 0.08241251406250001 0.08242425625000002
0 0.08818026718750001 0.66024170078125 0.0846092875 0.09360947343750006
0 0.035157625 0.728020940625 0.07031525 0.09017827500000006
0 0.72686753359375 0.7619398335937501 0.06678359218749996 0.08012703593750006
0 0.7773317601562499 0.8137697351562501 0.06527487968749997 0.08160794531250008
0 0.8425747765625001 0.80689232109375 0.06618192812499987 0.07672105781249998
0 0.8949962984374998 0.746070603125 0.06164436250000005 0.07606170312499998
0 0.8231500468749999 0.73153340078125 0.06204046875000006 0.08221287343749992
0 0.9093771523437499 0.666164303125 0.0641309578125 0.07641487187499996
0 0.8500201749999998 0.65405453515625 0.06527790937500004 0.08169461093749994
0 0.77409232421875 0.69170889765625 0.0649951953124999 0.08359427031250002
0 0.8782528460937499 0.57758905546875 0.06086194218749998 0.07840378281249993
0 0.8112057835937501 0.58087007421875 0.0654551203125 0.07990623906250001
0 0.7417413703125 0.58208105 0.06832208749999999 0.07949763125000002
0 0.7170171296875 0.5005225453125 0.06935504687500008 0.08631580000000003
0 0.80185472421875 0.5011006015625 0.0691636328125 0.07866495312499992
0 0.9135741265625 0.5034484796875001 0.06316312187499999 0.08513861250000003
0 0.86091810703125 0.4632913671875 0.06607944843749998 0.07853439999999993
0 0.76354723125 0.43511171796875 0.06754503750000004 0.08682599843749994
0 0.840182715625 0.3999298328125 0.06839718437499993 0.08164465937500003
0 0.837181209375 0.32139431484375003 0.0602456437499999 0.07828604218750002
0 0.9032083914062501 0.30157839218750004 0.06138641093749993 0.07602996249999996
0 0.7734658781249999 0.32995456640625004 0.06613467812499989 0.07748920156249998
0 0.7270426335937501 0.28028047890624996 0.06587346093750002 0.08328721718750001
0 0.79169623359375 0.24847739062500002 0.06233229218750003 0.08308130312499999
0 0.8540397085937499 0.24254613671875003 0.06291416093749991 0.08429785781250003
0 0.9133413703125001 0.22002047109375003 0.06085143125000005 0.08168693593750001
0 0.87264615703125 0.16307973671875003 0.060824879687499944 0.07922926406250001
0 0.7432846140625 0.19537489218749998 0.06416698749999998 0.08580775
0 0.77065711484375 0.11230433124999999 0.06524395781249996 0.0807238625
0 0.8409887046875 0.09292669921875 0.06330931875000001 0.0820969859375
0 0.90241634609375 0.06384186015625 0.0672755171875 0.08055281406249999
0 0.8547836726562501 0.0262604515625 0.061478864062499916 0.052520903125
0 0.79904035546875 0.03572778984375 0.06951400781250001 0.0714555796875
0 0.7330590906250001 0.049350640625000004 0.06779406250000006 0.089305809375
0 0.66405515234375 0.058931213281250006 0.06911029218750002 0.09053572343750001
0 0.69137518984375 0.01240372578125 0.0664587046875 0.0248074515625
0 0.754451584375 0.00742888671875 0.062114481249999985 0.0148577734375