0 0.35886855390625005 0.0806806625 0.09169773593750005 0.09558556250000001
0 0.3722051015625 0.18638780625 0.08330738749999997 0.108591428125
0 0.27862937187500003 0.16700957968750002 0.08718320625000002 0.10184651562499998
0 0.197135746875 0.20444104531249999 0.086523090625 0.10639495000000002
0 0.15945689921875 0.29039718046875 0.09117369531250001 0.11522824531250002
0 0.115914875 0.3774084828125 0.09555997187500001 0.10894930625000003
0 0.200261553125 0.35705775390625 0.07889444062499999 0.0794156765625
0 0.19498940234375 0.4434987078125 0.0931882234375 0.09592778437500002
0 0.11773512734375 0.48097075390625 0.0882347421875 0.10663138281250006
0 0.1278653671875 0.59359650078125 0.10032911250000001 0.10375775468750001
0 0.15233643203125 0.69842227109375 0.08740535781249999 0.10900264843750004
0 0.139730959375 0.8017874554687499 0.10146640000000003 0.10164370781249996
0 0.17240201640625 0.9019776359375001 0.09305752343750003 0.09545018437500001
0 0.22338606640625 0.960393565625 0.08982234531249997 0.07921286875
0 0.30849855390625003 0.95931487109375 0.09091987968749997 0.08137025781249996
0 0.24736302265625 0.85211525390625 0.07714496093749998 0.10216496093750002
0 0.33360828359375 0.86461860625 0.08399407031249999 0.08685858437500009
0 0.30435758515625 0.8023772992187499 0.08513499218749998 0.10882315468749999
0 0.240431171875 0.71719866484375 0.08200823125000001 0.10737374531250002
0 0.2191432046875 0.6219151796875 0.09821612187500002 0.10214106874999995
0 0.31244163125 0.62268830390625 0.08604651562499996 0.10956085468749999
0 0.2890398515625 0.45045828828124995 0.0879753 0.10828898906250002
0 0.29110039921875003 0.36612076953125 0.07615023281249997 0.08700117656250002
0 0.3546388296875 0.5383976046875001 0.08458103750000001 0.11086594062499992
0 0.38399518046875 0.45370867734375003 0.08189846406250001 0.0983461734375
0 0.2857046796875 0.27400487109375 0.08441373750000003 0.10321252968750003
0 0.38608755546874995 0.29150417109375004 0.08788175468749997 0.10305219843749999
0 0.41950768125 0.381239590625 0.07849165312499999 0.09651488750000001
0 0.4598447640625 0.21904695625 0.077812715625 0.10421642187500002
0 0.47750200703125 0.31281994609375 0.08120074218750002 0.09298124843750002
0 0.5061151734375 0.397956525 0.07616900937500004 0.086141428125
0 0.53082829453125 0.2606046109375 0.08108856406250001 0.09084575937500002
0 0.5857194195312501 0.3310823296875 0.07171333593749996 0.09574488750000003
0 0.5978859 0.23259425234375 0.07789221249999993 0.0892962203125
0 0.66172246328125 0.28677915234375 0.07133842656249997 0.09259520781250004
0 0.7080346992187501 0.22079221484375 0.07434409843749998 0.08820332031250003
0 0.6540912929687501 0.3773585578125 0.06883721093749999 0.09197618750000003
0 0.5719057218750001 0.41908372343750006 0.06421893437500001 0.08799391250000003
0 0.47106231171875007 0.46499140078125 0.07554398281249997 0.09858178281250005
0 0.43810266640625006 0.5466903625 0.0852761578125 0.10030310937500006
0 0.35023134765624997 0.716665403125 0.08317829843750002 0.10466575625
0 0.39363133671875 0.806466134375 0.08328788906250004 0.10306433437500004
0 0.43584285234375 0.89145921953125 0.08239849531249996 0.10011870468749998
0 0.3987281578125 0.9623611085937501 0.08178318124999998 0.07527778281249997
0 0.4730886515625 0.9563002234375 0.07480322500000006 0.08739955312499995
0 0.5368840789062499 0.94942221953125 0.06582090156250002 0.07628174843750006
0 0.5197714945312499 0.8954177023437501 0.08613992656249998 0.09745972968750002
0 0.47603502109374995 0.8085383687500001 0.08033434218749998 0.09656262499999997
0 0.44437183671875 0.7243122921875 0.08510266718750001 0.09903947500000002
0 0.48074325937499995 0.64136329140625 0.08453188125000004 0.09709665781250001
0 0.53942157421875 0.56715538203125 0.0775710734375 0.0984147765625
0 0.5388915023437499 0.4817285312499999 0.07544552343749995 0.0853573625
0 0.74274553515625 0.30656411015625 0.07133752031250004 0.09282458906249999
0 0.8231319718750001 0.30596372109375 0.07119525312500005 0.08916789843749999
0 0.8997221234375001 0.31317831796875 0.06496645937500016 0.08518284218750001
0 0.9530885968749999 0.3382287109375 0.0667176218749999 0.08411355624999999
0 0.97917272109375 0.41731714062499997 0.04165455781249996 0.08454738124999998
0 0.922951884375 0.4168076125 0.06671045625000005 0.08397712499999996
0 0.8599719875 0.382206865625 0.06446844687500004 0.08457822812500004
0 0.7317540875 0.39423863515625 0.06994701250000004 0.0862920140625
0 0.8027390390625001 0.392046646875 0.07082868750000007 0.08236961562499996
0 0.9774367742187501 0.5075976945312499 0.04512645156250006 0.0834272484375
0 0.9161693398437499 0.49984978671875 0.06235939843750007 0.0847191890625
0 0.95812312109375 0.5766406914062501 0.06593199531250012 0.0805040703125
0 0.9808949140625 0.65126038359375 0.038210171875000046 0.07958835156250003
0 0.98765553359375 0.74237965234375 0.024688932812500043 0.08081922656250003
0 0.9490846390625001 0.6940092679687501 0.062330812500000124 0.0853677796875
0 0.9441281929687501 0.7770187414062499 0.05903778281249998 0.0847676328125
0 0.91188753125 0.62070350546875 0.05545219999999986 0.08436784218749996
0 0.8944715710937501 0.55024406328125 0.06376910156250001 0.08949725781249995
0 0.8414353054687499 0.46605896015625004 0.06680036093750008 0.0856886453125
0 0.7664057460937499 0.47224437578125 0.06801846718749997 0.08620198281249998
0 0.8082962804687501 0.54905821953125 0.06333399531250006 0.09003524218749996
0 0.8687719585937501 0.6333494578125001 0.06106843906249999 0.08980290000000002
0 0.81062573046875 0.63570534453125 0.06596899531249996 0.0946655953125
0 0.8796730851562501 0.70436951875 0.0636509484374999 0.08605820000000008
0 0.8697819062500001 0.7827536710937499 0.054821043749999986 0.08277185468750003
0 0.9282039859375001 0.8806176796875 0.05135304062500001 0.08584534374999997
0 0.8828242226562499 0.8370220265625001 0.040656604687499966 0.06843622500000013
0 0.8848166015625001 0.92095849375 0.06431598437500004 0.07792427499999999
0 0.84738013203125 0.86127438671875 0.06736632968749987 0.07762754843750005
0 0.814627896875 0.79073695078125 0.065137984375 0.08973893906249994
0 0.79462331875 0.7015821492187501 0.06619894062499991 0.07423964218749993
0 0.7708623273437499 0.75328780078125 0.06682563281249995 0.08616968906249997
0 0.7249808828125001 0.6650456625000001 0.06789325312500001 0.090560978125
0 0.68671879765625 0.588867103125 0.0699219421875 0.09655070624999995
0 0.6940694390625 0.53336001171875 0.055470034375000046 0.05502169218750001
0 0.69131155546875 0.47253466250000004 0.06537233906250002 0.09367708437499997
0 0.6366600171875 0.514719540625 0.07964076562499996 0.08643209687500004
0 0.6220352953125 0.6029570625 0.07201283124999999 0.0957528375
0 0.6614106398437499 0.6857326078125 0.06661210156249994 0.09155912500000003
0 0.6975167929687499 0.7714244750000001 0.07536091093749997 0.08892826562500007
0 0.5637721296875 0.6505497765625 0.07501782187499995 0.09387574374999996
0 0.516299659375 0.7307438570312501 0.07574482499999995 0.0967368546875
0 0.6018482109375001 0.7375346742187501 0.07572105312500002 0.10303825468749998
0 0.5615283515625 0.8145349718749999 0.07811397187500005 0.09520582812499993
0 0.63376384296875 0.8118152625 0.07014220468749999 0.09000780625000004
0 0.5846644 0.88107744140625 0.06951927187499995 0.08638869531250001
0 0.67106459296875 0.8769715351562499 0.07411392968749997 0.09160462343749991
0 0.735321415625 0.8327608765625 0.06849691875000001 0.08833625624999994
0 0.7839893374999999 0.86542025625 0.06357224062499993 0.08442300312499995
0 0.83808314453125 0.9456452593750001 0.062246907812500044 0.08805956874999996
0 0.7765668281249999 0.9499450765624999 0.06166666874999995 0.09114682187500005
0 0.71103264921875 0.9559081382812501 0.07391756718750005 0.08818372343750003
0 0.64389811640625 0.9570365421875 0.07067372656250007 0.08592691562500007
0 0.9686170203125 0.8837310890625 0.01810706562500002 0.022911684374999908
0 0.98585809921875 0.88265475625 0.014766273437500033 0.02479782812499991
0 0.9688104203125001 0.85735126953125 0.018105640625000065 0.02359874843749985
0 0.98731412890625 0.8563404 0.017953742187500055 0.023215868750000014
0 0.9642348765625 0.8337015234374998 0.015291218750000012 0.021010221875000033
0 0.9820845671874998 0.83091415234375 0.01664004375000001 0.020279085937499986
0 0.9955104960937501 0.8305393625 0.00897900781250005 0.02237841562499998
0 0.98079842265625 0.8080577570312499 0.0169170453125 0.022297473437499972
0 0.99520797109375 0.8078247921875 0.009584057812499935 0.021405521874999955
0 0.9785468570312499 0.777975559375 0.015012854687500087 0.01978651874999997
0 0.99807241875 0.564217153125 0.00385516250000002 0.023419928124999954
0 0.9976830296875001 0.589575609375 0.0046339406250000435 0.019721393749999993
0 0.9870263921875001 0.30161359375 0.015745906250000097 0.022949543749999978
0 0.96975150234375 0.29915150546875 0.016363123437499995 0.022055114062500002
0 0.93060814140625 0.26883402578125 0.020230676562499994 0.023798967187499985
0 0.9336861328125 0.2444638109375 0.017696318750000016 0.022886606249999986
0 0.954805840625 0.24878660937500002 0.01643574062500015 0.023462753125000013
0 0.9733727421874999 0.2499848875 0.01646415000000001 0.024648396874999978
0 0.99003092109375 0.25367226484375 0.016521379687499938 0.02309921718750001
0 0.9320780171875 0.2187542234375 0.021200499999999955 0.02483129062499998
0 0.9505163140625001 0.22124538203124997 0.018906431249999932 0.021635339062500016
0 0.96909058046875 0.2242288328125 0.016391817187500025 0.02262663749999998
0 0.9866402437499999 0.22698087578125 0.01586815937499999 0.02304602031249998
0 0.9279023828125 0.192238965625 0.02068781562499993 0.02337670312500002
0 0.9478325117187498 0.19365110624999998 0.018252867187499966 0.021425331249999992
0 0.9674958117187501 0.19641050781249997 0.015663154687499948 0.022006003124999986
0 0.9847860867187499 0.20041461953125 0.016761407812500018 0.02258941406249999
0 0.99729843125 0.20141438984375 0.005403137499999921 0.022155329687499982
0 0.997272165625 0.17622225234375 0.005455668749999987 0.02289363906249999
0 0.9849959054687499 0.17323953125 0.0167108984375 0.024668490625000004
0 0.9660001749999999 0.16937906796875 0.019309984374999978 0.020184079687500002
0 0.9469678015625 0.16721182734375 0.017195153124999862 0.02124639531249999
0 0.92874156953125 0.1662193203125 0.022520857812499885 0.023665284374999995
0 0.99669484296875 0.151759146875 0.006610314062499967 0.022097012500000002
0 0.9820010789062501 0.147394940625 0.016711576562500063 0.021739975
0 0.9647930921875 0.14595590781249998 0.016734884374999835 0.022084512500000007
0 0.94670688671875 0.1426204125 0.018222129687499942 0.02074752500000001
0 0.9287877539062499 0.13915347890625002 0.016356395312500105 0.021503157812500007