0 0.756052746875 0.17973570468750003 0.04338378125000002 0.05298801875000001
0 0.7845399992187501 0.220887053125 0.043514539062500024 0.0511525625
0 0.73397816953125 0.22494732656250002 0.046651839062500054 0.05429386562500001
0 0.7540890156250001 0.227209575 0.03553679062499997 0.054191559374999976
0 0.70138079609375 0.18403002265625 0.04634816093750001 0.05687959843749999
0 0.66163631796875 0.1871668578125 0.05290637343749997 0.05864508749999999
0 0.69232191953125 0.23037593906250003 0.047512117187499925 0.054299953125
0 0.65751200546875 0.2375389140625 0.043718129687499996 0.055224625000000006
0 0.68410442109375 0.28442048515625 0.03793896406250008 0.0504091265625
0 0.7251920734375 0.27721368203125 0.05075372812500003 0.0587096484375
0 0.7472786296875 0.27789316171875 0.03268428437499997 0.052697726562500026
0 0.7779147125 0.26729170390625 0.045008803124999996 0.04881739843749999
0 0.80406031484375 0.26385250937500004 0.034713301562500035 0.044092746875
0 0.79195410546875 0.31089791328125005 0.04630170156250006 0.05339293593750001
0 0.74640421484375 0.32228853749999997 0.039290679687499976 0.04978183125000002
0 0.72180512578125 0.3258063 0.04724847343749996 0.05591062812500001
0 0.74680234765625 0.36849658750000003 0.04909604218750001 0.055724853124999994
0 0.7732820164062499 0.36394727031249996 0.04127621718750003 0.05302518125
0 0.8044884796874999 0.35942645859375 0.04460524999999995 0.04859901718750002
0 0.8240418406250001 0.3523126484375 0.02597980624999998 0.040436753125000016
0 0.82428345390625 0.30614330859375 0.040839264062499936 0.053263526562499976
0 0.8323286296875001 0.39744846171875003 0.04167761562500001 0.049552045312500057
0 0.8028264859375 0.404759521875 0.043425231249999995 0.052846812499999986
0 0.7710503015624999 0.41066227421874996 0.04384938125 0.052882826562499964
0 0.7390178523437501 0.41674804765625 0.04703505468750002 0.05306446718750002
0 0.7800534828125001 0.4525777984375 0.04081249062499994 0.04631208124999997
0 0.81085218515625 0.44524659062499994 0.03859327656250002 0.043556025
0 0.8516795984375001 0.43655496484375006 0.04503947499999992 0.05117579218749997
0 0.8254674367187501 0.490168690625 0.04613978281249995 0.05209941249999996
0 0.78017639140625 0.4946244609375 0.04056731718750006 0.047824246874999955
0 0.80718241640625 0.5338378374999999 0.04456457656249997 0.052507225000000005
0 0.84444300703125 0.52787325703125 0.042342692187500044 0.05018385781249997
0 0.8637305156250001 0.56320235703125 0.035478275000000004 0.04391899218750002
0 0.84020356875 0.57237916484375 0.04417693749999998 0.0501584796875
0 0.804768821875 0.5785813453124999 0.043003809375000035 0.051471646875000054
0 0.8996915 0.5565946 0.04266650312499998 0.0492356375
0 0.9294317015625001 0.549045725 0.03939568437499989 0.04902752812500007
0 0.95906364140625 0.5445214593750001 0.037776154687499994 0.041452153125000016
0 0.9557746070312501 0.50698733984375 0.044950926562500014 0.05212809218750003
0 0.9047280093750001 0.5124618578125 0.04247182187499998 0.04812410937500004
0 0.8733125156250001 0.51981955078125 0.040477671874999996 0.05091311093749997
0 0.84668639140625 0.48134543125 0.036440517187499924 0.04743532187500001
0 0.86376062578125 0.47581583359375 0.02974537656250007 0.04132850781249999
0 0.89311521328125 0.4685838226562501 0.03915007343750006 0.04326542343749997
0 0.93206879140625 0.46056041015625004 0.03906407031250012 0.047662185937500025
0 0.90692644921875 0.42569908281249996 0.038575239062500086 0.04786074999999999
0 0.8791887976562499 0.4294368960937501 0.03690623281249987 0.047446142187499964
0 0.8614159226562499 0.39216673437500005 0.04218567656249998 0.05119237812499997
0 0.8908554898437501 0.38458629609375 0.0447516109375 0.05198001406250006
0 0.9317608578125001 0.3781569671875 0.045185068750000036 0.05257057187500003
0 0.8598397406250001 0.34775613281249995 0.04096372812500011 0.04806920312499998
0 0.86844997890625 0.29946826796875003 0.04213701718749992 0.05123238906249998
0 0.9026866679687501 0.2917928984375 0.04169353593750014 0.05145805937499999
0 0.8757760343750001 0.25041235156249997 0.043603150000000035 0.053058862500000005
0 0.83601871328125 0.2599850890625 0.04206990468750007 0.05094862187500002
0 0.809480075 0.22111407500000002 0.03862077499999996 0.04920811562499998
0 0.8388765414062501 0.21497485859375 0.03930301406249992 0.04868071093749997
0 0.7782180671875001 0.59040096171875 0.04441113437499995 0.05283625781250008
0 0.7436220265625 0.59857597890625 0.044763912500000023 0.05470763906250005
0 0.706950128125 0.6058586859374999 0.04799802812500005 0.051863243749999996
0 0.65907500546875 0.60850167265625 0.04283606718749997 0.051695942187499976
0 0.6306688156250001 0.6194924625 0.042944162499999994 0.050728621875000005
0 0.59743389765625 0.62849449765625 0.0474758546875 0.05557899531250001
0 0.5617847914062499 0.6378710296875 0.05008333593750001 0.054787196875
0 0.5226615265625 0.6444787898437501 0.047718837500000076 0.055531920312500024
0 0.48748827890625 0.65731055078125 0.0522226296875 0.057044760937500084
0 0.45020822734375 0.6687125328125 0.054398410937499975 0.05894961562500001
0 0.4078020789062499 0.6757348914062501 0.05177734843749997 0.05785720781250001
0 0.3666460265625 0.6838974375 0.05317935 0.05787584375000003
0 0.32623735859375 0.6923268375 0.05307797343749998 0.05687716250000001
0 0.28338477656250005 0.70070739609375 0.053799331249999985 0.05893326406249999
0 0.23897878125 0.7069916132812499 0.05842092187500003 0.060644192187499966
0 0.24367945234375 0.66614780390625 0.05611062343749999 0.06267794843750005
0 0.293592296875 0.64147530625 0.0448216875 0.051905265625000044
0 0.33309200859375 0.6405228015625 0.056931392187500006 0.05950703124999999
0 0.3735453125 0.6279630875000001 0.05137156250000001 0.05630005312500001
0 0.41655106796875 0.6263637859375 0.053055957812499964 0.05898966249999997
0 0.45653857578125 0.61765711640625 0.050641542187499944 0.056869495312500004
0 0.4757566101562499 0.58827051953125 0.040931445312499995 0.04612715781250003
0 0.5378089906250001 0.60339440859375 0.050690471874999955 0.05725218906250005
0 0.5670621921875 0.5877441390625 0.04585096249999996 0.05170244374999999
0 0.6101334328125001 0.5847560875 0.04606781250000003 0.05517498125000007
0 0.63515720859375 0.5746977359375001 0.03756430468750001 0.04367140312500002
0 0.68848817109375 0.57181938515625 0.047731632812499925 0.05548266406250004
0 0.68542734375 0.52065211171875 0.044049353125000044 0.05096777968749997
0 0.74430684140625 0.54848456171875 0.04480885781250006 0.048645198437499995
0 0.76792789609375 0.5397777515625 0.042997923437499974 0.04900705624999997
0 0.751351403125 0.502522975 0.03914170312499996 0.04906653437499999
0 0.72429259453125 0.51150875234375 0.04875099218750005 0.054707085937500025
0 0.7560174601562499 0.45678941484374996 0.035153460937500026 0.044009310937499976
0 0.73057476015625 0.4637697515625 0.04755942656249994 0.053986378125000026
0 0.69324718203125 0.47244729375 0.04422256406249998 0.05106416874999997
0 0.70091548359375 0.42646890390625 0.04188617031249997 0.054503764062499994
0 0.70077244453125 0.3785653328125 0.04490647031249999 0.050758337499999986
0 0.68649906875 0.32945079765625 0.05023295937499998 0.05738462968749998
0 0.65794143046875 0.2838336578125 0.050040276562499916 0.05871040000000001
0 0.62426466640625 0.23984922109375 0.04772871406250001 0.05722589843749999
0 0.5890682523437499 0.19682088749999999 0.04678837656249994 0.05623461249999999
0 0.58290861796875 0.2502904078125 0.04907181406249998 0.05748627499999999
0 0.5451797179687501 0.25589401015625 0.0502610265625 0.057498314062500014
0 0.5031616007812499 0.26205449296875 0.04853262656249999 0.05699589843749999
0 0.42933959687499995 0.22401552109375 0.049084818750000016 0.05827286093749999
0 0.46994655859374995 0.215268575 0.05461317343749998 0.060981562499999996
0 0.576006215625 0.30218106484375 0.04883777812499997 0.05768927343749999
0 0.619742640625 0.291522978125 0.04830861874999996 0.05784162500000001
0 0.65049800625 0.3377956234375 0.05112151875000004 0.05823352187499999
0 0.6031776851562499 0.34832133046875 0.04377260156250005 0.05435023906249996
0 0.6651837625000001 0.38559359609375 0.03191062499999999 0.04690661718749998
0 0.6420681523437499 0.38992145 0.050057329687499943 0.057522496875000016
0 0.67215060546875 0.43216751640624995 0.046906532812500054 0.054871310937499994
0 0.66263013359375 0.481068475 0.04645973281250004 0.05494192499999997
0 0.6505311046875001 0.52781918125 0.04381288437499995 0.05114977500000002
0 0.630328978125 0.48829113125 0.04986352499999995 0.05635870937499998
0 0.63221112734375 0.43901436875 0.04666517031249997 0.054892471874999946
0 0.62106476171875 0.53896775703125 0.04879445156249993 0.056375801562499994
0 0.57767390859375 0.54324957890625 0.05099208906250006 0.05810714218750004
0 0.5339108796875001 0.5484488296875 0.04506098749999996 0.053299753125000036
0 0.5947699484375001 0.49565698906249994 0.04971325312500001 0.056450325000000044
0 0.545410146875 0.5012156828125001 0.04902053437499996 0.05482340624999997
0 0.57516869609375 0.44682691171875 0.04294194843749999 0.047265848437499966
0 0.60012379921875 0.39746699531249996 0.0524268421875 0.05822781875000001
0 0.56960916328125 0.35276562265625 0.04801694218749999 0.05890651093749999
0 0.5377533828125 0.30778884375 0.05137997499999995 0.06085756562500002
0 0.46259283828125 0.27278575156249996 0.04918330156249997 0.057152112499999984
0 0.49883267656249997 0.3145242125 0.05035030625000001 0.05891226875000002
0 0.5249958390625 0.3622955609375 0.048815790624999966 0.05363891875000002
0 0.56283775546875 0.4028693757812499 0.04883488906249998 0.058910492187499976
0 0.5258556609375 0.4091985234375001 0.05304607812499995 0.060158734375000036
0 0.5459678312499999 0.45367486640625004 0.035558459374999976 0.043754560937499944
0 0.518192425 0.46110124374999995 0.04953948124999998 0.05774105937499998
0 0.4939096304687499 0.5538429140625001 0.04965477656250004 0.056018578124999954
0 0.45812843281249993 0.561943153125 0.04974197187499998 0.05421805625000005
0 0.46549988046874996 0.515428190625 0.04639006718749998 0.052266628124999936
0 0.49236579296875 0.5068767515625 0.03584193593750005 0.038917846874999995
0 0.478601075 0.4680438171875 0.04879337187499999 0.05756313437500005
0 0.48155870156249997 0.4186793890625 0.0485305125 0.056022803125000034
0 0.490213415625 0.3674477515625 0.04684479687500005 0.05690286875000004
0 0.45976683515625005 0.319274509375 0.04870860781250004 0.05841491875
0 0.4223793921875 0.27757157265625 0.04975090937500002 0.05875401718750002
0 0.38703713203124995 0.22803409765625 0.056336039062499975 0.06081583906250001
0 0.3534301640625 0.1859135921875 0.05162078750000001 0.05789465624999999
0 0.34492867031249996 0.23285652421875 0.05455354374999999 0.06058964843750001
0 0.380349196875 0.28307477421874994 0.052526906250000005 0.0580016734375
0 0.41640165078124997 0.32650062421875 0.05252782968750003 0.058101248437499996
0 0.452719290625 0.37129401484375 0.05456889374999996 0.06079759218749996
0 0.40932030234375 0.38030976171875003 0.05176792343750001 0.059925345312500024
0 0.441458903125 0.42562846015625 0.04599814374999998 0.05431557343750004
0 0.4368025953125 0.47512818984375 0.05027974687499999 0.05755596718750002
0 0.4268730648437501 0.5220125046875 0.04814577343749997 0.052101865624999986
0 0.42179015625 0.57324950703125 0.053502656250000016 0.058633598437499934
0 0.38167039609375 0.5843475773437501 0.05445103281249999 0.056723001562499945
0 0.33944198515624996 0.58674842734375 0.052177823437500014 0.05754246093750002
0 0.34784350703125 0.53785547890625 0.0450742515625 0.05261725781249993
0 0.38923171796875 0.53072704375 0.05155893906250002 0.05362926875000005
0 0.3983081296875 0.48411852343750006 0.05279507187499997 0.061643340625000057
0 0.35426478984375 0.48787234375 0.05494576093750001 0.061016518749999984
0 0.362344996875 0.4383230421875 0.05191593437499997 0.059336262499999924
0 0.40437118515625003 0.43145352890624994 0.05057280468750003 0.058234117187500004
0 0.370066321875 0.38527385625 0.05440449062499999 0.062134053125
0 0.32642059687499997 0.391721028125 0.05682547499999999 0.06281710624999999
0 0.33433875546875 0.33777747578125 0.05697536406250001 0.06069462968749999
0 0.374325171875 0.33261722968749996 0.051675681250000015 0.061103953124999985
0 0.33841410234375 0.29064038437499995 0.053164667187500035 0.060953734375
0 0.298886934375 0.2980175375 0.05127358437500003 0.05969115937499998
0 0.30275555625 0.24152158515625 0.05197378124999998 0.05821028906250003
0 0.25673508828124997 0.2611741484375 0.051436476562499986 0.05755189999999999
0 0.24768842656249998 0.30751221015625 0.06091962500000001 0.06364379843750001
0 0.29002378671875 0.34558263359375 0.054111873437500034 0.061558610937500015
0 0.28616900234375003 0.4021877421875 0.05086022343749996 0.05788867187500002
0 0.32093725234375 0.44432740468750004 0.05372471718749998 0.060557465624999994
0 0.31271702734374995 0.49460968046875 0.053333523437499995 0.05996099218749995
0 0.30432561640625 0.54672960546875 0.0529027390625 0.06036862656250008
0 0.297617034375 0.596320809375 0.05193774999999996 0.055173781249999984
0 0.26301857109375 0.5982051937499999 0.041602517187499986 0.04664000625
0 0.21150081250000002 0.6137084093749999 0.06135656249999999 0.06596750312500008
0 0.25927423515625003 0.5576776078125001 0.05504679531250001 0.060652340625
0 0.217935165625 0.56516695703125 0.05295040312500001 0.05766931093749994
0 0.2143291421875 0.513765871875 0.06341750312499998 0.06762841562500004
0 0.16790110078125 0.5250590117187499 0.0639297203125 0.06883632656249991
0 0.2788318328125 0.45162048671875 0.05224538125000002 0.05718933906250001
0 0.23671913046875 0.4164940578125 0.056145060937500005 0.06081133437499999
0 0.18530231796875002 0.43333438359375 0.0595377546875 0.06538261093750002
0 0.14983981640625 0.46505268906249997 0.0599787984375 0.06586450624999998
0 0.13973087265625 0.40175239609375 0.0591763984375 0.06339887656250003
0 0.190377665625 0.3750440390625 0.05619080312500002 0.06262586250000002
0 0.23975029140625 0.3613597734375 0.05691209531250001 0.06357206875000002
0 0.21464382421875 0.2864804515625 0.010524264062500021 0.013683837499999995
0 0.19682276875 0.2701564875 0.011620034374999987 0.014634971875000024
0 0.20129765234375002 0.31280525703125 0.0567101453125 0.0642507453125
0 0.17261092109375 0.26148260078124996 0.060523070312499996 0.06157294843750001
0 0.15585681406250002 0.31129547890625 0.05829970312500001 0.06584292968750001
0 0.12537567109375 0.34473201796874997 0.06404962031249999 0.06870347343750001
0 0.10787080312500001 0.28605301484375 0.0581932125 0.0639416609375