0 0.025440760937499994 0.4252773812499999 0.024885856249999998 0.03548766875
0 0.05697942890625 0.4159893726562499 0.0277820609375 0.03860550781249996
0 0.08672441484375 0.44900294453124995 0.026627929687499996 0.03739753593749997
0 0.10275845390625 0.4067236765625 0.02572657343749999 0.037039909375000055
0 0.1324450734375 0.41000606640625004 0.026816896874999996 0.03763620156250003
0 0.15179529609375 0.4415661632812499 0.021580970312500013 0.033887945312500015
0 0.15990178046875 0.45748211484374995 0.021539907812500016 0.0360303015625
0 0.17501800859375 0.4680005265625001 0.02575458906250001 0.03803615312500001
0 0.19086728984375 0.42552112500000006 0.030036301562500013 0.03879713125000004
0 0.235345809375 0.50328256640625 0.06816087187499997 0.09580967968749991
0 0.2799699328125 0.54185838125 0.07337065937500001 0.10147445624999998
0 0.3751382796875 0.559911615625 0.084035121875 0.10667810312500006
0 0.46120617812500003 0.5896517046875 0.08937020000000002 0.10838250937499998
0 0.56247616953125 0.62103829921875 0.08454497656249993 0.10680167656249999
0 0.65990754296875 0.6393847492187501 0.10167703281250003 0.11540328906249994
0 0.7507485328125 0.6765592796875 0.10248192187500002 0.11630059687500002
0 0.8536228843749999 0.65176534609375 0.104335925 0.11823117968750001
0 0.8124768124999999 0.5503212804687501 0.11352896250000004 0.13082849218749998
0 0.7181872203124999 0.5663871890625 0.09947726250000004 0.11789019687499999
0 0.62239053046875 0.5444706632812499 0.09661825468749993 0.11722744218749996
0 0.51814225625 0.530488225 0.0928323625 0.11350842499999994
0 0.4262117234375 0.49114268125000005 0.08577672500000003 0.11087522187500003
0 0.33157126796874997 0.47084030390625 0.0764817140625 0.10358168593749992
0 0.28061588046875 0.4318280796874999 0.06142507031250002 0.095776121875
0 0.23255565546875 0.41095315546875 0.05343832343749999 0.08996716093749998
0 0.27223659765625 0.32130964687499997 0.07456892656249998 0.10440195625
0 0.32075935546875 0.3663279734375 0.08232471718749998 0.11051514375
0 0.38941308046875 0.39461023203125 0.08552305156249998 0.11558826093749999
0 0.483093015625 0.42970057187500005 0.08680845625 0.11659369687500001
0 0.57642059296875 0.4496617203125 0.10079000156250002 0.12366037500000004
0 0.68364122890625 0.46282344765625005 0.1028759328125 0.12537533593749997
0 0.6458085515625 0.355527765625 0.10075395312499999 0.13134945937499998
0 0.55017426875 0.33207170234375 0.09336458749999998 0.12317504218749997
0 0.43983137031249997 0.32896613828125 0.09071728125000003 0.12226282968749999
0 0.35175388984375 0.2953258640625 0.0810913421875 0.11537090624999999
0 0.41859542734375 0.22282894765625 0.09524116093749999 0.1284078296875
0 0.55029602578125 0.21792242499999998 0.10136731406250003 0.128626815625