0 0.23067606796874998 0.32424467109375 0.03134027031250004 0.044072742187500014
0 0.269125396875 0.31800936015625003 0.03116338125000002 0.04152913593749998
0 0.29773768437500003 0.32088286796875 0.030704696874999993 0.04200228906249999
0 0.32931127812499994 0.3260929640625 0.03205736875 0.04241514687499999
0 0.3600267515625 0.33297729921874997 0.03174039375 0.042169635937499984
0 0.39046792109375 0.3353287921875 0.028722885937500033 0.042814256250000016
0 0.4219984890625 0.33919352109375 0.03145575625000001 0.0449836484375
0 0.40786491171875 0.30033320546875003 0.029905526562500027 0.043981082812499975
0 0.4532748609375 0.34370954609375 0.03150939375000004 0.04566420468750003
0 0.4387591929687501 0.305067346875 0.03218635781249999 0.04508108750000002
0 0.48434994140625004 0.3464152203125 0.03038327343749998 0.042433415625000005
0 0.46967543593749994 0.3054054234375 0.03138517500000004 0.04265055312500001
0 0.50177074765625 0.3112931015625 0.03449135156249996 0.045327099999999995
0 0.5156631 0.34948154140625 0.030389118749999965 0.04185466093749999
0 0.5465805875 0.35199272109375 0.03282669687500004 0.0452929390625
0 0.57833759140625 0.3526240953125 0.03231682343750002 0.04464614062500001
0 0.5334498 0.312404525 0.030419290624999994 0.040683743750000015
0 0.56538497890625 0.31433894921875 0.032965389062499996 0.0435768484375
0 0.5963310234375 0.3133303609375 0.03406964062500002 0.045783453125000005
0 0.62981599375 0.31633416796875 0.03159006250000003 0.043432223437500014
0 0.6672459859375001 0.32496145078125 0.0330247 0.046774548437499994
0 0.6109899140625 0.35301293203124995 0.03302178437500007 0.0445124828125
0 0.64369284296875 0.35547959375 0.033559401562500035 0.04458036875000002
0 0.6807656796874999 0.3634391515625 0.03287271562499994 0.042834649999999995
0 0.715010840625 0.36745281171875 0.034635746875 0.046739401562500005
0 0.70008471875 0.32841899999999996 0.03293320624999998 0.04349786562499998
0 0.7315933609374999 0.33015543046875 0.02976938437499994 0.04551734218750001
0 0.747514209375 0.36866823515625 0.03548402187499997 0.047736635937500035
0 0.7804009398437499 0.36801250390625 0.03280131718749999 0.04639280156249996
0 0.76593020390625 0.32901364296875 0.034364570312500044 0.0447011640625
0 0.7998805015625 0.33052206484375 0.037659796874999964 0.047494098437500035
0 0.8135331164062499 0.36837086484375 0.03566112031250004 0.04671232968750001
0 0.8399299156250001 0.34137738984375 0.03437557812499996 0.04594319218749998
0 0.8547060343750001 0.3800381625 0.037298415625000025 0.047736053124999955
0 0.8290041078125 0.40708511328124997 0.035421809374999925 0.04452468593750001
0 0.8520729593749999 0.43609854062500003 0.03466039374999994 0.04411073749999996
0 0.8523349023437501 0.50905584453125 0.03458574843749993 0.045147214062499955
0 0.8511858960937501 0.5830262648437501 0.03354666718750003 0.04316703593750004
0 0.81819978359375 0.5798037515625 0.037135207812499973 0.04620949687500007
0 0.8346289367187498 0.5442216921874999 0.03555971718749991 0.04587410937500005
0 0.8185484929687499 0.5095650429687499 0.032876179687499986 0.043158101562499954
0 0.8349210664062501 0.473134625 0.034543276562500044 0.04467547187499994
0 0.8106476390624999 0.44446050625 0.03517184687499997 0.04697787499999997
0 0.79351858984375 0.48274689296875 0.03331443906249998 0.043013729687499946
0 0.7759741484375 0.51907498984375 0.033365493749999954 0.04521737343750001
0 0.8013533718750001 0.5459180640625 0.03398599999999998 0.04189358749999998
0 0.7829175398437499 0.5799879234375 0.03535571406249991 0.04472249374999997
0 0.75856999296875 0.5530513421875 0.03218519531249999 0.04256242812500002
0 0.7326755039062499 0.57780650546875 0.033631410937500036 0.041785667187499966
0 0.6993991562499999 0.57498428515625 0.03294712500000001 0.0435614421875
0 0.7168289789062501 0.5414382 0.030598307812500013 0.040242487500000035
0 0.74189242109375 0.5158243499999999 0.034640589062500025 0.04588404687500001
0 0.75997530546875 0.48156395312499994 0.032902360937500055 0.04549889687500004
0 0.7767691046875 0.44493971015625 0.03366760000000006 0.04514366718749994
0 0.79475686328125 0.40600091171874997 0.035403014062499946 0.04548800156250001
0 0.76175611953125 0.40776631171875 0.032177520312500006 0.04440459843750002
0 0.728410171875 0.40633552734375 0.03282981875000006 0.04351379843749999
0 0.7446653859375 0.444660540625 0.033029762500000004 0.04347716249999998
0 0.7119373078125 0.44181718046874996 0.03447519687499998 0.04393747031249999
0 0.72803847578125 0.480338221875 0.033281876562500035 0.045362818750000054
0 0.70226239375 0.50512748359375 0.03305740937500001 0.040245204687500015
0 0.6854275624999999 0.5399578999999999 0.03537772812500002 0.044856409374999996
0 0.6687908515625 0.5733935265625 0.03064908749999997 0.04020893437499993
0 0.6358578703125 0.5707282625 0.031226253125000002 0.041473662500000064
0 0.6526675242187501 0.5376217398437501 0.030371579687500018 0.040474985937499944
0 0.6692592187499999 0.50466721640625 0.03228130624999999 0.042900067187499946
0 0.687295284375 0.46769235390624997 0.03369686874999998 0.043422242187499994
0 0.69699538671875 0.404003871875 0.03159344218750002 0.04365153750000004
0 0.67225248359375 0.43163536640625005 0.03303882968749994 0.04659787656250005
0 0.6542050703125 0.46714707734375 0.03291155312500003 0.0418731796875
0 0.65812318671875 0.39294618203125 0.03227848281250001 0.04288013906249999
0 0.64006531015625 0.42949654609375 0.03451534531250004 0.04410712031250004
0 0.6220906421875 0.464573575 0.029965128125000007 0.04191631250000007
0 0.63684283046875 0.5010165531249999 0.028815248437499986 0.040681165625000036
0 0.60650922890625 0.499867415625 0.03281964843750007 0.04264240625000006
0 0.621996946875 0.5365090609375 0.030526593750000063 0.04168304374999998
0 0.60520130625 0.5696541765625 0.03080945625 0.04200020000000002
0 0.5909041273437501 0.5348419382812499 0.029921795312500075 0.041591620312499966
0 0.5741970328124999 0.5659981929687501 0.032255234375 0.04141984531250005
0 0.54332425625 0.564182590625 0.03130699687499998 0.04167912500000002
0 0.55896443046875 0.53091548359375 0.034097801562499974 0.04259130781249994
0 0.5753224234375 0.498029359375 0.03255786562500003 0.04350030624999999
0 0.59004605390625 0.4636804124999999 0.03110131093749997 0.043149243750000024
0 0.6073774328124999 0.42783492109375 0.03395417187499996 0.04385284531250004
0 0.62513206015625 0.39155773593750004 0.03225883593750005 0.042182037500000026
0 0.5934378070312499 0.39060608203125 0.03040523281250005 0.04273673281250003
0 0.5765848375 0.4279234890625 0.03268185312499998 0.0434287125
0 0.5608748382812501 0.4604155171875 0.028389898437499995 0.04059943750000006
0 0.5438491734374999 0.49649734062500006 0.029598593749999937 0.04287763437500001
0 0.5286406703125001 0.5277945015625 0.03204764687499999 0.03965800937499999
0 0.51212249375 0.56181438203125 0.03401455312500001 0.0428161421875
0 0.49846075546875 0.52665686953125 0.03128073906250002 0.041559998437500044
0 0.4820883039062499 0.5578158343749999 0.031514514062499985 0.041610824999999976
0 0.5140040484374999 0.49293855703125 0.029873893750000047 0.043752382812500025
0 0.5303002257812499 0.45816413046874993 0.029946507812500033 0.03889488593749997
0 0.54475369140625 0.42555794999999996 0.03056397031250002 0.04455377187500007
0 0.5622894281249999 0.38971654296875 0.031352312499999965 0.04333253906250003
0 0.53044171171875 0.38722998671875 0.03382879531249996 0.04331103281249997
0 0.4995902484375 0.38443785078125003 0.03209891874999995 0.045450904687500016
0 0.48324205937500003 0.41871193125 0.03001500625000002 0.041947459374999996
0 0.514549103125 0.42222937421874995 0.03143535937499999 0.044882885937499985
0 0.4682259453125 0.45334845703125 0.03333121875000007 0.044705048437499964
0 0.49922251484375 0.45727923203125 0.030878804687499973 0.04345572343750002
0 0.48339483828124996 0.49111311796874996 0.03142956718750005 0.04420146406249996
0 0.45290491796874993 0.48678736562499997 0.029815514062500003 0.04320239687499994
0 0.46666911093749996 0.5222358390624999 0.029064871875 0.03876965937500003
0 0.43601344921875 0.5181536015624999 0.029377048437499997 0.03945440312500006
0 0.4513050625 0.5560443656249999 0.029733512500000003 0.04034760625000002
0 0.41996856875000005 0.55201250234375 0.027449318750000007 0.042160926562499944
0 0.3899415515625 0.54772596015625 0.031042050000000064 0.04243793281250001
0 0.36139989687499996 0.54361058515625 0.031877784374999996 0.04166025156249997
0 0.37670706953125005 0.51239904140625 0.029067842187500005 0.041719348437499984
0 0.40685842656250004 0.5163237703125001 0.03123040625 0.04328752812499994
0 0.39179181484375 0.4796571796875 0.02838148281250006 0.04038977812500004
0 0.42190188125 0.482809715625 0.029172190625000028 0.041661837500000055
0 0.437482803125 0.44931161875000003 0.03064403437499994 0.04111211875
0 0.40631402890625 0.44523408046875 0.028730557812500022 0.03861889218750001
0 0.42187221484375004 0.4121585046874999 0.0303698265625 0.041193899999999985
0 0.45256054062499995 0.4156934124999999 0.02857353750000007 0.04001047499999997
0 0.4674444140625 0.3804601578125 0.03143207187500004 0.04367314062499998
0 0.4365317328125 0.37768953437499997 0.029414290625000027 0.039712659374999994
0 0.3756430625 0.37103707890625 0.031376575 0.04163638281250002
0 0.40701572890625004 0.374633790625 0.030173082812499974 0.042725178124999985
0 0.346047628125 0.36675399531249997 0.030051403125000008 0.04263506562499999
0 0.314067240625 0.36145960546875 0.02825339687499997 0.04014641406250004
0 0.28440222109375 0.35669216875 0.0313985078125 0.043800665625000026
0 0.2542944921875 0.3527006203125 0.029363993749999963 0.03973963124999998
0 0.24083840078125 0.38595142890625 0.031122254687499983 0.0416537859375
0 0.27038926484375 0.39149761328125 0.029157976562499986 0.039959960937500004
0 0.299313034375 0.39592518203125 0.029729121874999986 0.042857907812500026
0 0.3300997296875 0.40122840546875 0.027666434374999983 0.041703173437500005
0 0.36182597265625 0.40623134062500005 0.029919042187500012 0.03959040625000001
0 0.391783290625 0.4089196734375 0.02951251250000002 0.04270525000000003
0 0.37694931171875 0.44287322187499994 0.031069385937500017 0.04338688750000008
0 0.34706470781250004 0.4406791015625 0.03136120625000003 0.04470744374999995
0 0.36327220078125 0.47662733359375 0.029408445312499996 0.03955478593750002
0 0.33205505625 0.4725939828125 0.03023129375 0.04241240937500006
0 0.34623311171875 0.5084657984375 0.030565360937499973 0.04297525625
0 0.3289427625 0.5402430375 0.031006328124999972 0.04160362812500003
0 0.29945260078125 0.5363349828125 0.028786020312499973 0.040817759375000054
0 0.31560738828125 0.50394289375 0.02933007656250002 0.04264340937500002
0 0.26864527421875 0.5312209585937501 0.02966483281250003 0.0409185671875
0 0.28690266015625 0.49880159453125 0.030416682812500005 0.04096721093750002
0 0.30112091796874996 0.4667605640625 0.029709432812500002 0.04208440312499997
0 0.31604526953125 0.43590572187499993 0.02765838593750001 0.04143529374999995
0 0.28817546328125 0.43091351015625 0.028796151562500018 0.04065943281250002
0 0.22622038046875 0.42100523671875 0.02922009218750001 0.041774904687500045
0 0.25698890078125 0.42544482187499993 0.030235645312499983 0.04094408437500006
0 0.2723287734375 0.4621016359375 0.031042050000000022 0.04243793437499992
0 0.24193579609375 0.4578166515625 0.029326623437500032 0.041578484375
0 0.25656011015624997 0.4944505515625 0.031683167187500014 0.04320586562499997
0 0.22596321640625 0.48853751015625 0.027210170312500014 0.03910226718750005
0 0.2397967 0.5240396953124999 0.030580559374999972 0.03987370312500005