0 0.8673406859374999 0.8161764703125 0.19301470625000006 0.22467320312500005
0 0.766084559375 0.90441176484375 0.15349264687499992 0.1903594765625
0 0.67570465703125 0.9503676468750001 0.12591911718749998 0.09844771249999998
0 0.5703125 0.8705065359375 0.10447304062500003 0.14787581562499996
0 0.64185048984375 0.78492647109375 0.12009803906250002 0.16380718906250005
0 0.4624693625000001 0.807393790625 0.09099264687500001 0.13357843125000005
0 0.5329350492187499 0.7091503265625001 0.10018382343749996 0.14950980312499995
0 0.38158701015625 0.7093545757812499 0.07628676406250001 0.12867647031250007
0 0.44270833359374995 0.6192810453125001 0.09007352968749997 0.14133986875
0 0.34283088203125 0.6744281046875 0.04044117656249999 0.10130719062499996
0 0.3040747546875 0.5839460789062499 0.060968137500000005 0.10334967343750004
0 0.34206495156249994 0.5410539218749999 0.06954656875000001 0.11723856249999995
0 0.44041053906250005 0.46017156875000004 0.10692401875000002 0.17687908437499997
0 0.57720588203125 0.54187091484375 0.1268382359375 0.17442810468749997
0 0.8138786765624999 0.5381944445312501 0.12959558749999997 0.15808823593750007
0 0.723039215625 0.436274509375 0.15073529375000003 0.19607843125
0 0.5635723039062499 0.34742647109375 0.12775735156249998 0.20220588281250002
0 0.7441789218749999 0.20874183046874997 0.16299019687500005 0.22875817031249998
0 0.55867034296875 0.12009803906249998 0.1418504890625 0.23284313750000002
0 0.43872548984375 0.23161764687500003 0.1170343140625 0.20751634062499996
0 0.33700980390625 0.33231209140624995 0.09742647031249999 0.1809640515625
0 0.28477328437500005 0.14195261484375002 0.10447304062499999 0.2111928109375
0 0.21047794140625 0.25776143828125 0.08762254843750002 0.17483660156249997
0 0.29197303984375 0.42197712421875 0.06740196093750002 0.1241830078125
0 0.2732843140625 0.4705882351562501 0.058210784375000026 0.11192810468749999
0 0.22993259843749997 0.47630718984375003 0.05545343125 0.10212418281250005
0 0.16789215703125 0.46180555546874996 0.051470589062500016 0.10334967343750004
0 0.1377144609375 0.42422385625 0.03645833437499999 0.087009803125
0 0.19378063750000002 0.375408496875 0.055453431249999977 0.10130719062499996
0 0.19485294140625 0.35477941171875005 0.03921568593749998 0.07475490156249998
0 0.16253063750000002 0.298815359375 0.03400735312500001 0.0625
0 0.09635416640625 0.2634803921875 0.0346200984375 0.05882352812499998
0 0.13618259765625002 0.2416258171875 0.03339460781249999 0.04452614375000001
0 0.080882353125 0.18892973828124998 0.049632353124999994 0.0935457515625
0 0.03783701015625 0.290236928125 0.04748774531250001 0.11070261562499999
0 0.019914215625000002 0.38051470546875 0.0392156875 0.10171568593750005
0 0.1689644609375 0.08394607890625 0.034620096875000006 0.05759803906250001
0 0.17601102890625 0.03513071875 0.0389093140625 0.0702614375
0 0.22089460781249998 0.04861111093749999 0.047181371874999975 0.09150326875
0 0.08915441171875 0.11785130703124999 0.029411764062500012 0.037990195312499996
0 0.1400122546875 0.09048202578125 0.022671568750000003 0.03227124218749999