0 0.24765625 0.26180555555555557 0.0875 0.13055555555555556
0 0.090625 0.5548611111111111 0.096875 0.12638888888888888
0 0.110546875 0.10486111111111111 0.07109375 0.1111111111111111
0 0.15703125 0.36527777777777776 0.1 0.1361111111111111
0 0.28125 0.4708333333333333 0.084375 0.12222222222222222
0 0.34296875 0.2534722222222222 0.0859375 0.1388888888888889
0 0.195703125 0.5236111111111111 0.08828125 0.11666666666666667
0 0.433984375 0.21597222222222223 0.0796875 0.13472222222222222
0 0.530859375 0.20902777777777778 0.07578125 0.13194444444444445
0 0.36953125 0.4222222222222222 0.0765625 0.11944444444444445
0 0.446484375 0.3798611111111111 0.07421875 0.11805555555555555
0 0.535546875 0.3527777777777778 0.06953125 0.11666666666666667
0 0.22109375 0.6347222222222222 0.08046875 0.10277777777777777
0 0.529296875 0.525 0.05546875 0.08611111111111111
0 0.465625 0.5166666666666667 0.06875 0.1
0 0.39140625 0.5611111111111111 0.0703125 0.10694444444444444
0 0.33125 0.7069444444444445 0.06875 0.09166666666666666
0 0.403515625 0.6486111111111111 0.065625 0.09444444444444444
0 0.16796875 0.7881944444444444 0.078125 0.10138888888888889
0 0.2546875 0.75625 0.0703125 0.09722222222222222