0 0.9703294328125001 0.18322684140624998 0.007701593750000057 0.009137710937499998
0 0.97641492421875 0.24947237890625 0.007480364062499944 0.0217333703125
0 0.90642270234375 0.19261188125 0.0046979453125000955 0.004836437500000001
0 0.88976054140625 0.19263112734374999 0.00656244218750004 0.005777842187499993
0 0.13757311640625 0.68784308515625 0.0591011140625 0.07332674843749994
0 0.14930469765625 0.6161504195312499 0.05629757656250001 0.07433446718749996
0 0.17826538046875 0.5784695484375 0.049011492187499985 0.06425833125000002
0 0.17041525703125 0.51733267734375 0.05673458906249999 0.0733526109375
0 0.28103983515625003 0.68098213671875 0.05693359218750001 0.07401280156249994
0 0.30067032734375 0.61350740859375 0.054012232812499984 0.07315063281250005
0 0.285584025 0.54697564765625 0.05080553124999998 0.07406798281249997
0 0.27514425546875004 0.47719781171875 0.058127364062500006 0.08208889218750004
0 0.25748673125000004 0.41070530859374993 0.04702325312500002 0.06305755468749999
0 0.3231076453125 0.6540458859375 0.04729266250000004 0.07112272187499995
0 0.35683410703125 0.63506628984375 0.04016326718750003 0.06217200156249998
0 0.30328426718749996 0.56918423984375 0.009717837499999993 0.019318901562500025
0 0.34909519453125004 0.56735939375 0.04234258281250001 0.05938284999999999
0 0.36344958046875 0.5428695484375 0.009296382812499981 0.011280890625000062
0 0.3199206671875 0.5202033703125 0.043708046875 0.06341560937500006
0 0.32929370390625 0.4328847546875 0.04901308281249998 0.07295189999999999
0 0.3043830125 0.36522191328125003 0.053247990624999984 0.07598508906250001
0 0.3633476578125 0.46495566171874997 0.045580899999999994 0.0668816546875
0 0.37259134375 0.5106444734375 0.04018767187499996 0.057529268750000015
0 0.38561743593750003 0.5368543070312499 0.026939609374999972 0.023950617187500002
0 0.38534094140624997 0.45701834296875 0.018916351562500024 0.04095601093750005
0 0.4251038734375 0.58489369296875 0.03848331250000001 0.05864431093749998
0 0.42789959375 0.5061864328125 0.03374791875000005 0.05804179062500001
0 0.4382616953125 0.44745352265625 0.03433454375 0.060456654687499965
0 0.41662369453125 0.41207022421875 0.03865620156249996 0.06797954218749998
0 0.39282874296875 0.3737757890625 0.029994435937500043 0.018428468750000038
0 0.35296643125 0.350930146875 0.04104124374999998 0.06115880000000003
0 0.37059856484375003 0.3440579359375 0.016191910937500033 0.03506190624999998
0 0.38132219921875 0.2967916421875 0.03874577656250002 0.06555697499999998
0 0.4030614203124999 0.2780338953125 0.032923556250000006 0.060640353125000025
0 0.4454020671875 0.32057914531250004 0.036635571875000036 0.059296818749999994
0 0.42238193984375005 0.3741743796875 0.033864360937500046 0.048167109374999975
0 0.47974858359375006 0.3691367296875 0.032143014062499996 0.054126828125000026
0 0.45881792031249996 0.42723680546875 0.029245371875000002 0.05698592968750003
0 0.47249965859375004 0.4517081718749999 0.019688804687500026 0.018597078125
0 0.47878820546875006 0.48761378281249995 0.031087182812499937 0.05711667500000006
0 0.45139670078125 0.520568521875 0.02817244531249994 0.05046577812499997
0 0.46189326328125 0.5718182789062499 0.0324197984375 0.05495300156249998
0 0.4966741914062499 0.5638818820312499 0.02685605156250004 0.048061742187500034
0 0.5170826390625 0.51782016484375 0.035135640624999985 0.055085470312500016
0 0.51644645703125 0.54902709296875 0.01631037343749995 0.016807923437499993
0 0.54753852578125 0.5062410203125001 0.03188144843749994 0.05234241562499999
0 0.5654521367187499 0.53104089296875 0.022186251562500026 0.04443724843750001
0 0.51190308046875 0.46178972734374996 0.027838939062499967 0.036750667187499975
0 0.5441827046875 0.42540071015625003 0.032311615625000026 0.05812207031250005
0 0.52021321171875 0.39341505234375 0.021468542187500005 0.017853735937499993
0 0.5141296773437499 0.322861496875 0.026853723437500053 0.053316775000000004
0 0.5351612140625 0.39337605703125 0.013414784375000011 0.013559207812500019
0 0.543846334375 0.36452643671875 0.028669346874999935 0.050654820312499994
0 0.5346633695312499 0.472402359375 0.018235617187499997 0.018947081249999977
0 0.52129885078125 0.47397286874999994 0.0073946921874999735 0.013962384375000081
0 0.64331235234375 0.52763680546875 0.026272635937499976 0.049144532812500065
0 0.6214384867187499 0.49283605703125 0.01796469218750003 0.02041496093749995
0 0.5873217734375 0.49296238984374996 0.01635551875000001 0.012578654687500013
0 0.5892118539062501 0.46603785000000003 0.023054054687499992 0.04094011250000005
0 0.55541955546875 0.44896441015625 0.028237445312500054 0.04924632031250002
0 0.56270829765625 0.42730176875000003 0.007678673437500017 0.020321018749999985
0 0.5734333734374999 0.43101341015625005 0.018296281250000046 0.04203778593749998
0 0.5790675000000001 0.36207466015625 0.023074574999999965 0.047779926562499984
0 0.5649225515625 0.3199775390625 0.023099559375000033 0.047198956249999965
0 0.56607687890625 0.271832503125 0.024060210937499972 0.049803296875
0 0.5808098671874999 0.27854876015625 0.018063187500000043 0.04530063593750002
0 0.55393201796875 0.23509376015625003 0.021085117187500037 0.027479170312500002
0 0.5205551312500001 0.23454458984375 0.02531284062500001 0.04118891718749999
0 0.619090678125 0.31453487265625 0.02018965937499999 0.04740027656249999
0 0.6147321953125 0.35532846484374997 0.021140028125000043 0.03678309843750003
0 0.66562964609375 0.3954845546875 0.02264776406249993 0.048551487500000025
0 0.6040777273437501 0.429485109375 0.021256351562500074 0.035715790625000035
0 0.62576946953125 0.37094836796874997 0.010571032812499936 0.008909295312499977
0 0.6429392296875 0.3654902375 0.016468271874999996 0.013225634374999995
0 0.6399924132812499 0.42569018593749997 0.017105289062499994 0.02183088125000001
0 0.6260572453125001 0.46499677265625 0.02156360625000007 0.04069234531249997
0 0.65516048515625 0.4931495453125 0.021391910937500036 0.03999825000000001
0 0.6805957015625 0.45934244921875 0.01863046562499999 0.042042776562499995
0 0.7123627171875 0.48550602343749993 0.017675678124999993 0.04064931249999999
0 0.70794638984375 0.45086537031249996 0.018300510937499938 0.04009310937499997
0 0.67831860703125 0.41155325312499996 0.017684364062500003 0.037974768749999964
0 0.6886922156249999 0.40910025 0.007640468750000018 0.031984471874999976
0 0.75088481484375 0.46640552890625 0.01428257031250002 0.03389784218750007
0 0.7410616578125 0.431591228125 0.015198115624999975 0.03666418125000002
0 0.70585576171875 0.4078331171875 0.01503185468749999 0.02635605937500003
0 0.71616869765625 0.37685068984375 0.018857029687500047 0.04210002343750001
0 0.7183299523437501 0.36485363203125 0.012042035937500018 0.023949626562500013
0 0.685673346875 0.33971229921874996 0.023423828125000056 0.041878192187499996
0 0.67174896484375 0.30449427890625 0.023876235937500035 0.046840139062499994
0 0.6830586585937499 0.29841795156249995 0.01057587031249998 0.03718716562500002
0 0.66516445546875 0.25983827421875 0.020073670312500003 0.04403022968750001
0 0.7036758867187499 0.3367051046875 0.017729442187499965 0.03397517812499999
0 0.728124884375 0.364353509375 0.013804865624999963 0.02988829374999997
0 0.7689910960937499 0.4459309359375 0.010364123437499994 0.022114715624999982
0 0.7672491570312501 0.45791759921874997 0.014140095312500022 0.03381022343749995
0 0.75127792109375 0.42678157187500004 0.00872905468750007 0.021193499999999955
0 0.76193783203125 0.398128675 0.018562029687500026 0.03872535312499999
0 0.75811927421875 0.332729584375 0.014380492187499972 0.03916417187499999
0 0.74031955078125 0.29964662343750004 0.015503120312499962 0.04277715937499997
0 0.7594506531249999 0.26205545078125 0.020405165625000075 0.04180062968749998
0 0.7794054015625 0.2637014734375 0.014579603125000062 0.03695002187499998
0 0.7783833273437499 0.30143976328125 0.013664273437500008 0.038689539062499986
0 0.8216085554687499 0.45018139531249995 0.011381179687499987 0.03289426249999998
0 0.82833068515625 0.4445022265625 0.009213792187500047 0.03029143750000003
0 0.822337071875 0.42188853359375 0.013509825000000041 0.0210998703125
0 0.8111937335937501 0.40390647890625003 0.014748432812500134 0.03771311406250004
0 0.7990574625 0.42910446640625005 0.014111399999999996 0.0216354671875
0 0.84897203515625 0.41466737421875 0.013101798437499923 0.03516318906250002
0 0.83239749296875 0.39465507265625 0.014066676562499936 0.03519587343750001
0 0.8224729664062499 0.36916427421875 0.015463107812499998 0.03843342343749998
0 0.81295546171875 0.33418663359374995 0.013065929687499889 0.038355001562500005
0 0.8244560921874999 0.34172435156250003 0.007492546875000094 0.005028653125000027
0 0.83621144921875 0.3212130828125 0.012499642187500016 0.037348784375
0 0.81299528046875 0.29494401796875 0.015924498437500035 0.03834999843749998
0 0.8196932515625001 0.2582978359375 0.015429546875 0.038115724999999975
0 0.8179130148437501 0.21928518593749996 0.01134879843750003 0.03801298750000002
0 0.8380086078125 0.26161534687500004 0.012581121875 0.03656240624999998
0 0.84874445546875 0.29557109921875 0.0064481140625000325 0.024409504687499962
0 0.84469768046875 0.2952593171875 0.008899014062500044 0.033291828125
0 0.84067968515625 0.29423968515625 0.006054764062499984 0.029819317187499993
0 0.8322032296875002 0.2915220140625 0.013673262499999872 0.025529537499999977
0 0.872625853125 0.35170358125 0.011435778124999985 0.033719759375000005
0 0.8739835984375001 0.33605657265625 0.008834343750000074 0.01414512968749997
0 0.8743311867187501 0.38028615 0.013652157812500043 0.032008474999999995
0 0.89099071875 0.43164657578125 0.010579137499999901 0.029271429687500027
0 0.8957888203125 0.400168225 0.01165280624999987 0.03189967187500002
0 0.8984497874999999 0.37365792109375 0.00830966875000012 0.029883460937500005
0 0.92040575703125 0.41339018515625003 0.011712017187500123 0.03025167343749997
0 0.9020016007812501 0.42877130234375 0.007981923437499993 0.004177770312499973
0 0.8699299585937499 0.317304215625 0.011574792187500016 0.024229456250000014
0 0.94698615546875 0.40176376328124996 0.010018151562499966 0.028260498437499983
0 0.9396888296875 0.386031428125 0.0013287593750000326 0.0045415375000000145
0 0.9260131445312499 0.37654524140624995 0.008408570312499997 0.02137928281249999
0 0.9256499953124999 0.35394989140625005 0.00801836250000001 0.029263857812500006
0 0.9196579750000001 0.3274099203125 0.011216743750000013 0.024071918749999987
0 0.8731590593749999 0.26843137265625 0.01300185625000001 0.03368999218750002
0 0.8752800875 0.23445046406249997 0.010205524999999938 0.03495283749999998
0 0.85412150078125 0.20875483671875 0.011092726562500132 0.024170604687500007
0 0.88782630390625 0.244753334375 0.0063371921874999515 0.005294128124999986
0 0.91345230625 0.23271355546875 0.010402625000000044 0.020412695312499986
0 0.88835634765625 0.2899130421875 0.011399273437499958 0.027769768750000035
0 0.90301974140625 0.2939785625 0.011375973437499987 0.03214066562500002
0 0.9118980398437501 0.29881212109375 0.008430092187500016 0.010938454687499988
0 0.92194461796875 0.2862380375 0.00872164531249986 0.016834009374999993
0 0.9243653328124999 0.26006036328125 0.007903221874999922 0.032375079687499975
0 0.9357071703125002 0.26427767890625004 0.010191381249999942 0.030346557812499998
0 0.941591146875 0.29811175468749995 0.005871099999999884 0.014619974999999962
0 0.9479425296875 0.2987779484375 0.004688690625000014 0.014758759374999996
0 0.9443828648437499 0.2741039015625 0.009949685937499985 0.027469290624999986
0 0.9586390453125 0.2725235328125 0.009625190625000002 0.02952817187500001
0 0.965565021875 0.27667307421875 0.008030984374999939 0.027029473437500017
0 0.9592859984375 0.32109745937499995 0.009113628125000162 0.030153493750000003
0 0.965966771875 0.24932041484375 0.008517843749999976 0.02511560156249999
0 0.9487371523437499 0.23133521640625002 0.009949820312500001 0.027402567187500004
0 0.9385970820312501 0.20359719140625004 0.009807057812499843 0.025267092187500007
0 0.9600187617187499 0.374284459375 0.010765317187500045 0.02731751562500002
0 0.98892339140625 0.39522638515624997 0.0074665515625000015 0.022749145312499986
0 0.9865002773437499 0.37273524375 0.007832835937499994 0.02641399375000004
0 0.98626992734375 0.34405186796875 0.006394310937499981 0.02154812343749999
0 0.9753969671875 0.3282418171875 0.00690957499999989 0.024611140625000028
0 0.982776965625 0.32070531015625 0.0062718156249999876 0.02530836718749998