0 0.4968204140625 0.183423071875 0.11867441874999995 0.1322141625
0 0.5925525140625 0.201546775 0.09909511562500004 0.124397034375
0 0.6832933984375 0.2055345 0.1041315375 0.12387399375000001
0 0.7836968437499999 0.1840845625 0.08917910937500002 0.1144487375
0 0.7944398921875 0.29332350234375 0.09083080937499996 0.10655852031250004
0 0.827002865625 0.36892372109375 0.09314483437499996 0.10858142968749998
0 0.832395653125 0.4628886843749999 0.07529144062499996 0.09586082500000001
0 0.8571032328125 0.539781565625 0.07528346250000002 0.09135319062500002
0 0.86747740703125 0.614087125 0.0685213078124999 0.08847293124999993
0 0.8829037890624999 0.67605413359375 0.0771991250000001 0.08691505781249997
0 0.8163908367187499 0.7124622023437499 0.06923534843749994 0.08035767031250005
0 0.7495106703125 0.7157360531249999 0.07565162812499997 0.08482714687500001
0 0.67549196640625 0.72560072109375 0.07762195781249996 0.08989918906250001
0 0.59566623671875 0.73770403671875 0.08592744531249999 0.09429137343750008
0 0.5178486312499999 0.7462228296875 0.090489771875 0.09565845312499999
0 0.43332866718749996 0.7567013265625 0.089466034375 0.09127821562500005
0 0.34455549921874995 0.7727378375 0.09681260156250002 0.09284300312500005
0 0.24988291093749998 0.782842378125 0.10724500312499999 0.10152617812500005
0 0.15071303828125 0.7876448265625 0.11344689843750003 0.10175685625000011
0 0.1895578484375 0.69623134453125 0.10706909375000002 0.1068579921875
0 0.2904077140625 0.69308240703125 0.111614428125 0.10905367031250002
0 0.25082035234375 0.59806636171875 0.1076545484375 0.10662439218749994
0 0.34991855703125 0.5984408390624999 0.10722467656250001 0.11009465
0 0.31023368046875 0.49728129921875 0.11805913906250001 0.11902103593750005
0 0.40926327734375 0.501994784375 0.11194068906250006 0.11551406562499995
0 0.37155396015625 0.39638621953125003 0.11074594218749997 0.11489988281250003
0 0.47131085390624994 0.4043887578125 0.09981343281250003 0.11197636874999994
0 0.41885318984375 0.2796133328125 0.1254584171875 0.13385577187500003
0 0.5233032671875 0.29750058984375 0.10303486250000002 0.1226027234375
0 0.6215260820312499 0.30790690625 0.09337796406250005 0.117121959375
0 0.71042486640625 0.30675877890625 0.0965017515625 0.1158400140625
0 0.7357516007812499 0.39372159062499995 0.09462077031250002 0.107462665625
0 0.7577663734375 0.48096531484374994 0.07719348750000003 0.09951263906250007
0 0.780982984375 0.5621048156249999 0.07983913124999989 0.092572428125
0 0.80026132734375 0.6363501914062499 0.0829218015625 0.09583620781249999
0 0.7294408070312499 0.64677637734375 0.07788807656249999 0.08874355468749995
0 0.64831378203125 0.65724274921875 0.09117774843749996 0.0969835609375
0 0.566830021875 0.6613300890625 0.093810821875 0.10013438749999999
0 0.47919110703124995 0.67447819609375 0.10065547343750003 0.10360689531249996
0 0.3880927625 0.68355558359375 0.09509479375 0.10106260468750002
0 0.44467293671874997 0.595682140625 0.10534010468749999 0.10750051249999996
0 0.50416553125 0.4988397421875 0.09878502187500002 0.10507750624999997
0 0.5626273093749999 0.40415386406250003 0.10708363437499999 0.11456837187500005
0 0.6499779976562501 0.4012429210937499 0.09401457031250002 0.1067340234375
0 0.6782354296875 0.48599112578125003 0.08364617187499998 0.10040359531250002
0 0.704192309375 0.570941684375 0.091239153125 0.10172830937499996
0 0.62455809609375 0.57635719921875 0.0906011484375 0.09923610468750006
0 0.53381368359375 0.5831239851562501 0.09552565781250007 0.09986488281249999
0 0.58379091328125 0.48712742890625 0.09100246093750002 0.10144762343749995