0 0.09389722421874999 0.3979901015625 0.10365517343750001 0.134882209375
0 0.07163885234375 0.5145703648437501 0.10450734531250001 0.13359306093750006
0 0.16704767187500003 0.5114497609375 0.10985301250000001 0.134589
0 0.15155595859374998 0.6128656359375 0.0979008390625 0.11966677500000004
0 0.1469552171875 0.7127790421875 0.08452346875000001 0.10987806562499998
0 0.243482975 0.678104896875 0.08216931875000003 0.10897785312500004
0 0.30638795546875 0.7064737796875 0.10113337656250003 0.11973965937499997
0 0.41167485703125006 0.6499310914062499 0.05941119218750002 0.08234584843750001
0 0.4613814874999999 0.66984338125 0.05432976874999999 0.06393613437500001
0 0.51637955 0.70772670078125 0.05172377187499997 0.06460677031250003
0 0.26314920234374994 0.50189608359375 0.09981183906250002 0.1315175703125
0 0.33320962578125 0.544285678125 0.0679915109375 0.07418541249999996
0 0.3858092640625 0.590073546875 0.048628784374999956 0.06553437187500002
0 0.428090525 0.6012949171875 0.05347860000000004 0.06663068437500001
0 0.472956453125 0.5500651023437501 0.05123313437499997 0.07107956093750004
0 0.50357865234375 0.6032928453124999 0.05081125468750001 0.06144359999999995
0 0.545347221875 0.6419048046875 0.05402829687500006 0.06457797187499992
0 0.59191375625 0.6812562734375 0.049889946874999945 0.06251904374999998
0 0.64257043203125 0.6938561265625001 0.05417421406249998 0.06482700625
0 0.5314151078125 0.5504785101562499 0.049441846875000015 0.06520778593749998
0 0.57244035859375 0.59719142265625 0.05300572031250006 0.0627653546875
0 0.61896862578125 0.62515024140625 0.05439476406250003 0.06511393281249997
0 0.6760799437499999 0.6486372406250001 0.05159393124999996 0.06908344374999995
0 0.7208985078125 0.68488506484375 0.05260898750000002 0.0677168359375
0 0.58393058046875 0.535888028125 0.0509926046875 0.06827051874999998
0 0.63067401640625 0.56818543359375 0.05708257968750008 0.06614301406249998
0 0.6844170617187499 0.58179199921875 0.05142428906249998 0.0653137359375
0 0.73143513359375 0.62175110703125 0.06303232968749999 0.06933146406250001
0 0.7752016796875 0.68172614296875 0.059165096875000066 0.06729733906249998
0 0.84746592265625 0.6851275906250001 0.06181099218749999 0.06818919375000006
0 0.80509096953125 0.61173082265625 0.06131351718750002 0.06891431406250001
0 0.77101554375 0.5548486789062499 0.05707767500000003 0.07005381093750004
0 0.718302565625 0.51212965703125 0.05885540312500002 0.06993025781250006
0 0.8289235078124999 0.5494709515625 0.057306543750000036 0.06982060312499998
0 0.8738290609374999 0.5219508578125 0.06137354062499991 0.07168630937499998
0 0.9058995476562501 0.46099535468749997 0.06691952656250014 0.07403739687500002
0 0.9461336382812501 0.5286871429687501 0.07064361406249997 0.07536986406250001
0 0.89928647109375 0.5997014523437499 0.061771554687500084 0.06890920781249994
0 0.9069913984374999 0.66480478046875 0.05666674062499997 0.06630542031250002
0 0.96993898828125 0.6700185039062501 0.06012202343750008 0.07050654218750001
0 0.989836559375 0.5567159187499999 0.02032688124999993 0.06475331249999998
0 0.9840499476562499 0.49050220000000005 0.0319001046875 0.06908339999999998
0 0.49480311015625 0.45477303593750007 0.051031076562500034 0.06462661874999993
0 0.5470121515624999 0.45420101874999996 0.06298119062500004 0.07723265000000001
0 0.577473396875 0.3557584078125 0.07259911562500002 0.08259618125000001
0 0.6076954765625 0.41757568828125 0.05809808437500008 0.07917586718750003
0 0.6326269054687501 0.34921209218750004 0.04757465781250003 0.06523565312500001
0 0.6644201640625 0.41541837187499997 0.05568764062499998 0.07628525625
0 0.7058476296875 0.35928578046875004 0.07552580937500002 0.08509541718749998
0 0.7583133484375 0.35065317500000004 0.05687169062499997 0.08140809062500001
0 0.7592988671875001 0.4032381273437499 0.0570770875 0.052146654687499974