0 0.88804529375 0.6075480640625 0.17150709062500002 0.19040353437499996
0 0.757044965625 0.58520377265625 0.14349185312499993 0.16581645156249997
0 0.627851178125 0.56378827265625 0.13311425312500003 0.15709179843749999
0 0.59599247109375 0.4292244671875 0.13614497031250003 0.16267278124999995
0 0.56191219921875 0.29622290546875 0.12029780156249999 0.15831587656249999
0 0.526886140625 0.53743578828125 0.11234418437499993 0.14195707343750003
0 0.49285437578125 0.4106213421875 0.1106419609375 0.144438603125
0 0.45848457421875005 0.2856533203125 0.10570309843749995 0.14899375625000003
0 0.43040341484375 0.51824760234375 0.1006119171875 0.13358413906250002
0 0.40069118046874996 0.398312065625 0.10246376093749995 0.13893477187499997
0 0.3652132703125 0.27859791562499997 0.10705228125000002 0.14397531562499996
0 0.35266268125 0.49975094374999995 0.09024558437500003 0.12431996562499999
0 0.31922556484375 0.38681997890625 0.1019279765625 0.1357426671875
0 0.286560715625 0.27530745859375 0.08606348750000001 0.13039690468749998
0 0.2789390328125 0.48697830078125 0.0896509875 0.12251396718750004
0 0.24953540937500002 0.37889780859375 0.09432887187499998 0.1277435046875
0 0.21101782656249995 0.27843784765625 0.092407984375 0.12709636406250002
0 0.20432512187500002 0.46655181953125 0.07875370312500003 0.11437662343750006