0 0.09453125 0.29583333333333334 0.04375 0.07083333333333333
0 0.1796875 0.25 0.0375 0.06666666666666667
0 0.18515625 0.3385416666666667 0.04375 0.06875
0 0.2640625 0.24375 0.034375 0.058333333333333334
0 0.28828125 0.2635416666666667 0.0265625 0.052083333333333336
0 0.303125 0.315625 0.034375 0.05625
0 0.34296875 0.2989583333333333 0.0390625 0.06458333333333334
0 0.36953125 0.3458333333333333 0.0421875 0.06666666666666667
0 0.4234375 0.21770833333333334 0.03125 0.05416666666666667
0 0.45546875 0.22916666666666666 0.0328125 0.058333333333333334
0 0.490625 0.35520833333333335 0.034375 0.06041666666666667
0 0.53359375 0.38125 0.0390625 0.0625
0 0.56953125 0.3697916666666667 0.0359375 0.06041666666666667
0 0.615625 0.41875 0.0375 0.06041666666666667
0 0.6265625 0.328125 0.034375 0.06041666666666667
0 0.72421875 0.5208333333333334 0.0484375 0.075
0 0.68125 0.30416666666666664 0.03125 0.05625
0 0.73828125 0.35833333333333334 0.0390625 0.0625