0 0.03293504921875 0.089460784375 0.0646446078125 0.16911764687500003
0 0.13985906874999998 0.112132353125 0.133884803125 0.160539215625
0 0.26960784296874996 0.12765522890624997 0.1170343140625 0.1540032671875
0 0.4290747546875 0.08843954296874999 0.12530637187499996 0.1744281046875
0 0.5620404414062501 0.09252451015625 0.12040441093750003 0.1809640515625
0 0.675398284375 0.10845588203125 0.10631127500000001 0.16625817031249998
0 0.7749693625 0.137867646875 0.08976715624999994 0.15236928125
0 0.7650122546875 0.03002451015625 0.09252450937500001 0.057598039062499995
0 0.8573835789062499 0.03880718984374999 0.08731617656249994 0.0759803921875
0 0.9532781859374999 0.0443218953125 0.07935049062499999 0.088643790625
0 0.9505208328125001 0.164419934375 0.078125 0.14174836562499998
0 0.8671875 0.14889705859375 0.08731617500000013 0.14665032656249996
0 0.9394914218749999 0.31576797421874997 0.08057598124999998 0.13970588281250002
0 0.852787990625 0.30984477109375 0.0922181375000001 0.14665032656250002
0 0.7607230390625 0.30780228750000005 0.08149509687500008 0.15318627499999998
0 0.6772365203125 0.2955473859375 0.10508578437500002 0.16707516250000004
0 0.55790441171875 0.29227941171875 0.11580882343749996 0.1711601296875
0 0.4287683828125 0.28778594765625 0.12653186249999995 0.17687908593749999
0 0.28645833359374995 0.29207516328125005 0.13602941093749998 0.1838235296875
0 0.14047181328125 0.28125 0.14981617656250004 0.19321895312499998
0 0.026807597656249998 0.2720588234375 0.053615195312499996 0.18954248437500001
0 0.026807597656250005 0.4805964046874999 0.0505514703125 0.17933006562499995
0 0.136335784375 0.47406045781249995 0.15747549062500005 0.18913398749999993
0 0.28538602968750004 0.47446895468749994 0.13511029375 0.17769607812500002
0 0.43075980390625 0.46650326796875 0.12622548906250003 0.16993463906249998
0 0.5611213234375001 0.46568627500000004 0.11917892187500004 0.16830065312499998
0 0.67555147109375 0.46282679765625 0.10723039218750001 0.15767973906250005
0 0.7594975492187499 0.45853758125 0.08455882343749996 0.14419934687500002
0 0.85248161796875 0.45792483671874995 0.09037990156250011 0.13888888906250002
0 0.9514399507812499 0.46058006562500003 0.0805759796875 0.13684640625000002
0 0.9407169124999999 0.57291666640625 0.07383578437500002 0.1098856203125
0 0.8494178921875 0.5837418296875001 0.07935049062499999 0.11519607812499996
0 0.7771139703125 0.59538398671875 0.06832107812499996 0.12214052343750001
0 0.722273284375 0.6184640515625001 0.09650735312499999 0.14297385624999998
0 0.6158088234375001 0.6321486929687501 0.10477941250000003 0.14828431406249995
0 0.50245098046875 0.6384803921875 0.11458333281250006 0.159313725
0 0.3759191171875 0.6501225492187499 0.12377450937500001 0.16462418281250005
0 0.23988970624999997 0.655024509375 0.13602941249999997 0.17034313750000002
0 0.0873161765625 0.6625816992187501 0.15379901875 0.17647058906249996
0 0.0853247546875 0.8374183007812499 0.147365196875 0.16830065468749994
0 0.22870710781249998 0.82883986953125 0.12898284375000002 0.16503267968749996
0 0.36611519609375 0.8200571898437501 0.12622548906249995 0.16789215781250003
0 0.5099571078125 0.8080065359375 0.11243872499999999 0.1617647062499999
0 0.627757353125 0.79227941171875 0.10845588125000001 0.1556372546875
0 0.73054534375 0.7724673203125001 0.0952818625 0.14460784374999996
0 0.7910539210937501 0.73468137265625 0.07169117656250004 0.13194444531250005
0 0.86458333359375 0.71221405234375 0.07843137343750009 0.1254084953125
0 0.95557598046875 0.6966911757812501 0.0765931359375001 0.12050653593749994
0 0.96476715703125 0.8374183007812501 0.06617647031249999 0.1258169921875
0 0.8943014703125 0.8703022875 0.0784313718749999 0.13276143749999997
0 0.816023284375 0.90890522890625 0.08854166562500013 0.1388888890624999
0 0.71599264765625 0.92565359453125 0.0943627453125 0.14460784218750006
0 0.6142769609375 0.937091503125 0.10232843125000005 0.125
0 0.5001531859374999 0.9470996734374999 0.11182598125000007 0.10416666562499995
0 0.38051470546875 0.95772058828125 0.12254902031249996 0.08292483593750007
0 0.9736519609375 0.95465686328125 0.05147058750000007 0.08578431406250005
0 0.2470894609375 0.96486928125 0.130821078125 0.06535947812499998
0 0.10278799062499999 0.9785539210937501 0.133272059375 0.040441176562499945
0 0.2688419125 0.02471405234375 0.11366421562500002 0.0494281046875