0 0.05757821328125 0.87010267265625 0.0949227609375 0.20497637031250004
0 0.19098245546874998 0.8306113710937499 0.16604876093749998 0.20417052656249995
0 0.253656921875 0.9697134585937501 0.16248177187500001 0.060573082812499915
0 0.42182222343750003 0.9464050578125001 0.17027713749999998 0.10718988437500006
0 0.59583771875 0.934201846875 0.18483970312500003 0.13159630625
0 0.7642734484375 0.9295830039062501 0.1790187156249999 0.14083399218749992
0 0.91877838359375 0.9108827140625 0.14372443593750006 0.16652550625
0 0.880731384375 0.7248472859374999 0.179572715625 0.2256099968749999
0 0.97963666796875 0.6267699109375 0.028763070312500007 0.17884067187500002
0 0.8850228265624999 0.49105680703125004 0.20426869374999992 0.24359456406249996
0 0.6732078734375 0.73201422578125 0.08281140625000001 0.10157786093749994
0 0.55360378359375 0.57853099609375 0.04548070156250006 0.05972885468749993
0 0.53960861875 0.5260954874999999 0.04127863437499997 0.04673405937499995
0 0.49797302890625 0.54274125625 0.04575084843749995 0.05783303750000002
0 0.51122019609375 0.5971397234375 0.044525432812499946 0.054624090625000045
0 0.45996832265625 0.5688064914062501 0.04682866406249993 0.056158698437499946
0 0.42486048984374997 0.46972783125 0.04477518906249998 0.056602140625
0 0.4030167640625001 0.4230548890625 0.043661578125000045 0.05591140624999995
0 0.61734007265625 0.48195014531249997 0.033668670312500024 0.04436336562499994
0 0.63731566875 0.44674709453125 0.033661850000000014 0.039468617187499964
0 0.58341444453125 0.48702302968750005 0.03154397031249996 0.040793140624999946
0 0.5519725359375001 0.48087490625000007 0.03313984374999999 0.04157124062500008
0 0.52254627265625 0.47648777343750004 0.0299026171875 0.036297596874999984
0 0.48992860703124996 0.47613844375000003 0.034653204687499974 0.04125025312499995
0 0.6073635312500001 0.43967843906250004 0.03540925937500008 0.04577796875000004
0 0.56943762578125 0.446741421875 0.03494254531249998 0.042487087499999986
0 0.5385530468749999 0.44299518828124995 0.03351987812499999 0.039999335937500026
0 0.5030392328125 0.44165368203124994 0.03250190312499992 0.042981142187500064
0 0.47032128984375 0.43760749921875003 0.03454578281249994 0.044515710937499973
0 0.62782223828125 0.40769972109374997 0.03443461093750004 0.04558132656249998
0 0.59574516796875 0.3953358828125 0.03923408281250005 0.04909222499999997
0 0.55833824765625 0.40454359062500006 0.03687884218749993 0.04680276875000002
0 0.52480022265625 0.4037237953125 0.03184595156249994 0.04501339062499996
0 0.49359206484375007 0.40310195546875 0.03468272031249997 0.04305947343749996
0 0.4576830421875 0.399051759375 0.03694443125000006 0.04192295312500001
0 0.44656175546874993 0.36415806015625 0.020697823437499974 0.037225898437499974
0 0.46963464140625 0.358613584375 0.03671054531249993 0.046804196875000016
0 0.50863339453125 0.36847627109375003 0.03475804531249995 0.04191765468749997
0 0.5389054765625 0.37020214296875 0.03065335624999994 0.03867474843750003
0 0.56995862421875 0.368778940625 0.034493229687500016 0.045203728124999995
0 0.6047698460937501 0.35182832578124995 0.03811353281249996 0.04776602968749999
0 0.6357837953125 0.36270101171875 0.03369798749999999 0.047650298437500016
0 0.67007982265625 0.3644587125 0.031519979687499956 0.046021828125
0 0.701103946875 0.39082822734375 0.04077423437499998 0.048495785937499966
0 0.728267609375 0.35381235312500003 0.04162051562500002 0.04807263437500002
0 0.7388893937500001 0.30477305234375 0.04286101249999996 0.05108337031249999
0 0.7116990015625 0.27215933203125 0.03741095312500002 0.05255742031250001
0 0.696309796875 0.32840635390625 0.03694334375000006 0.049216870312499994
0 0.6593574875 0.3197305109375 0.036559493750000005 0.04438972187499997
0 0.6587943460937501 0.28349171171875 0.029537951562500008 0.03726585468749999
0 0.618327490625 0.3250158296875 0.028790150000000025 0.030880018750000016
0 0.5761546867187499 0.33395761718749994 0.026554573437500027 0.029375946874999982
0 0.628168578125 0.282257753125 0.03355342187500003 0.04531217812500001
0 0.59633327421875 0.29553248828124995 0.030175170312500034 0.0436252734375
0 0.5646551359374999 0.28665148359375003 0.03308279687499995 0.045712776562500015
0 0.51157088359375 0.27287625234375 0.03704022968750005 0.04835659843750002
0 0.54622539609375 0.33023257343749995 0.033440235937499986 0.04283793437500001
0 0.51760011640625 0.33559970390625005 0.031788542187499935 0.04098005468749997
0 0.48552204921875 0.32794005078125005 0.030850710937500025 0.042554332812499984
0 0.4443163078125 0.50143832109375 0.0401925125 0.02364067656250004
0 0.6561806859375 0.41337452734375 0.026382268750000028 0.03820456093750004