0 0.17708645859375 0.54602770859375 0.07378756406249998 0.08170021093750002
0 0.20998656015625 0.48881261015625005 0.07166663593750003 0.07883588593749993
0 0.23639553593749998 0.54883590390625 0.07198985624999996 0.0768606015625
0 0.23113262109374996 0.43140643593749994 0.04662235468750002 0.039912731250000014
0 0.29639504531250005 0.47340412890624994 0.064814075 0.07199233593749996
0 0.3342258 0.44306422734375 0.06854131249999998 0.07570717031249999
0 0.35237145390625 0.36440222109375 0.06793060781250002 0.07384956406250001
0 0.41132675078125003 0.32888548515625 0.06783611718750002 0.0748098234375
0 0.3889761796875 0.4088677875 0.06507985937499998 0.07339587812499997
0 0.37314787968749996 0.492872015625 0.06945406875 0.08012369687500005
0 0.3046727484375 0.542919503125 0.07964532499999999 0.08753463437499995
0 0.35368923046875 0.5823839281250001 0.07942243281249999 0.08366300312500004
0 0.419407696875 0.5613717070312501 0.077375978125 0.08218314218750003
0 0.43312081718749995 0.48470818437499996 0.07165793125 0.07954986250000004
0 0.48596958515625 0.610842025 0.08275987656249999 0.08965527499999996
0 0.48408958359375004 0.534159584375 0.08231442031249996 0.08738615624999993
0 0.53563685859375 0.4505069671875 0.07209798906249994 0.08193381562499998
0 0.5451230796875001 0.533188409375 0.07269841562500004 0.08324286562500002
0 0.54531653828125 0.6119280640625 0.07219729843750003 0.07856190625000004
0 0.6028030109375001 0.56688355546875 0.073768565625 0.08494437031250009
0 0.59344778203125 0.47104468671875 0.08080438281249994 0.0884933796875
0 0.52050014453125 0.37538323515625 0.06788350156249993 0.07777852656249995
0 0.5823991226562499 0.38315262734375 0.07559111718749997 0.08455085156250002
0 0.6499131289062501 0.4035665953125 0.08177745468749995 0.09290035312500003
0 0.6707032546875 0.36620403671875 0.046801290625000026 0.04467591093749999
0 0.7271116195312499 0.39160740546875 0.06634450781250001 0.07231046093749996
0 0.69542729453125 0.4688255585937499 0.0761262828125 0.08150647968750002
0 0.7639268085937501 0.48653301953125005 0.07124923593750002 0.07992602343750006
0 0.81639366171875 0.42951369218749996 0.07314952968750008 0.08447960000000002
0 0.89907220078125 0.6682467507812501 0.03272603593749999 0.03565116093750005
0 0.8119998140625 0.6543081 0.07109872499999996 0.08124198125
0 0.74114474453125 0.6354575406249999 0.07270796406249999 0.08008876250000005
0 0.78757296171875 0.570421865625 0.06956280156249992 0.08282789375000003
0 0.733196434375 0.5658797773437501 0.07779584374999997 0.08704599531250005
0 0.6743605890625 0.5658981773437499 0.08024535937500002 0.08441458281249999
0 0.6816194531249999 0.633193378125 0.07685065312499999 0.08127526874999998