0 0.050503703125 0.3398392296875 0.0825192625 0.07067048749999998
0 0.12019293671875 0.29986904296875 0.08429362968750001 0.07528909531250001
0 0.183646159375 0.25704041171875 0.087225271875 0.0744788484375
0 0.24481225625 0.28881912578125 0.08926000624999997 0.07635804843750002
0 0.17635110703125 0.33113521953124997 0.0811543234375 0.06893431093750002
0 0.09673139140625 0.37173810078125 0.0875566046875 0.07422027656249996
0 0.1804022 0.3974620171875 0.08453590937500002 0.07454070000000002
0 0.24825054609375002 0.35702985859375 0.0853158046875 0.0715003484375
0 0.32511063671875 0.29570578750000004 0.1000433421875 0.086185178125
0 0.3773478296875 0.22724099296875 0.10356764687499997 0.08865444531250002
0 0.39127757656249995 0.3414457171875 0.09717043437499995 0.08089923125000001
0 0.44652741406250007 0.2741046046875 0.10344197500000005 0.08549547499999996
0 0.497022571875 0.2023044203125 0.1081312875 0.09199667812500001
0 0.5439662898437501 0.26595658203125 0.11067734531250002 0.09419349218750002
0 0.60276548203125 0.22862602421874997 0.09091477968749997 0.07869143593749998
0 0.67444741796875 0.18103176171875 0.09743717968749994 0.07822194531249997
0 0.75215354921875 0.20561030390625 0.09894816718750006 0.0832362453125
0 0.8266781921874999 0.23446096484374998 0.10025695937499997 0.0831648796875
0 0.842114775 0.29862597265625 0.101625925 0.08212654531250001
0 0.75026233828125 0.2822758515625 0.09663530156249997 0.07860445624999998
0 0.67742983203125 0.248978215625 0.09416200468750002 0.07723952187499998
0 0.9354118937500001 0.32909710703124995 0.020320028125 0.0164590703125
0 0.93796990078125 0.34302374999999996 0.020278770312500072 0.016009028125
0 0.8828962765625 0.35575348125 0.09412523124999997 0.07471137812499999
0 0.78996718203125 0.36355039765624997 0.1042522328125 0.08635772031249997
0 0.82841463828125 0.41951686328125 0.09957274843749993 0.07990419531250001
0 0.9207679609374999 0.4113972773437499 0.099878775 0.08094596718749995
0 0.86986481171875 0.474665025 0.09957630156250001 0.07891676249999993
0 0.82932997578125 0.53883250625 0.09805417031249997 0.07916482812499996
0 0.8855318234375 0.5881849390625 0.09924662187499997 0.08098655312499999
0 0.7705164703125 0.5936793085937501 0.09761791562500007 0.08077068281250002
0 0.8212912625 0.6403919171875 0.09546124687499997 0.07991928750000002
0 0.9274753687499999 0.63574651484375 0.09519097187500006 0.07848208593749995
0 0.863765890625 0.6848785109375 0.0919619375 0.07122069374999995
0 0.7792014593750001 0.6983053703125 0.09210526249999988 0.07533511562499999
0 0.7271951046874999 0.6509463484375 0.08946868125000007 0.07365706875000004
0 0.6946617703125 0.724909759375 0.09249374374999997 0.07333898437500004
0 0.60725657890625 0.7367192640625 0.08796194531249997 0.07604773125
0 0.64271715625 0.66903591875 0.09120595624999997 0.07808754687499997
0 0.55777607109375 0.6892731398437499 0.09071642343750001 0.07457340468749996
0 0.51899963515625 0.75935315 0.0882815296875 0.072677709375
0 0.46719197812499996 0.70929735859375 0.09609804999999998 0.08299664218749996
0 0.43357521484375 0.77301189140625 0.09087063906249995 0.07553007656249999
0 0.38349113749999997 0.7230959289062501 0.09084970625 0.07901730468750001
0 0.35023603828125 0.7851917687500001 0.0872689109375 0.07458892500000011
0 0.41726093828124994 0.65835966640625 0.09246932968749996 0.07920047968750002
0 0.349926184375 0.62468956015625 0.09985708125000001 0.08524060156250002
0 0.38505478125 0.55779718671875 0.10275489999999995 0.08830837031250001
0 0.4396008546875 0.48775948828125 0.10481054999999997 0.08552360156249997
0 0.34347681015625 0.49191457421874996 0.10274715468750002 0.08917314218749998
0 0.2562761375 0.5268407414062499 0.10172074374999998 0.08814996093750001
0 0.268049540625 0.59678883359375 0.098372121875 0.08396464843749998
0 0.30493920390625 0.7610042632812499 0.07324301718750004 0.061759026562500006
0 0.33213274453124997 0.7065753781249999 0.07449200468749999 0.06581967187500001
0 0.34608279609375 0.66258605234375 0.07378565781250002 0.05581942656249996
0 0.23807121328125 0.76790581953125 0.07030085781249999 0.06008910156249998
0 0.2614983421875 0.72405048359375 0.07177263749999999 0.05239781406250001
0 0.18725152265624997 0.7319417250000001 0.07661829531249997 0.06548693124999998
0 0.23549435546875 0.691286096875 0.0895511921875 0.07661819374999998
0 0.24955303906250004 0.62617896171875 0.07418347812500001 0.0607971703125
0 0.1782734125 0.64455238671875 0.07980044687499999 0.06992294531249996
0 0.11146250312499999 0.6765178421875 0.08104904062499999 0.07235101249999998
0 0.1016163828125 0.6180017523437501 0.08317082812500001 0.07589068593750001
0 0.1654161984375 0.5838549195312501 0.08812798124999999 0.0779793953125
0 0.15469946796875 0.5371300453125001 0.07246973593749999 0.057499403124999925
0 0.21140542265625 0.5123508890625 0.06546806718750002 0.059318821875
0 0.26682318671875 0.4724745921875 0.06114643593749998 0.05015868750000001
0 0.14380142265625 0.48751606953125004 0.0788061984375 0.0665496078125
0 0.2110909515625 0.45492128593750003 0.07177813124999999 0.062429500000000006
0 0.3152333359375 0.44633596953125 0.08665181249999998 0.07195648906250005
0 0.3867621984375 0.4113935671875 0.087009940625 0.07566095312499996
0 0.31714356171875 0.38270926484375 0.08999385468750001 0.07766304531250005
0 0.24278959921875 0.42333985625 0.08638246093749997 0.07387759687500006
0 0.5125129375 0.35396236015625 0.07893645937500002 0.06459178281250004
0 0.4939029046875 0.41195289375 0.079155278125 0.067790815625
0 0.5653911953125 0.41463821328124995 0.07858034687500001 0.06657524843749996
0 0.587331975 0.35752079140625004 0.07739725312500001 0.06489752968749998
0 0.65762447890625 0.32880285703125 0.08077194843750002 0.06527262656249996
0 0.6440293078125 0.387515690625 0.08027639375 0.06238597187499999
0 0.6246039867187501 0.44324258906249997 0.09211311718750004 0.07447214999999999
0 0.7236479093750001 0.42571538515625 0.08978209062499998 0.07290791718750005
0 0.7650169625000001 0.47722740859375 0.08995876874999995 0.07221202343749997
0 0.68024290234375 0.48262821875000006 0.09080241093750008 0.07875869062499996
0 0.71748924375 0.5315504882812501 0.08558118437499998 0.0711546078125
0 0.6387168140625 0.5520513484375 0.08523636562499996 0.07057310312500001
0 0.60052243359375 0.50296639296875 0.08956933906250004 0.07636442031249997
0 0.50458632109375 0.5197743554687501 0.08449148906250006 0.07203792343749997
0 0.5562936875 0.5594776007812501 0.08391709687500004 0.0720604984375
0 0.47496728671875 0.5789799195312499 0.08251157656250001 0.06897195468750006
0 0.51807699140625 0.6253881007812501 0.08338772343750005 0.06965906406249997
0 0.5966835703125 0.6088012859375 0.08344079999999998 0.07299760624999996
0 0.9461817835937498 0.352051625 0.016809807812500032 0.01011626875
0 0.9188991578125 0.33139355703125 0.012886574999999923 0.013902548437500028
0 0.9296828765625001 0.35593885 0.010522156250000058 0.010944668749999975