0 0.344140625 0.29097222222222224 0.07109375 0.12361111111111112
0 0.418359375 0.22916666666666666 0.06640625 0.10833333333333334
0 0.491796875 0.37083333333333335 0.09140625 0.14722222222222223
0 0.5703125 0.3076388888888889 0.08125 0.14305555555555555
0 0.654296875 0.2951388888888889 0.08359375 0.13333333333333333
0 0.67265625 0.175 0.0609375 0.1111111111111111
0 0.942578125 0.3472222222222222 0.11484375 0.25833333333333336
0 0.219140625 0.8138888888888889 0.2359375 0.3
0 0.441796875 0.70625 0.20703125 0.30694444444444446
0 0.676953125 0.7229166666666667 0.22890625 0.32916666666666666
0 0.926171875 0.6055555555555555 0.14765625 0.3