0 0.12243606484375 0.43976059687499996 0.035078973437499994 0.04039794687500002
0 0.1488824 0.40485744062499995 0.035298809375000004 0.04170664687499999
0 0.170735725 0.4344553890625 0.034226437500000005 0.043323987499999994
0 0.18840713203125 0.39350521796875004 0.02490825781250001 0.03811977343750002
0 0.20961577656250002 0.39487042578125003 0.031580128124999995 0.0410460359375
0 0.24075975859374998 0.3899171328125 0.03352466093749999 0.04386157500000003
0 0.19479691484375 0.4305177359375 0.03688119531249998 0.04227931249999992
0 0.23692706718750003 0.4238482015624999 0.033626553125 0.03689589062499996
0 0.270819803125 0.4258121656249999 0.036784921875 0.042116965625
0 0.2549578 0.45990988125000004 0.031382734374999985 0.04169802499999999
0 0.28359285390625 0.46644600703125 0.0359084765625 0.04547518281249996
0 0.22015833203125 0.45811925000000003 0.03501169218750002 0.04038257187500003
0 0.18920504921874998 0.46424493046875004 0.032868814062499994 0.03865272968750002
0 0.1431132515625 0.4703236125 0.035861006250000015 0.04101625312500001
0 0.11048688203125001 0.47432486484375 0.03707367031250001 0.040643614062499986
0 0.09666078671875 0.51079769921875 0.032825285937500004 0.041001442187499924
0 0.13164435546875 0.5065773625000001 0.036768226562500006 0.04393140625000003
0 0.16741700546875 0.49797010156250004 0.032817498437499995 0.03898459062499997
0 0.21126709296875 0.49661634765624996 0.033657042187499986 0.04150339843749995
0 0.24881242421875 0.4927387546875 0.03409012031250001 0.037528312500000015
0 0.27409522578125 0.50189070234375 0.034580204687500025 0.0382830796875
0 0.19443963593749997 0.5282649875000001 0.033298593749999994 0.04045117812500001
0 0.23212576875000002 0.52495037109375 0.033861312499999976 0.03809957656250003
0 0.2668536140625 0.53023281484375 0.035479471875 0.03623140468750004
0 0.12225619296875001 0.54156786953125 0.033099226562500014 0.037278079687500035
0 0.14536303281250001 0.566657128125 0.0334443 0.039972468750000004
0 0.159241125 0.53267674140625 0.033417699999999995 0.03924942031250005
0 0.18236724765624998 0.5622789656249999 0.035299995312499985 0.03921984687500002
0 0.22319758671874998 0.55599490234375 0.026901067187500027 0.03266652031250006
0 0.2521293703125 0.5633326992187501 0.03219670624999997 0.04053156718750008
0 0.291672996875 0.57937480703125 0.05464525 0.061800279687499945
0 0.3188061625 0.51076906328125 0.04885191562499998 0.05518256093749994
0 0.34277329453125 0.46334151406250007 0.051263976562499994 0.05833838437500001
0 0.3686391109375 0.416309234375 0.04668699687499998 0.056679234375
0 0.39544032890625 0.3703445796875 0.050051435937500034 0.056289840625
0 0.42382342343749996 0.32897076953125 0.04877545000000003 0.05929126718750002
0 0.4500297859374999 0.2851726890625 0.04671362500000002 0.05848246874999998
0 0.49700094609375006 0.276175184375 0.049129920312500006 0.06263818125000001
0 0.54427644921875 0.28607263281249995 0.05415262343750005 0.06409579062500001
0 0.59414974921875 0.29033164375 0.05123412656249995 0.06136961249999997
0 0.640728709375 0.3006586171875 0.045348253124999974 0.05968245000000003
0 0.690843646875 0.30758094687500004 0.04656105937500001 0.06256966875
0 0.7193053375 0.35044326171874995 0.04779098749999999 0.056103179687500004
0 0.7417610359375001 0.40384417890625 0.05359974999999997 0.06181494218750001
0 0.75712768828125 0.45688472734375 0.05443180781249994 0.060085795312500065
0 0.7710662375 0.5063301625 0.04638914062499992 0.05782246562499997
0 0.75284884296875 0.55830111484375 0.04599364531249996 0.05535694218749994
0 0.77174248046875 0.6094397109375 0.05186777656250001 0.05920934687499999
0 0.76248213515625 0.658480615625 0.0489259921875 0.05287768750000001
0 0.735968971875 0.7011928976562499 0.047592206249999956 0.05766502343749993
0 0.4700880390625001 0.33669322578125 0.04609327187500005 0.05725448906250001
0 0.441126071875 0.3817628 0.05115154374999999 0.05984199374999997
0 0.4139687484375 0.4274200289062501 0.05053605000000001 0.05955485468750003
0 0.46126316171875 0.43188591484375005 0.05282864218749994 0.0595851234375
0 0.487866534375 0.3882884375 0.049411234375000036 0.057968575000000036
0 0.515689934375 0.33117695 0.04620481249999999 0.05508592812500002
0 0.562914240625 0.33595115937500003 0.055274696875000015 0.06587273125
0 0.6101483476562499 0.3426123375 0.053842926562500004 0.06123459062499999
0 0.657114690625 0.3509787390625 0.05296602187500001 0.06221072812499999
0 0.53744558515625 0.38115349531250003 0.053385532812500004 0.05684374375000001
0 0.581012953125 0.38580654765625005 0.04725454062500001 0.05818364843750001
0 0.62761800703125 0.3923944375 0.05088933906249995 0.05912977812499998
0 0.68682165078125 0.39385137890625 0.05210278906249997 0.06186428281249996
0 0.50629425078125 0.4378412 0.047956935937500056 0.05680109687500003
0 0.553978596875 0.43428940703125 0.04891541249999998 0.060259023437500045
0 0.5998247875 0.43969751718750005 0.047818721875000046 0.05848711875000001
0 0.6546742515624999 0.436066478125 0.05504111250000001 0.057911474999999955
0 0.7080472343750001 0.44764158906250007 0.047414362499999994 0.05685132187499997
0 0.3901649421875 0.47203998828125 0.043881206249999985 0.05679097031250002
0 0.4342032171875 0.47669976953125 0.04869661562500003 0.05692839531249998
0 0.48041925390625 0.48086458515624997 0.04918213593750007 0.05604394218749995
0 0.5263815046875 0.48679709453125 0.04689648124999994 0.05285365156249995
0 0.5706304687499999 0.4811344585937499 0.04851449375000003 0.05636864218750004
0 0.6267654578125 0.47833137031249995 0.045913096875000024 0.056704449999999976
0 0.6762367874999999 0.48808042578125 0.04730875624999999 0.05581042031250005
0 0.7258355671875 0.4976013375000001 0.04918151875000003 0.059969699999999994
0 0.36358536171875 0.5171459671874999 0.05070437656249997 0.059307946875
0 0.3540737875 0.5640691375 0.046487393750000015 0.05149395937500003
0 0.30851157421875 0.6329363796875 0.0554456046875 0.06219418125000002
0 0.33009830312500005 0.678352846875 0.05458711875 0.05843310625000005
0 0.35555579140625 0.72322110859375 0.04920979218750001 0.05870332968750001
0 0.40369401171875 0.72567767890625 0.04722712968750002 0.059240207812499966
0 0.45483305390624995 0.70996818671875 0.04772927343749993 0.05308511093749999
0 0.4976340531250001 0.7140684601562499 0.04509865 0.052705864062499955
0 0.41114078359375006 0.51790274375 0.04298215781249999 0.05300435937500003
0 0.4555146984375 0.523382396875 0.05012236874999996 0.056095018750000045
0 0.5111767210937501 0.538962696875 0.04423021718750002 0.05202375312500003
0 0.5573061898437499 0.5446719109375 0.04478337968749999 0.054309593749999954
0 0.597309221875 0.5258113765625 0.04834605625000003 0.05589378437499999
0 0.6453696414062501 0.5277304218750001 0.04840979218750006 0.05668521562499995
0 0.69212948203125 0.53991506640625 0.04642442031250003 0.05608351718750004
0 0.3966405546875 0.566685346875 0.047943412500000004 0.058739712499999985
0 0.367740746875 0.6100615171875 0.04776642812499996 0.05606953749999999
0 0.391882440625 0.65665721796875 0.046317356249999976 0.05477151093749999
0 0.41598412187499995 0.6149790875000001 0.04786426874999998 0.054848443749999996
0 0.44162125859375 0.57273019296875 0.047923348437499944 0.054512310937499996
0 0.48547260859375 0.581949315625 0.04723572656249999 0.05634078124999995
0 0.53102426875 0.587520046875 0.04595479999999998 0.05319819687499994
0 0.57654574609375 0.5939546968749999 0.047245626562500045 0.05345070937500003
0 0.61728263515625 0.5691127078125 0.04664532656249998 0.05452747812499999
0 0.66316455625 0.57737781953125 0.04795412500000005 0.05578839531250006
0 0.7104043210937501 0.5805396703125 0.04723193593749997 0.054687325000000085
0 0.7284374796875 0.6290206640625 0.04989324999999996 0.058970509375000014
0 0.68327227109375 0.6265207281249999 0.048496817187500076 0.05466025312499996
0 0.6341099203125 0.6212260890625 0.045491831250000024 0.05440325937499999
0 0.46116801171875005 0.6212259812500001 0.04765592031250003 0.05349241249999999
0 0.5028864421874999 0.62563136171875 0.048106015624999984 0.054272370312499964
0 0.54749952734375 0.63352547578125 0.04917596093750003 0.056373017187500006
0 0.5918456515624999 0.63888073828125 0.04746562499999998 0.053280654687500026
0 0.65509881796875 0.6701089101562501 0.053934101562500024 0.05950652031250003
0 0.6987794359375 0.66920635390625 0.04540131874999993 0.05283232031250007
0 0.69367572578125 0.7211807757812501 0.04981212031249997 0.05494162031250003
0 0.6434017 0.7194686148437499 0.04331541249999997 0.05282823593750008
0 0.436056475 0.66445126796875 0.046642603125000015 0.057853473437500025
0 0.47880372109374997 0.67222545234375 0.04310313593750008 0.05174784218749995
0 0.5225825546875 0.6733185460937501 0.044456775000000004 0.05402947031250003
0 0.56660342578125 0.6842974249999999 0.04463280781249992 0.054957562500000015
0 0.610639896875 0.68585629375 0.04580516875000003 0.05439615312499999
0 0.5397417195312499 0.71526954921875 0.040534076562499965 0.05000846093749996
0 0.5836777390625001 0.7241259015624999 0.04859456250000003 0.05308323125000003
0 0.75904000703125 0.36840161796875004 0.03881536406250001 0.052185764062499994
0 0.80234186328125 0.37408264921875 0.04718508281250004 0.05698716406250002
0 0.8430174265625 0.39454687109375 0.04628916875000009 0.0564748453125
0 0.78083563125 0.4184562984375 0.03740352812500003 0.05865302187500006
0 0.8187075851562501 0.43691213749999996 0.05070395781250001 0.05455432187499998
0 0.8631714242187499 0.441539653125 0.04516748281249985 0.05374164687500001
0 0.7953375742187501 0.48290399453125 0.03636727968750009 0.05304879843750001
0 0.8350675421875 0.48578438359375 0.041340703124999933 0.052965560937499934
0 0.8797912531250001 0.48740542500000006 0.044511387500000055 0.05583178124999995
0 0.8104689890625 0.53125468671875 0.043522068749999934 0.060505464062500014
0 0.8528594375 0.5330189046875 0.04596630625000007 0.05487712499999997