0 0.9836522593750001 0.5979678085937501 0.03269548125000003 0.08484432656249999
0 0.952620909375 0.5455488882812499 0.06133474687499998 0.08683929843750002
0 0.9094839328125 0.49713572265624995 0.057907765624999996 0.08607671718749996
0 0.9668965875 0.66571320390625 0.060532062500000094 0.08594722968750004
0 0.9239294328125001 0.6135717820312501 0.05637242499999999 0.09100328593749998
0 0.880421784375 0.5630945273437501 0.05313622812499989 0.0855146171875
0 0.95375677109375 0.7203107984375 0.048981807812500125 0.07431424687500003
0 0.9101726835937501 0.6940938421875 0.04997157343750001 0.083456765625
0 0.87046179609375 0.644214584375 0.0508971296875 0.086135271875
0 0.9561974546875 0.8078685742187499 0.05537944062499989 0.08521842968750004
0 0.91774965390625 0.8507877562499999 0.0588640234375001 0.08744068125000001
0 0.87732171484375 0.7907490328125 0.05261514218749994 0.08243939062499991
0 0.90736155078125 0.750826578125 0.0504478265625 0.06791467500000001
0 0.86069162265625 0.7236874195312499 0.05765403906250004 0.08538499531249996
0 0.8243587789062501 0.58761365390625 0.05423128281249996 0.08274183593749998
0 0.8133462640625 0.5174058 0.05346682187499994 0.08366621249999992
0 0.7949009359374999 0.44381974375000005 0.055952381249999926 0.091591521875
0 0.7889688421875001 0.63427460078125 0.05214096875000003 0.08672271406249994
0 0.76745943125 0.5594126453125 0.05939031562500006 0.08939950312500003
0 0.7482087984375 0.48613551718750003 0.056834249999999996 0.09005326250000004
0 0.71599918828125 0.41894003671875 0.05299468281250004 0.08842657968750003
0 0.6839047796875001 0.3640267015625 0.048244768749999965 0.06256579374999997
0 0.8097025390624999 0.699308353125 0.054048449999999984 0.08416756250000006
0 0.8196068328124999 0.7729956859375 0.055558368749999955 0.08285959374999993
0 0.8371915218750001 0.8360856226562501 0.046985475000000144 0.07990192656249998
0 0.7943713125 0.8494559562500001 0.05910649375000006 0.09058368125000005
0 0.7776693117187501 0.77488496953125 0.055415792187500035 0.0857891859375
0 0.7549446539062499 0.6970170023437501 0.052939567187500015 0.08297514531249997
0 0.73508726796875 0.62553204765625 0.06552577968750004 0.09068651406249995
0 0.715934271875 0.552866975 0.05264033437500002 0.08328398437500004
0 0.68886143125 0.48834368671875 0.05483759375000004 0.08884960156249999
0 0.6619100984374999 0.41086236249999997 0.06725320625000002 0.09409445937499998
0 0.7407675218750001 0.8375044593750001 0.054235415625000005 0.08464872812500009
0 0.72475907421875 0.76883742265625 0.06284372343750003 0.09185864843750009
0 0.7012979609375 0.69162724375 0.06498467187500001 0.08839000625000004
0 0.68134994765625 0.6171257171875 0.06372685156250002 0.09052400937499998
0 0.63746409375 0.528623384375 0.057720799999999975 0.09253015624999997
0 0.6117957421875 0.45251340078125 0.06594584687500005 0.09717100156250007
0 0.57747725390625 0.38252260625 0.06373877343750003 0.0924774125
0 0.5451535875 0.31970676328125 0.05966845312500002 0.08878733593749999
0 0.69226311328125 0.8381068476562501 0.06091523906249998 0.0929679703125001
0 0.667371146875 0.75137357734375 0.05682458437499997 0.08355302968750004
0 0.6491513367187499 0.6788404421875 0.0538915109375 0.08240668749999998
0 0.6286898453124999 0.60519055859375 0.05569112812499997 0.08031539531249994
0 0.586844775 0.52353238359375 0.05915312500000001 0.08697753281249998
0 0.5415814203125 0.47080682109374994 0.06700166874999995 0.09447252968750001
0 0.5252549484375 0.39699157031250004 0.05819666562499996 0.08978780625000002
0 0.4822731492187501 0.34057451328125 0.06170259843750001 0.09220137031250002
0 0.63729617578125 0.8226021234375 0.052681117187499994 0.08818741562500003
0 0.6161790179687501 0.7442150484375001 0.058924639062500006 0.08431081562499995
0 0.5974899820312499 0.66897931953125 0.061203270312500016 0.08503129218750001
0 0.57623766015625 0.6004639046875 0.05478050156250003 0.08896977187499999
0 0.5297676578124999 0.5532398640625 0.06756671249999995 0.09449323124999998
0 0.48602928749999996 0.49878046562500006 0.06272654687500001 0.09237298750000003
0 0.471326028125 0.42169653515625 0.06089808125000005 0.09131754843749999
0 0.43137362265625007 0.37209892265625 0.05883700781250001 0.09110557031250002
0 0.5851397406250001 0.8112218375 0.05984590624999999 0.09251015312499992
0 0.565543484375 0.73396568828125 0.054425409375000025 0.08368582343749997
0 0.54345587890625 0.66509792890625 0.062496057812500005 0.0901189859375
0 0.5048906125 0.60950333359375 0.05384104687500004 0.08284463281250005
0 0.45677885390624995 0.5859646515625 0.05977087031249999 0.09313178437499996
0 0.41921924218749995 0.45416226640624996 0.06440764687499997 0.09159492343749998
0 0.36432635859375 0.42895005781249995 0.05817635781249999 0.08928031562499998
0 0.530632125 0.8109690851562501 0.058527237500000065 0.09189891406249995
0 0.5088309992187501 0.7339973453124999 0.0634673109375 0.09121625624999999
0 0.41297090546875 0.587160790625 0.05788668906250005 0.087761659375
0 0.38310375390624996 0.51721786484375 0.06041804531249997 0.0925632828125
0 0.4739202867187499 0.8092587609375 0.06407252968749999 0.09273711875000004
0 0.44442951640625 0.7433673625 0.058505642187500054 0.08868923750000005
0 0.42319970390624995 0.66873402734375 0.06832110468749994 0.09412390156249995
0 0.35681944453125 0.57775890859375 0.05527567343749999 0.08323661093750001
0 0.32297033906249994 0.5033697265625 0.05841312187500001 0.08963958124999998
0 0.28723996406249996 0.4453998515625 0.057693024999999974 0.09093569375000002
0 0.23042238125 0.3888959484375 0.059662571874999994 0.08251145625
0 0.4051513625 0.8081150445312499 0.06551544687500002 0.09140332968749991
0 0.38541211171875 0.7336420648437499 0.06074054843750001 0.09047669843750006
0 0.353930375 0.7777281781250001 0.06191426562499998 0.08785626875000005
0 0.33743508671875 0.7009072046875 0.06366033906250004 0.092306615625
0 0.31453353515625004 0.62918226484375 0.060967695312500014 0.08785906093749993
0 0.2953439484375 0.55509575234375 0.055198184375000015 0.08574923593749997
0 0.2992690015625 0.7694943289062499 0.05329541874999997 0.0912662734374999
0 0.26585470703125 0.7016456 0.061872426562500006 0.09213401562500004
0 0.2550936921875 0.6210894609375 0.059882559375 0.08811524687499998
0 0.22950776484374996 0.5474404039062499 0.06733763906249998 0.09041112031249998
0 0.22717312499999998 0.46107749765624995 0.06133825 0.09059379218750001
0 0.24102217656249997 0.7625587203125 0.061768721875 0.08608005625000006
0 0.20200301484375 0.608977765625 0.05711906718750002 0.08843827812500002
0 0.20162690312499998 0.7413226414062499 0.059504096875 0.09114473281249999
0 0.1219427109375 0.7474401328125 0.0662294125 0.09362533437500006
0 0.086976309375 0.674911603125 0.06606631562500001 0.098484565625
0 0.16622399453124997 0.6763019968749999 0.056469842187499994 0.08581243125000002
0 0.13123406328125 0.6014764328125001 0.0624395109375 0.09096474687499993
0 0.1036598578125 0.5200730124999999 0.07066259687500001 0.0980520125
0 0.18334536562499998 0.53387851796875 0.05756349062499999 0.08885393281249998
0 0.12323388515625 0.43562927890625003 0.05217607656249999 0.0906082234375
0 0.16595056874999997 0.45145509062499994 0.06366759375 0.0947724
0 0.15872404609375002 0.37176477500000005 0.06059875156250001 0.08683638125000001