0 0.5866013070312499 0.04427083359375 0.12254902031249992 0.0854779421875
0 0.62642973828125 0.137101715625 0.1278594765625 0.11182598124999998
0 0.49305555546874996 0.121476715625 0.1102941171875 0.107536765625
0 0.38725490234375004 0.144914215625 0.09558823593750003 0.097426471875
0 0.246936275 0.10753676484375001 0.08047385625000003 0.0870098046875
0 0.14522058828125 0.11688112734375 0.06903594843750001 0.0830269609375
0 0.2220179734375 0.19852941171875 0.07230392187499998 0.08333333281250002
0 0.415236928125 0.23713235312499997 0.09763071875000003 0.09803921562500002
0 0.51879085 0.21875 0.11601307187500005 0.10723039062500002
0 0.7730800656250001 0.2337622546875 0.13357843125000005 0.10661764687500001
0 0.66768790859375 0.32444852968750004 0.11723856093749996 0.100490196875
0 0.79166666640625 0.33287377421875003 0.1380718953125001 0.10569852968749997
0 0.7271241828125 0.43137254921875 0.12581699375 0.10294117656249999
0 0.60906862734375 0.41697303906250005 0.11029411718750008 0.09558823437500004
0 0.55228758203125 0.33624387265625 0.10130718906250005 0.0928308828125
0 0.963643790625 0.5130208328125001 0.07107843124999995 0.10079656874999995
0 0.9025735296874998 0.515625 0.08946078437500002 0.08026960937500008
0 0.794117646875 0.5147058828125 0.09967320312499997 0.06678921562499998
0 0.9587418296875001 0.61351102890625 0.07924836562500008 0.09712009843749998
0 0.8921568624999999 0.59834558828125 0.09640522812499999 0.07965686406249999
0 0.7796160125 0.58992034296875 0.09844771250000006 0.0775122546875
0 0.7640931375 0.66666666640625 0.0951797375 0.07475490156250002
0 0.875408496875 0.6798406867187501 0.10702614375000011 0.08026960781249999
0 0.9601715679687499 0.71691176484375 0.0763888890625001 0.10049019531249996
0 0.7561274515624999 0.84466911796875 0.13398692812499996 0.10906862656249991
0 0.6252042484375 0.816023284375 0.11315359375000007 0.10140931249999996
0 0.6877042484375 0.9198835789062499 0.12377450937500001 0.10447303906250002
0 0.5755718953125 0.9204963234375001 0.109477125 0.09834558750000007
0 0.47569444453125 0.8883272054687499 0.09517973906249999 0.09283088281249992
0 0.5275735296875 0.8207720593750001 0.09926470624999997 0.09375
0 0.4205473859375 0.799632353125 0.08946078437500002 0.08823529375000003
0 0.46875 0.733149509375 0.0951797375 0.09068627500000001
0 0.52941176484375 0.65900735234375 0.10049019531249996 0.09007352968750001
0 0.37377451015625 0.71492034296875 0.08496732031250005 0.08547794218749996
0 0.4303513078125 0.6450674015625 0.08946078437499998 0.08547794062499996
0 0.337826796875 0.6329656859374999 0.08088235312499999 0.078431371875
0 0.29636437890625 0.58685661796875 0.05596405156249999 0.05790441093749994
0 0.3361928109375 0.5545343132812499 0.07189542500000004 0.07291666718750003
0 0.41482843203125 0.56188725546875 0.07557189531250001 0.08026960781250007
0 0.48856209140624995 0.57276348046875 0.0947712421875 0.08854166718749994
0 0.54983660078125 0.50306372578125 0.10130718906249996 0.0912990203125
0 0.46303104609374995 0.4921875 0.08292483593749997 0.08241421562499998
0 0.5083741828124999 0.42064951015625 0.09191176562499992 0.08700980468750004
0 0.3803104578125 0.4875919125 0.07761437812500001 0.078125
0 0.30024509843749997 0.48529411796875 0.07107843124999999 0.07352941093749994
0 0.22099673203124998 0.4888174015624999 0.053104576562500005 0.05667892187500003
0 0.2497957515625 0.434742646875 0.054330065625 0.05943627500000002
0 0.3122957515625 0.426930146875 0.060049018750000016 0.04810049062499999
0 0.3670343140625 0.42478553906250005 0.04289215625000002 0.05116421562500002
0 0.422998365625 0.41574754921874996 0.08210784375000002 0.08210784218749997
0 0.30596405234375 0.37959558828124995 0.05228758281250001 0.05575980468749999
0 0.3607026140625 0.376991421875 0.06127450937500001 0.062193628125
0 0.42830882421875005 0.36427696015625 0.06740196093750002 0.04473039218749997
0 0.46323529375000005 0.3204656859375 0.06944444375000006 0.048406862499999995
0 0.396446078125 0.3189338234375 0.061683006249999964 0.06372549062499999
0 0.33231209140624995 0.3229166671875 0.056781045312499986 0.06127450937500001
0 0.24244281015625 0.27680759765624996 0.056781045312500035 0.06035539218749997
0 0.13745915 0.27742034296874996 0.05269607812500001 0.06280637343750003
0 0.1646241828125 0.33057598046875 0.05637254999999999 0.06433823593749999
0 0.10620915078125001 0.33624387265625 0.049836601562500006 0.06219362656250001
0 0.13950163437500002 0.389399509375 0.051879084374999995 0.0625
0 0.0900735296875 0.39399509843749997 0.0453431375 0.05943627499999997
0 0.11825980390624999 0.4480698531250001 0.0502450984375 0.05974264687500001
0 0.26695261484375 0.90716911796875 0.0861928109375 0.09558823593749999
0 0.1903594765625 0.87469362734375 0.07189542500000001 0.08823529531250003
0 0.22160947734374997 0.8123468132812499 0.08292483593750002 0.0928308828125
0 0.12683823515624998 0.8448223039062501 0.06495097968750001 0.08302696093749998
0 0.1564542484375 0.7849264703125 0.06862745 0.08517156874999995
0 0.08333333359374999 0.7849264703125 0.05555555468749999 0.06678921562500006
0 0.10028594765625001 0.7334558828125 0.0592320265625 0.07107843124999995
0 0.032883986718749994 0.7671568625 0.049428104687499995 0.064338234375
0 0.0459558828125 0.7170649507812501 0.052696078125000004 0.06648284218749997
0 0.09803921640625 0.6591605390625 0.058006535937500006 0.06770833437499997
0 0.01981209140625 0.6726409312499999 0.038807189062500004 0.062806371875
0 0.044117646875 0.61550245078125 0.052287581250000006 0.0637254890625
0 0.06903594765625 0.5595894609375 0.05718954218750001 0.06770833437499997
0 0.02042483671875 0.553462009375 0.0408496734375 0.062193628125