0 0.20078125 0.14270833333333333 0.009375 0.027083333333333334
0 0.17734375 0.225 0.04375 0.09583333333333334
0 0.26875 0.21458333333333332 0.034375 0.052083333333333336
0 0.14453125 0.340625 0.0515625 0.14375
0 0.321875 0.29270833333333335 0.046875 0.12916666666666668
0 0.3578125 0.3145833333333333 0.04375 0.13958333333333334
0 0.39609375 0.3416666666666667 0.0640625 0.15
0 0.4671875 0.3125 0.071875 0.10833333333333334
0 0.45078125 0.4666666666666667 0.0890625 0.19583333333333333
0 0.6015625 0.446875 0.096875 0.19166666666666668
0 0.68125 0.5385416666666667 0.128125 0.22291666666666668