0 0.32366991640625004 0.51680515078125 0.030458114062499986 0.032268564062500005
0 0.34853545078125 0.52782058203125 0.030795010937500013 0.0336515140625
0 0.3756722984375 0.5343158625 0.029155831249999986 0.03216111250000005
0 0.40435645937500003 0.5352332835937499 0.032212518749999974 0.034061951562499984
0 0.40839067109375 0.5645174039062499 0.0290679140625 0.03136242656250001
0 0.38155322968750005 0.56244867734375 0.02938127812500002 0.033907445312499986
0 0.35624721328125003 0.55602228359375 0.030692176562500027 0.03323052343750001
0 0.3290976859375 0.5444046765625 0.031409359375 0.03204935937499993
0 0.30076131953124996 0.5347568546875 0.028656992187499997 0.031568012500000006
0 0.42081394296874997 0.5920987023437501 0.03059759843749994 0.03346210781250001
0 0.39275230703124997 0.59007848515625 0.03191290781249996 0.03391085781249999
0 0.3646881703125 0.583785640625 0.03209871875000001 0.03406691562499997
0 0.340447115625 0.57726721640625 0.03011917500000001 0.033414648437500014
0 0.31407699609375 0.57006825234375 0.028599739062499997 0.03158163906250007
0 0.28865237890625 0.5598702125 0.030407929687500036 0.03271218437499997
0 0.27276101328125 0.582038815625 0.032004832812499995 0.03426698750000003
0 0.29751516640625 0.59072967421875 0.029149257812500017 0.0324639140625
0 0.32271350078125 0.59695413671875 0.031248304687500016 0.03274629843750008
0 0.34938240625 0.60500098515625 0.029545318750000014 0.0312772640625
0 0.37432037500000004 0.61149323359375 0.029773265625 0.03332832343750001
0 0.39943397109375 0.6174367601562499 0.03023260468750002 0.032622176562499924
0 0.42519481406250004 0.6202360085937499 0.03003231875000001 0.033196735937500055
0 0.4345683078125 0.6471323812499999 0.029042468749999984 0.031208665625
0 0.44203096953125 0.676242234375 0.0304769109375 0.033399975000000026
0 0.41633544765624997 0.6716216015625001 0.031100023437500023 0.03199862499999995
0 0.40768225312500006 0.6455227476562501 0.028968531250000006 0.03238874843750006
0 0.382012475 0.6386012234375 0.0322167125 0.03355875937499997
0 0.389504484375 0.66633717265625 0.032691606250000046 0.03390520781249995
0 0.36381660781249997 0.66103859921875 0.031872821875 0.03358837968750006
0 0.35639391171875 0.631666578125 0.03215697031249998 0.03374663437500001
0 0.33026058203124997 0.62596019609375 0.03226079843749998 0.03647525468749997
0 0.30426902343749995 0.61853722890625 0.032929231250000024 0.034320876562499956
0 0.27850564921875 0.60985058671875 0.02967338906250001 0.03296103906249996
0 0.25350339765625 0.60286306171875 0.02858749843749999 0.033005848437499985
0 0.33915719609375 0.652353665625 0.030476914062499992 0.033483331249999984
0 0.31294476953125 0.6467619960937501 0.03090694531249998 0.03372300781249997
0 0.28661018515625003 0.63982727734375 0.03079379843750001 0.032680726562499984
0 0.26245972734375 0.63049095234375 0.031625957812499994 0.0316848796875
0 0.2375746125 0.62335671875 0.029688924999999998 0.03189082812499997
0 0.22602505546875 0.6474204640625001 0.028570439062499987 0.031579381249999997
0 0.24935845468749998 0.6556647703125 0.02945441875000001 0.03152032812499996
0 0.27447745703125 0.66282343515625 0.030640332812500004 0.031596876562499966
0 0.29974995546875 0.66890034453125 0.029689823437499995 0.03296103906249996
0 0.32453959140625 0.67524184296875 0.028702673437499993 0.03106316093750001
0 0.3479232296875 0.6825229617187499 0.03011597499999996 0.032570248437499935
0 0.37464838125 0.68960858984375 0.029011381250000003 0.03308758281250004
0 0.39993856640625003 0.6957187921875001 0.02897498593750005 0.03274420000000004
0 0.42448904687500005 0.70350092421875 0.029060459374999948 0.03058301406249999
0 0.45134848906249997 0.7011901140625 0.02867506250000007 0.030643900000000012
0 0.49283721953125 0.7280990671875001 0.014757514062499944 0.016501015625000014
0 0.5107870015625 0.7247381460937501 0.01631851874999999 0.017850367187500014
0 0.5216936515624999 0.73490036328125 0.012425946875000005 0.015505482812499949
0 0.5350038234375 0.7406691226562501 0.014995562500000049 0.017846439062499986
0 0.532921278125 0.72239318671875 0.015537043750000024 0.017846770312499947
0 0.5477201890625001 0.72490228125 0.01736345312499994 0.018880606250000032
0 0.5530426679687499 0.73996545 0.015571373437499947 0.01710290312499998
0 0.5660699296875 0.746207546875 0.015516162499999986 0.018071049999999998
0 0.5792966054687501 0.7504105921875001 0.01646412656249998 0.01746369687499998
0 0.59170763203125 0.73397813515625 0.0159244765625 0.01837574531249997
0 0.63656860234375 0.7644525476562499 0.03712231718750001 0.04081626406250001
0 0.66976989921875 0.7766078171874999 0.03955469531250007 0.041984834375
0 0.695581628125 0.7505144171875 0.03956105624999999 0.040945037500000045
0 0.70712485703125 0.7847956187499999 0.04117300468750003 0.04265479374999996
0 0.74510014609375 0.795757528125 0.037924517187499965 0.04253794062500003
0 0.7834951070312499 0.8062708437499999 0.04104932031249993 0.045021725000000054
0 0.81976474765625 0.8140553531249999 0.039490351562499984 0.04341015624999996
0 0.8558046921875 0.82478361171875 0.040089003125000036 0.04263752031250014
0 0.8887988046874999 0.8161639335937501 0.04023359062499985 0.04290721406250011
0 0.8778471648437499 0.78366863125 0.038642745312500004 0.04241378124999997
0 0.84430867578125 0.787906659375 0.03917923906249996 0.042211584375000034
0 0.8091501734375001 0.77970357421875 0.036766900000000026 0.04078176406250007
0 0.7723165046875 0.77384735625 0.04028467500000001 0.04309292500000002
0 0.7321993359375 0.75962605234375 0.039527240624999925 0.042310789062500034
0 0.65993979296875 0.7371935984375 0.0370139703125 0.03839967187499997
0 0.6224891390625 0.7278627531249999 0.03639548750000001 0.03957631562500001
0 0.6517498007812501 0.6954366046875 0.03536497656249997 0.041072337499999986
0 0.6851549046875001 0.7139019046875 0.037095196875 0.04114128749999999
0 0.72109891640625 0.7266295046875 0.039248904687500016 0.041633021874999974
0 0.760088134375 0.73830226171875 0.03968839062500003 0.0425234921875
0 0.79714000859375 0.7469509296875 0.0379345984375 0.04063572187500002
0 0.83352375703125 0.75366203828125 0.04092442031250006 0.04333384843749997
0 0.8230429484374999 0.7188993265625 0.040273096874999935 0.04276061562500004
0 0.7820784828124999 0.7086892648437499 0.03730830000000003 0.04183530156249997
0 0.7849692445312499 0.6725827992187501 0.039402657812499964 0.043276948437500004
0 0.73854892578125 0.6697788375 0.04183975468749992 0.044804434375000035
0 0.74787418046875 0.7053898328125 0.04117175156249999 0.04378617499999997
0 0.70968608046875 0.69045724921875 0.04058247968750006 0.042836473437499925