0 0.10079508203125001 0.48603283203125003 0.0683882015625 0.0860891921875
0 0.13664053671874998 0.5534968242187499 0.053183864062499996 0.07005289218750006
0 0.06049118437500001 0.4504400890625 0.060130284374999995 0.08146936250000003
0 0.17864081562499998 0.53399438671875 0.04450176874999998 0.05292905781249999
0 0.1637721765625 0.58212170078125 0.040787365625 0.04866015468749998
0 0.19759936875 0.6218506140625 0.04382991562500001 0.04827413125
0 0.20502766015625 0.57695128203125 0.043136726562500005 0.04980229218750001
0 0.23765136875 0.6118393867187499 0.03785777187499999 0.04655340468749998
0 0.282138878125 0.60455806171875 0.03879643125000003 0.048702595312499944
0 0.25152847109375 0.567841784375 0.039944323437500005 0.04592917500000002
0 0.22577979531250003 0.52606061171875 0.039880812499999994 0.04997370156249996
0 0.23615607109374998 0.4776912765625 0.03623934531250002 0.05045592187499999
0 0.2696534046875 0.5182151796875 0.04216986875000002 0.04365459062500001
0 0.29391427812500004 0.56057971328125 0.03638671250000001 0.04387629531250008
0 0.32480309609375 0.5947606515625 0.03879642968749999 0.046643978124999916
0 0.33503335390625 0.54973851015625 0.040253823437500016 0.04795510468749997
0 0.34843994843750004 0.502796734375 0.03945968125000001 0.047091834375000016
0 0.37747386796875004 0.54210391484375 0.038102460937499985 0.04723047968749992
0 0.36403851484375 0.58687826484375 0.037420364062500024 0.047066539062500024
0 0.40132847109374997 0.5849849 0.039931035937499984 0.04813543437500005
0 0.407254840625 0.5012747507812501 0.04130440937499995 0.04900727031250005
0 0.4316735578125 0.54037687421875 0.03491176562499998 0.04622810468749998
0 0.5123305960937501 0.44560499609375004 0.07361682656249995 0.09651590468750001
0 0.5893234617187499 0.43428712890625 0.08007360156250005 0.09948600468750005
0 0.66807963125 0.40357711796875 0.07680355937499997 0.10469386406249996
0 0.54824040078125 0.3438137671875 0.07654266718749998 0.10384745624999998
0 0.524172028125 0.5446918921874999 0.0806161125 0.09921065312499992
0 0.59823568125 0.5325226453124999 0.07566884062499994 0.09950999062500002
0 0.67128551015625 0.5028618734375 0.08260988281249997 0.09732872500000003
0 0.73925217265625 0.5023183679687501 0.06435527343750005 0.09295308281250003
0 0.880119709375 0.32452890546875 0.07906115312500006 0.10079930468749998
0 0.9744820390625 0.43035456484375 0.051035921875000057 0.12276718906249999
0 0.88754886953125 0.5155188140625 0.08000194531249996 0.07297827187499992
0 0.9061793085937501 0.44564861953125 0.0822696921875 0.11811058593750005