0 0.5877403846153846 0.036057692307692304 0.14903846153846154 0.07211538461538461
0 0.7439903846153846 0.03485576923076923 0.14903846153846154 0.06971153846153846
0 0.43149038461538464 0.037259615384615384 0.15144230769230768 0.07451923076923077
0 0.27163461538461536 0.037259615384615384 0.14423076923076922 0.07451923076923077
0 0.11658653846153846 0.037259615384615384 0.14182692307692307 0.06971153846153846
0 0.8990384615384616 0.042067307692307696 0.14423076923076922 0.08413461538461539
0 0.49449519230769234 0.4411057692307692 0.15625 0.2403846153846154
0 0.3346153846153846 0.4411057692307692 0.15625 0.23798076923076922
0 0.6531490384615384 0.4423076923076923 0.15625 0.23798076923076922
0 0.8149038461538461 0.44471153846153844 0.15625 0.23798076923076922
0 0.1778846153846154 0.44591346153846156 0.15144230769230768 0.23317307692307693
0 0.9447115384615384 0.4519230769230769 0.10576923076923077 0.23798076923076922
0 0.052884615384615384 0.453125 0.10576923076923077 0.22596153846153846
0 0.4182692307692308 0.6418269230769231 0.15144230769230768 0.2283653846153846
0 0.5733173076923077 0.6466346153846154 0.15384615384615385 0.23798076923076922
0 0.2637259615384615 0.6478365384615384 0.15144230769230765 0.23076923076923078
0 0.7307692307692307 0.6478365384615384 0.15625 0.23557692307692307
0 0.11057692307692307 0.6478365384615384 0.14903846153846154 0.23317307692307693
0 0.8858173076923077 0.6502403846153846 0.15384615384615385 0.2283653846153846
0 0.056490384615384616 0.8521634615384616 0.11298076923076923 0.2283653846153846
0 0.9411057692307693 0.8634375 0.11538461538461539 0.23557692307692307
0 0.18507211538461538 0.8653846153846154 0.14903846153846154 0.22596153846153846
0 0.8088942307692307 0.8653846153846154 0.15144230769230768 0.23076923076923078
0 0.33653846153846156 0.8653846153846154 0.15384615384615385 0.23076923076923078
0 0.49329326923076927 0.8665865384615384 0.15384615384615385 0.23317307692307693
0 0.6514423076923077 0.8737980769230769 0.15384615384615385 0.23076923076923078
0 0.056490384615384616 0.1622596153846154 0.11298076923076923 0.23557692307692307
0 0.6689903846153846 0.16466346153846154 0.15625 0.23798076923076922
0 0.5091105769230769 0.16466346153846154 0.15865384615384615 0.2403846153846154
0 0.19110576923076922 0.16826923076923078 0.15625 0.23798076923076922
0 0.34975961538461536 0.16947115384615385 0.15625 0.23798076923076922
0 0.8245192307692307 0.17067307692307693 0.15144230769230768 0.23317307692307693
0 0.9495192307692307 0.17067307692307693 0.0985576923076923 0.23798076923076922