0 0.8485576923076923 0.25240384615384615 0.06009615384615385 0.08653846153846154
0 0.9074519230769231 0.2536057692307692 0.057692307692307696 0.08413461538461539
0 0.9663461538461539 0.25721153846153844 0.057692307692307696 0.08173076923076923
0 0.19110576923076922 0.25961538461538464 0.052884615384615384 0.08413461538461539
0 0.609375 0.2608173076923077 0.057692307692307696 0.08413461538461539
0 0.7259615384615384 0.2620192307692308 0.06009615384615385 0.08413461538461539
0 0.6670673076923077 0.2620192307692308 0.057692307692307696 0.08413461538461539
0 0.13701923076923078 0.2620192307692308 0.05048076923076923 0.08173076923076923
0 0.08413461538461539 0.26322115384615385 0.05048076923076923 0.07932692307692307
0 0.3713942307692308 0.2956730769230769 0.0673076923076923 0.09615384615384616
0 0.43990384615384615 0.296875 0.0673076923076923 0.0985576923076923
0 0.30528846153846156 0.2980769230769231 0.06490384615384616 0.09375
0 0.2403846153846154 0.2980769230769231 0.0625 0.09375
0 0.8245192307692307 0.3269230769230769 0.057692307692307696 0.0889423076923077
0 0.8822115384615384 0.33052884615384615 0.057692307692307696 0.08653846153846154
0 0.9411057692307693 0.33052884615384615 0.057692307692307696 0.08653846153846154
0 0.984375 0.3329326923076923 0.028846153846153848 0.0889423076923077
0 0.15985576923076922 0.3329326923076923 0.052884615384615384 0.08413461538461539
0 0.5793269230769231 0.33413461538461536 0.06009615384615385 0.08653846153846154
0 0.054086538461538464 0.33533653846153844 0.052884615384615384 0.08413461538461539
0 0.2127403846153846 0.33533653846153844 0.052884615384615384 0.07692307692307693
0 0.10697115384615384 0.33533653846153844 0.052884615384615384 0.08413461538461539
0 0.6382211538461539 0.33533653846153844 0.057692307692307696 0.08413461538461539
0 0.7572115384615384 0.33653846153846156 0.057692307692307696 0.08653846153846154
0 0.33533653846153844 0.38221153846153844 0.06490384615384616 0.0985576923076923
0 0.4026442307692308 0.38221153846153844 0.0673076923076923 0.10336538461538461
0 0.2692307692307692 0.38341346153846156 0.06490384615384616 0.0985576923076923
0 0.18389423076923078 0.40625 0.057692307692307696 0.08653846153846154
0 0.9146634615384616 0.4074519230769231 0.057692307692307696 0.0889423076923077
0 0.07572115384615384 0.4074519230769231 0.05048076923076923 0.08413461538461539
0 0.12860576923076922 0.4074519230769231 0.052884615384615384 0.08653846153846154
0 0.8545673076923077 0.4074519230769231 0.06009615384615385 0.0889423076923077
0 0.9711538461538461 0.40865384615384615 0.052884615384615384 0.09134615384615384
0 0.6694711538461539 0.4110576923076923 0.057692307692307696 0.0889423076923077
0 0.7307692307692307 0.4110576923076923 0.06009615384615385 0.0889423076923077
0 0.609375 0.41225961538461536 0.06009615384615385 0.08653846153846154
0 0.06610576923076923 0.5360576923076923 0.055288461538461536 0.0889423076923077
0 0.1201923076923077 0.5384615384615384 0.055288461538461536 0.08653846153846154
0 0.1778846153846154 0.5396634615384616 0.057692307692307696 0.09134615384615384
0 0.28725961538461536 0.5420673076923077 0.0625 0.09375
0 0.35096153846153844 0.5432692307692307 0.06009615384615385 0.09615384615384616
0 0.41466346153846156 0.5444711538461539 0.06490384615384616 0.09615384615384616
0 0.9579326923076923 0.5480769230769231 0.057692307692307696 0.0889423076923077
0 0.5997596153846154 0.5480769230769231 0.06009615384615385 0.09134615384615384
0 0.8413461538461539 0.5480769230769231 0.06009615384615385 0.08653846153846154
0 0.6610576923076923 0.5492788461538461 0.06009615384615385 0.09134615384615384
0 0.9002403846153846 0.5492788461538461 0.06009615384615385 0.0889423076923077
0 0.7211538461538461 0.5492788461538461 0.06009615384615385 0.09134615384615384
0 0.03485576923076923 0.6117788461538461 0.055288461538461536 0.08653846153846154
0 0.5793269230769231 0.0625 0.057692307692307696 0.07932692307692307
0 0.6935096153846154 0.0625 0.057692307692307696 0.07932692307692307
0 0.6358173076923077 0.0625 0.055288461538461536 0.07692307692307693
0 0.75 0.06370192307692307 0.055288461538461536 0.07932692307692307
0 0.09014423076923077 0.6141826923076923 0.055288461538461536 0.0889423076923077
0 0.20192307692307693 0.6201923076923077 0.055288461538461536 0.09134615384615384
0 0.2548076923076923 0.6237980769230769 0.0625 0.09615384615384616
0 0.8149038461538461 0.6262019230769231 0.06009615384615385 0.09134615384615384
0 0.8725961538461539 0.6262019230769231 0.057692307692307696 0.09134615384615384
0 0.3173076923076923 0.6262019230769231 0.06490384615384616 0.09615384615384616
0 0.9314903846153846 0.6262019230769231 0.057692307692307696 0.0889423076923077
0 0.9795673076923077 0.6274038461538461 0.038461538461538464 0.09375
0 0.38100961538461536 0.6286057692307693 0.0625 0.09615384615384616
0 0.6298076923076923 0.6286057692307693 0.06009615384615385 0.09134615384615384
0 0.6911057692307693 0.6286057692307693 0.06009615384615385 0.09134615384615384
0 0.7524038461538461 0.6286057692307693 0.06009615384615385 0.09134615384615384
0 0.5685096153846154 0.6298076923076923 0.06009615384615385 0.09134615384615384
0 0.44591346153846156 0.6310096153846154 0.06009615384615385 0.09615384615384616
0 0.06009615384615385 0.6899038461538461 0.055288461538461536 0.0889423076923077
0 0.11538461538461539 0.6947115384615384 0.055288461538461536 0.09134615384615384
0 0.171875 0.6995192307692307 0.057692307692307696 0.09134615384615384
0 0.9026442307692307 0.7055288461538461 0.06009615384615385 0.09134615384615384
0 0.8449519230769231 0.7055288461538461 0.06009615384615385 0.0889423076923077
0 0.9627403846153846 0.7055288461538461 0.057692307692307696 0.0889423076923077
0 0.5985576923076923 0.7091346153846154 0.0625 0.09134615384615384
0 0.7223557692307693 0.7091346153846154 0.0625 0.09375
0 0.2848557692307692 0.7091346153846154 0.0625 0.0985576923076923
0 0.6610576923076923 0.7103365384615384 0.06009615384615385 0.09134615384615384
0 0.8605769230769231 0.07211538461538461 0.055288461538461536 0.07932692307692307
0 0.8052884615384616 0.07211538461538461 0.055288461538461536 0.08173076923076923
0 0.9158653846153846 0.0733173076923077 0.055288461538461536 0.07932692307692307
0 0.3473557692307692 0.7127403846153846 0.0625 0.10096153846153846
0 0.41225961538461536 0.7151442307692307 0.06490384615384616 0.10096153846153846
0 0.9711538461538461 0.07451923076923077 0.055288461538461536 0.07932692307692307
0 0.9567307692307693 0.8389423076923077 0.06009615384615385 0.09375
0 0.8978365384615384 0.8389423076923077 0.057692307692307696 0.09134615384615384
0 0.8389423076923077 0.8401442307692307 0.06009615384615385 0.09134615384615384
0 0.7175480769230769 0.8425480769230769 0.06009615384615385 0.09134615384615384
0 0.6574519230769231 0.84375 0.06009615384615385 0.09134615384615384
0 0.5961538461538461 0.8449519230769231 0.0625 0.09134615384615384
0 0.020432692307692308 0.8545673076923077 0.040865384615384616 0.10336538461538461
0 0.0733173076923077 0.859375 0.0625 0.10096153846153846
0 0.13822115384615385 0.8641826923076923 0.0625 0.10336538461538461
0 0.27283653846153844 0.8725961538461539 0.0673076923076923 0.10336538461538461
0 0.3401442307692308 0.8774038461538461 0.0673076923076923 0.10576923076923077
0 0.40865384615384615 0.8822115384615384 0.0673076923076923 0.10576923076923077
0 0.9278846153846154 0.9194711538461539 0.057692307692307696 0.09375
0 0.9783653846153846 0.9194711538461539 0.038461538461538464 0.0985576923076923
0 0.8701923076923077 0.9206730769230769 0.06009615384615385 0.09134615384615384
0 0.8100961538461539 0.921875 0.06009615384615385 0.09375
0 0.7487980769230769 0.921875 0.06009615384615385 0.09375
0 0.6875 0.9230769230769231 0.06009615384615385 0.09134615384615384
0 0.6274038461538461 0.9254807692307693 0.06009615384615385 0.09134615384615384
0 0.5649038461538461 0.9254807692307693 0.0625 0.09134615384615384
0 0.036057692307692304 0.9471153846153846 0.06971153846153846 0.10096153846153846
0 0.10096153846153846 0.9495192307692307 0.06490384615384616 0.10096153846153846
0 0.16706730769230768 0.9519230769230769 0.0673076923076923 0.09134615384615384
0 0.23798076923076922 0.9543269230769231 0.0673076923076923 0.08653846153846154
0 0.30528846153846156 0.9543269230769231 0.06971153846153846 0.08653846153846154
0 0.3737980769230769 0.9567307692307693 0.06971153846153846 0.08173076923076923
0 0.44471153846153844 0.9591346153846154 0.07211538461538461 0.07692307692307693
0 0.9014423076923077 0.9759615384615384 0.06009615384615385 0.04326923076923077
0 0.8401442307692307 0.9759615384615384 0.06009615384615385 0.04326923076923077
0 0.9627403846153846 0.9759615384615384 0.06490384615384616 0.04326923076923077
0 0.71875 0.9771634615384616 0.0625 0.04326923076923077
0 0.6586538461538461 0.9783653846153846 0.0625 0.038461538461538464
0 0.5961538461538461 0.9783653846153846 0.0625 0.038461538461538464
0 0.7247596153846154 0.13221153846153846 0.057692307692307696 0.08173076923076923
0 0.6670673076923077 0.13221153846153846 0.057692307692307696 0.08173076923076923
0 0.6081730769230769 0.13341346153846154 0.057692307692307696 0.08173076923076923
0 0.8353365384615384 0.140625 0.057692307692307696 0.08173076923076923
0 0.8918269230769231 0.14182692307692307 0.055288461538461536 0.08173076923076923
0 0.9471153846153846 0.14302884615384615 0.055288461538461536 0.07932692307692307
0 0.6057692307692307 0.016826923076923076 0.057692307692307696 0.03365384615384615
0 0.7199519230769231 0.018028846153846152 0.06009615384615385 0.036057692307692304
0 0.6634615384615384 0.018028846153846152 0.057692307692307696 0.036057692307692304
0 0.8293269230769231 0.020432692307692308 0.055288461538461536 0.040865384615384616
0 0.8858173076923077 0.02283653846153846 0.06009615384615385 0.04567307692307692
0 0.40625 0.21153846153846154 0.0673076923076923 0.09375
0 0.3401442307692308 0.2127403846153846 0.0625 0.09615384615384616
0 0.2764423076923077 0.21514423076923078 0.0625 0.09375
0 0.9411057692307693 0.02283653846153846 0.06009615384615385 0.04567307692307692