0 0.5793269230769231 0.2536057692307692 0.055288461538461536 0.10336538461538461
0 0.6430288461538461 0.27283653846153844 0.06009615384615385 0.0889423076923077
0 0.7103365384615384 0.2764423076923077 0.0625 0.10336538461538461
0 0.7752403846153846 0.28725961538461536 0.06009615384615385 0.10096153846153846
0 0.8341346153846154 0.30528846153846156 0.0625 0.10576923076923077
0 0.9146634615384616 0.3161057692307692 0.0625 0.11057692307692307
0 0.9747596153846154 0.328125 0.04807692307692308 0.11298076923076923
0 0.5697115384615384 0.359375 0.057692307692307696 0.10336538461538461
0 0.6382211538461539 0.37259615384615385 0.06009615384615385 0.10096153846153846
0 0.7091346153846154 0.38341346153846156 0.0625 0.10576923076923077
0 0.78125 0.390625 0.06009615384615385 0.10817307692307693
0 0.8401442307692307 0.4170673076923077 0.0673076923076923 0.11057692307692307
0 0.9086538461538461 0.43028846153846156 0.0673076923076923 0.11057692307692307
0 0.9735576923076923 0.4411057692307692 0.05048076923076923 0.11778846153846154
0 0.6490384615384616 0.04567307692307692 0.08173076923076923 0.09134615384615384
0 0.04447115384615385 0.4519230769230769 0.0889423076923077 0.3245192307692308
0 0.5673076923076923 0.46033653846153844 0.052884615384615384 0.10096153846153846
0 0.8064903846153846 0.04927884615384615 0.0889423076923077 0.0985576923076923
0 0.6213942307692307 0.47596153846153844 0.057692307692307696 0.10336538461538461
0 0.8990384615384616 0.04927884615384615 0.0985576923076923 0.0985576923076923
0 0.6838942307692307 0.49278846153846156 0.057692307692307696 0.10336538461538461
0 0.7463942307692307 0.5096153846153846 0.0625 0.10817307692307693
0 0.18629807692307693 0.5192307692307693 0.17067307692307693 0.33653846153846156
0 0.8125 0.5252403846153846 0.06490384615384616 0.10817307692307693
0 0.8858173076923077 0.5396634615384616 0.06009615384615385 0.10576923076923077
0 0.9459134615384616 0.5612980769230769 0.0673076923076923 0.10817307692307693
0 0.5625 0.5697115384615384 0.057692307692307696 0.10576923076923077
0 0.6225961538461539 0.5853365384615384 0.055288461538461536 0.10336538461538461
0 0.6899038461538461 0.5985576923076923 0.057692307692307696 0.10576923076923077
0 0.75 0.6201923076923077 0.0625 0.10576923076923077
0 0.8197115384615384 0.6370192307692307 0.0625 0.10817307692307693
0 0.8846153846153846 0.6574519230769231 0.0625 0.11298076923076923
0 0.9591346153846154 0.6802884615384616 0.06971153846153846 0.11538461538461539
0 0.4519230769230769 0.6850961538461539 0.055288461538461536 0.10336538461538461
0 0.42788461538461536 0.06971153846153846 0.07451923076923077 0.13942307692307693
0 0.25240384615384615 0.07091346153846154 0.057692307692307696 0.12259615384615384
0 0.5144230769230769 0.7019230769230769 0.055288461538461536 0.10096153846153846
0 0.5733173076923077 0.7259615384615384 0.055288461538461536 0.10336538461538461
0 0.30649038461538464 0.07451923076923077 0.06490384615384616 0.12259615384615384
0 0.6370192307692307 0.7403846153846154 0.057692307692307696 0.10576923076923077
0 0.09254807692307693 0.7427884615384616 0.1466346153846154 0.31490384615384615
0 0.6935096153846154 0.7716346153846154 0.0625 0.10576923076923077
0 0.45913461538461536 0.7884615384615384 0.055288461538461536 0.10096153846153846
0 0.7572115384615384 0.796875 0.0625 0.10576923076923077
0 0.5228365384615384 0.8040865384615384 0.055288461538461536 0.10096153846153846
0 0.8233173076923077 0.8209134615384616 0.06490384615384616 0.11057692307692307
0 0.5769230769230769 0.8317307692307693 0.057692307692307696 0.10096153846153846
0 0.9026442307692307 0.8461538461538461 0.0673076923076923 0.11057692307692307
0 0.6358173076923077 0.8509615384615384 0.055288461538461536 0.10096153846153846
0 0.5697115384615384 0.08653846153846154 0.07692307692307693 0.13942307692307693
0 0.9699519230769231 0.8701923076923077 0.06009615384615385 0.11298076923076923
0 0.6935096153846154 0.8774038461538461 0.057692307692307696 0.10336538461538461
0 0.46274038461538464 0.8834134615384616 0.05048076923076923 0.0985576923076923
0 0.5228365384615384 0.9074519230769231 0.052884615384615384 0.10096153846153846
0 0.7572115384615384 0.9074519230769231 0.06009615384615385 0.10576923076923077
0 0.19591346153846154 0.9314903846153846 0.15865384615384615 0.13221153846153846
0 0.8209134615384616 0.9338942307692307 0.06490384615384616 0.11057692307692307
0 0.5721153846153846 0.9399038461538461 0.055288461538461536 0.10096153846153846
0 0.8978365384615384 0.9507211538461539 0.06971153846153846 0.09375
0 0.6418269230769231 0.9519230769230769 0.055288461538461536 0.09134615384615384
0 0.9651442307692307 0.9603365384615384 0.0673076923076923 0.07451923076923077
0 0.4651442307692308 0.9675480769230769 0.052884615384615384 0.06490384615384616
0 0.6911057692307693 0.9675480769230769 0.06009615384615385 0.06490384615384616
0 0.5240384615384616 0.9735576923076923 0.055288461538461536 0.04807692307692308
0 0.359375 0.10576923076923077 0.07451923076923077 0.1346153846153846
0 0.7127403846153846 0.13221153846153846 0.08653846153846154 0.1466346153846154
0 0.057692307692307696 0.140625 0.11538461538461539 0.28125
0 0.4951923076923077 0.140625 0.07451923076923077 0.13942307692307693
0 0.6358173076923077 0.16346153846153846 0.08413461538461539 0.14423076923076922
0 0.19951923076923078 0.16706730769230768 0.17067307692307693 0.3269230769230769
0 0.8004807692307693 0.171875 0.08653846153846154 0.1466346153846154
0 0.8882211538461539 0.17307692307692307 0.09375 0.14903846153846154
0 0.06370192307692307 0.9026442307692307 0.12740384615384615 0.19471153846153846