0 0.23046875 0.684765625 0.1046875 0.14765625
0 0.240625 0.83046875 0.10625 0.1484375
0 0.32890625 0.734375 0.0984375 0.128125
0 0.334375 0.866015625 0.096875 0.13203125
0 0.421875 0.932421875 0.096875 0.13359375
0 0.41640625 0.79609375 0.0953125 0.1296875
0 0.41328125 0.653515625 0.0984375 0.14765625
0 0.31875 0.603515625 0.06875 0.10703125
0 0.50390625 0.71953125 0.0984375 0.1390625
0 0.50390625 0.85859375 0.0953125 0.1328125
0 0.5953125 0.777734375 0.096875 0.13671875
0 0.58671875 0.637890625 0.0984375 0.14140625
0 0.57890625 0.491015625 0.0765625 0.11015625
0 0.496875 0.575390625 0.1 0.14453125
0 0.67890625 0.698828125 0.0953125 0.13515625
0 0.68046875 0.835546875 0.0953125 0.13046875
0 0.67421875 0.952734375 0.0921875 0.09296875
0 0.59140625 0.915234375 0.0953125 0.13046875
0 0.66796875 0.553515625 0.0953125 0.14453125
0 0.409375 0.502734375 0.1 0.14609375
0 0.82265625 0.723046875 0.2359375 0.40546875