0 0.27524038461538464 0.25961538461538464 0.057692307692307696 0.0985576923076923
0 0.2127403846153846 0.3016826923076923 0.04567307692307692 0.09134615384615384
0 0.2439903846153846 0.33413461538461536 0.055288461538461536 0.09375
0 0.3137019230769231 0.34375 0.052884615384615384 0.09375
0 0.3641826923076923 0.34615384615384615 0.06009615384615385 0.10096153846153846
0 0.18990384615384615 0.3762019230769231 0.04567307692307692 0.0889423076923077
0 0.23076923076923078 0.4074519230769231 0.04567307692307692 0.08653846153846154
0 0.27884615384615385 0.41466346153846156 0.05048076923076923 0.09134615384615384
0 0.328125 0.4338942307692308 0.057692307692307696 0.0985576923076923
0 0.3870192307692308 0.4387019230769231 0.0625 0.10096153846153846
0 0.14783653846153846 0.4567307692307692 0.04807692307692308 0.0889423076923077
0 0.20192307692307693 0.4855769230769231 0.04807692307692308 0.0889423076923077
0 0.25240384615384615 0.49158653846153844 0.05048076923076923 0.0889423076923077
0 0.30408653846153844 0.5 0.052884615384615384 0.09375
0 0.13581730769230768 0.5192307692307693 0.04326923076923077 0.08173076923076923
0 0.36177884615384615 0.5216346153846154 0.06009615384615385 0.09615384615384616
0 0.4266826923076923 0.5252403846153846 0.06009615384615385 0.0985576923076923
0 0.17067307692307693 0.5552884615384616 0.04807692307692308 0.08653846153846154
0 0.22596153846153846 0.5673076923076923 0.05048076923076923 0.0889423076923077
0 0.2776442307692308 0.5757211538461539 0.05048076923076923 0.0889423076923077
0 0.11899038461538461 0.5865384615384616 0.04326923076923077 0.07932692307692307
0 0.328125 0.5889423076923077 0.057692307692307696 0.09134615384615384
0 0.3942307692307692 0.6069711538461539 0.057692307692307696 0.09615384615384616
0 0.16105769230769232 0.6177884615384616 0.04326923076923077 0.07932692307692307
0 0.45072115384615385 0.6225961538461539 0.0625 0.10096153846153846
0 0.20072115384615385 0.6394230769230769 0.04807692307692308 0.08413461538461539
0 0.10096153846153846 0.6466346153846154 0.040865384615384616 0.07692307692307693
0 0.2548076923076923 0.6478365384615384 0.05048076923076923 0.08653846153846154
0 0.30408653846153844 0.6598557692307693 0.055288461538461536 0.0889423076923077
0 0.36177884615384615 0.6658653846153846 0.057692307692307696 0.0889423076923077
0 0.14302884615384615 0.6778846153846154 0.04326923076923077 0.07932692307692307
0 0.18870192307692307 0.6923076923076923 0.04326923076923077 0.07451923076923077
0 0.42788461538461536 0.6935096153846154 0.0625 0.09375
0 0.4987980769230769 0.6959134615384616 0.06490384615384616 0.09375
0 0.5685096153846154 0.6983173076923077 0.06490384615384616 0.0985576923076923
0 0.6358173076923077 0.7139423076923077 0.06971153846153846 0.10096153846153846
0 0.22956730769230768 0.7151442307692307 0.04326923076923077 0.07932692307692307
0 0.27163461538461536 0.734375 0.05048076923076923 0.08653846153846154
0 0.12139423076923077 0.7355769230769231 0.040865384615384616 0.07451923076923077
0 0.17427884615384615 0.7451923076923077 0.040865384615384616 0.07211538461538461
0 0.3293269230769231 0.7451923076923077 0.055288461538461536 0.08413461538461539
0 0.3954326923076923 0.7451923076923077 0.057692307692307696 0.08653846153846154
0 0.4735576923076923 0.7584134615384616 0.057692307692307696 0.08653846153846154
0 0.21394230769230768 0.7644230769230769 0.04567307692307692 0.07692307692307693
0 0.53125 0.7836538461538461 0.06490384615384616 0.09134615384615384
0 0.25841346153846156 0.7908653846153846 0.04807692307692308 0.07932692307692307
0 0.6706730769230769 0.7932692307692307 0.06971153846153846 0.09615384615384616
0 0.5985576923076923 0.7944711538461539 0.06971153846153846 0.09375
0 0.3125 0.8028846153846154 0.052884615384615384 0.08173076923076923
0 0.3713942307692308 0.8100961538461539 0.055288461538461536 0.08413461538461539
0 0.13822115384615385 0.8112980769230769 0.040865384615384616 0.07451923076923077
0 0.43028846153846156 0.8245192307692307 0.057692307692307696 0.08653846153846154
0 0.18269230769230768 0.8293269230769231 0.04326923076923077 0.07451923076923077
0 0.23557692307692307 0.8413461538461539 0.04807692307692308 0.07692307692307693
0 0.5036057692307693 0.8461538461538461 0.0625 0.0889423076923077
0 0.5673076923076923 0.8569711538461539 0.06009615384615385 0.08413461538461539
0 0.28966346153846156 0.8629807692307693 0.04807692307692308 0.07932692307692307
0 0.7127403846153846 0.875 0.0673076923076923 0.09615384615384616
0 0.3425480769230769 0.8786057692307693 0.052884615384615384 0.07932692307692307
0 0.6310096153846154 0.8798076923076923 0.06490384615384616 0.0889423076923077
0 0.40865384615384615 0.8810096153846154 0.057692307692307696 0.08173076923076923
0 0.15625 0.8834134615384616 0.04326923076923077 0.07211538461538461
0 0.46634615384615385 0.8942307692307693 0.057692307692307696 0.08173076923076923
0 0.21153846153846154 0.8990384615384616 0.04567307692307692 0.07211538461538461
0 0.265625 0.9086538461538461 0.04807692307692308 0.06971153846153846
0 0.5324519230769231 0.9290865384615384 0.06009615384615385 0.08413461538461539
0 0.32572115384615385 0.9302884615384616 0.05048076923076923 0.07211538461538461
0 0.1935096153846154 0.9387019230769231 0.04326923076923077 0.06971153846153846
0 0.8798076923076923 0.9387019230769231 0.07451923076923077 0.09375
0 0.38341346153846156 0.9399038461538461 0.052884615384615384 0.07692307692307693
0 0.5961538461538461 0.9459134615384616 0.06490384615384616 0.08413461538461539
0 0.4375 0.9579326923076923 0.055288461538461536 0.07932692307692307
0 0.24639423076923078 0.9591346153846154 0.04567307692307692 0.07211538461538461
0 0.671875 0.9579326923076923 0.06971153846153846 0.07932692307692307
0 0.7415865384615384 0.9639423076923077 0.07211538461538461 0.0673076923076923
0 0.49399038461538464 0.9651442307692307 0.06009615384615385 0.06490384615384616
0 0.2956730769230769 0.9675480769230769 0.05048076923076923 0.06009615384615385
0 0.8149038461538461 0.9699519230769231 0.07692307692307693 0.057692307692307696
0 0.359375 0.9771634615384616 0.05048076923076923 0.04326923076923077