0 0.8810096153846154 0.3798076923076923 0.15865384615384615 0.28365384615384615
0 0.2980769230769231 0.3918269230769231 0.21153846153846154 0.33653846153846156
0 0.6574519230769231 0.43028846153846156 0.16346153846153846 0.2860576923076923
0 0.4651442307692308 0.47115384615384615 0.16346153846153846 0.2956730769230769
0 0.8762019230769231 0.6887019230769231 0.15865384615384615 0.2860576923076923
0 0.19110576923076922 0.71875 0.2091346153846154 0.33413461538461536
0 0.6189903846153846 0.7271634615384616 0.17067307692307693 0.28846153846153844
0 0.3870192307692308 0.7932692307692307 0.17548076923076922 0.2860576923076923
0 0.1935096153846154 0.8930288461538461 0.1875 0.20432692307692307
0 0.8617788461538461 0.9338942307692307 0.17548076923076922 0.12740384615384615
0 0.5637019230769231 0.15625 0.17548076923076922 0.2980769230769231
0 0.7415865384615384 0.1658653846153846 0.16105769230769232 0.28365384615384615
0 0.14903846153846154 0.16826923076923078 0.2283653846153846 0.33653846153846156
0 0.38221153846153844 0.23557692307692307 0.17548076923076922 0.2932692307692308