0 0.490625 0.494921875 0.15625 0.22109375
0 0.33203125 0.51875 0.1515625 0.21875
0 0.17734375 0.541015625 0.1515625 0.21640625
0 0.65625 0.538671875 0.165625 0.23671875
0 0.6578125 0.538671875 0.1625 0.23359375
0 0.82421875 0.55390625 0.1609375 0.2296875
0 0.89140625 0.766796875 0.1578125 0.22421875
0 0.72734375 0.75546875 0.1640625 0.2484375
0 0.5625 0.745703125 0.15625 0.23828125
0 0.41171875 0.724609375 0.1421875 0.22109375
0 0.25724945078125006 0.7573005679687499 0.16137390156250003 0.21508636406250004
0 0.1078125 0.71015625 0.140625 0.2109375
0 0.79453125 0.9125 0.1515625 0.175
0 0.63828125 0.9078125 0.1515625 0.184375
0 0.48359375 0.923828125 0.1515625 0.15078125
0 0.3296875 0.919140625 0.146875 0.16015625
0 0.18125 0.916015625 0.14375 0.16640625