0 0.19230769230769232 0.026442307692307692 0.0673076923076923 0.052884615384615384
0 0.1201923076923077 0.026442307692307692 0.0673076923076923 0.052884615384615384
0 0.33052884615384615 0.24519230769230768 0.07211538461538461 0.14182692307692307
0 0.26322115384615385 0.25240384615384615 0.06971153846153846 0.14423076923076922
0 0.12620192307692307 0.2536057692307692 0.0673076923076923 0.13701923076923078
0 0.1935096153846154 0.25961538461538464 0.06971153846153846 0.13942307692307693
0 0.06370192307692307 0.2620192307692308 0.06490384615384616 0.13701923076923078
0 0.9627403846153846 0.31009615384615385 0.06971153846153846 0.17307692307692307
0 0.8713942307692307 0.3125 0.0985576923076923 0.16826923076923078
0 0.7776442307692307 0.328125 0.09134615384615384 0.16346153846153846
0 0.6899038461538461 0.3425480769230769 0.08653846153846154 0.15865384615384615
0 0.057692307692307696 0.03485576923076923 0.06490384615384616 0.06971153846153846
0 0.609375 0.3545673076923077 0.08173076923076923 0.15144230769230768
0 0.5300480769230769 0.359375 0.07692307692307693 0.15144230769230768
0 0.4567307692307692 0.36538461538461536 0.07692307692307693 0.14423076923076922
0 0.38341346153846156 0.3713942307692308 0.07211538461538461 0.1466346153846154
0 0.1141826923076923 0.3762019230769231 0.0673076923076923 0.1346153846153846
0 0.3137019230769231 0.37740384615384615 0.07211538461538461 0.14182692307692307
0 0.24519230769230768 0.38100961538461536 0.0673076923076923 0.13942307692307693
0 0.05048076923076923 0.38100961538461536 0.06490384615384616 0.13221153846153846
0 0.18028846153846154 0.38461538461538464 0.06971153846153846 0.13701923076923078
0 0.9459134615384616 0.04567307692307692 0.10336538461538461 0.09134615384615384
0 0.9314903846153846 0.46033653846153844 0.10096153846153846 0.16826923076923078
0 0.8365384615384616 0.4675480769230769 0.09375 0.16346153846153846
0 0.7463942307692307 0.47836538461538464 0.0889423076923077 0.16105769230769232
0 0.8473557692307693 0.05048076923076923 0.0985576923076923 0.10096153846153846
0 0.6586538461538461 0.49399038461538464 0.08653846153846154 0.15625
0 0.5793269230769231 0.49399038461538464 0.08413461538461539 0.15144230769230768
0 0.04567307692307692 0.49399038461538464 0.055288461538461536 0.125
0 0.0985576923076923 0.4987980769230769 0.06490384615384616 0.1346153846153846
0 0.2932692307692308 0.5012019230769231 0.06971153846153846 0.14182692307692307
0 0.359375 0.5012019230769231 0.06971153846153846 0.14423076923076922
0 0.2283653846153846 0.5024038461538461 0.0673076923076923 0.13942307692307693
0 0.1622596153846154 0.5036057692307693 0.06490384615384616 0.1346153846153846
0 0.4567307692307692 0.5228365384615384 0.08173076923076923 0.15144230769230768
0 0.7512019230769231 0.055288461538461536 0.09134615384615384 0.11057692307692307
0 0.6598557692307693 0.06129807692307692 0.0889423076923077 0.12259615384615384
0 0.9735576923076923 0.6009615384615384 0.05048076923076923 0.17307692307692307
0 0.9002403846153846 0.6069711538461539 0.09615384615384616 0.16826923076923078
0 0.03365384615384615 0.6069711538461539 0.06009615384615385 0.12740384615384615
0 0.09254807692307693 0.6105769230769231 0.0625 0.125
0 0.8064903846153846 0.6129807692307693 0.09134615384615384 0.15865384615384615
0 0.1502403846153846 0.6165865384615384 0.0625 0.12740384615384615
0 0.34615384615384615 0.6189903846153846 0.06971153846153846 0.12740384615384615
0 0.20673076923076922 0.6225961538461539 0.06971153846153846 0.12740384615384615
0 0.27524038461538464 0.6225961538461539 0.06971153846153846 0.13221153846153846
0 0.5528846153846154 0.6274038461538461 0.08173076923076923 0.14903846153846154
0 0.7127403846153846 0.6322115384615384 0.0889423076923077 0.15625
0 0.6322115384615384 0.6346153846153846 0.08413461538461539 0.15144230769230768
0 0.44711538461538464 0.6490384615384616 0.08173076923076923 0.1466346153846154
0 0.5865384615384616 0.0673076923076923 0.07932692307692307 0.1346153846153846
0 0.025240384615384616 0.71875 0.05048076923076923 0.12740384615384615
0 0.078125 0.7199519230769231 0.0625 0.12740384615384615
0 0.13701923076923078 0.7271634615384616 0.057692307692307696 0.12980769230769232
0 0.1875 0.7379807692307693 0.0625 0.13221153846153846
0 0.24759615384615385 0.7451923076923077 0.06971153846153846 0.12980769230769232
0 0.9579326923076923 0.7475961538461539 0.08173076923076923 0.16826923076923078
0 0.3173076923076923 0.7487980769230769 0.07211538461538461 0.1346153846153846
0 0.38822115384615385 0.7487980769230769 0.06971153846153846 0.13701923076923078
0 0.8689903846153846 0.7584134615384616 0.09615384615384616 0.15865384615384615
0 0.5348557692307693 0.7608173076923077 0.07692307692307693 0.14423076923076922
0 0.6117788461538461 0.7608173076923077 0.07932692307692307 0.14903846153846154
0 0.4579326923076923 0.7644230769230769 0.07692307692307693 0.11778846153846154
0 0.6887019230769231 0.7668269230769231 0.08653846153846154 0.15144230769230768
0 0.7740384615384616 0.7692307692307693 0.09134615384615384 0.15865384615384615
0 0.06850961538461539 0.8269230769230769 0.057692307692307696 0.12740384615384615
0 0.016826923076923076 0.8269230769230769 0.03365384615384615 0.12259615384615384
0 0.5108173076923077 0.08413461538461539 0.08173076923076923 0.15625
0 0.12620192307692307 0.8401442307692307 0.0625 0.12740384615384615
0 0.18028846153846154 0.8449519230769231 0.06009615384615385 0.12259615384615384
0 0.22716346153846154 0.8569711538461539 0.04807692307692308 0.13221153846153846
0 0.3713942307692308 0.8713942307692307 0.07211538461538461 0.13701923076923078
0 0.4411057692307692 0.8810096153846154 0.07451923076923077 0.14182692307692307
0 0.27524038461538464 0.8846153846153846 0.07211538461538461 0.13701923076923078
0 0.5180288461538461 0.8846153846153846 0.07451923076923077 0.14423076923076922
0 0.5865384615384616 0.8930288461538461 0.07932692307692307 0.14903846153846154
0 0.6622596153846154 0.9002403846153846 0.08413461538461539 0.15384615384615385
0 0.9375 0.9002403846153846 0.0985576923076923 0.16346153846153846
0 0.8401442307692307 0.9026442307692307 0.09375 0.15865384615384615
0 0.7475961538461539 0.90625 0.0889423076923077 0.15384615384615385
0 0.4254807692307692 0.09495192307692307 0.07692307692307693 0.15384615384615385
0 0.056490384615384616 0.9326923076923077 0.057692307692307696 0.125
0 0.11298076923076923 0.9411057692307693 0.0625 0.11298076923076923
0 0.16947115384615385 0.9447115384615384 0.0625 0.10576923076923077
0 0.22716346153846154 0.9495192307692307 0.055288461538461536 0.09615384615384616
0 0.35336538461538464 0.9567307692307693 0.07451923076923077 0.08173076923076923
0 0.35216346153846156 0.11057692307692307 0.07451923076923077 0.14903846153846154
0 0.28365384615384615 0.11778846153846154 0.07211538461538461 0.1466346153846154
0 0.14423076923076922 0.12379807692307693 0.07211538461538461 0.14182692307692307
0 0.21514423076923078 0.1310096153846154 0.07211538461538461 0.14182692307692307
0 0.08413461538461539 0.13221153846153846 0.0673076923076923 0.1346153846153846
0 0.03125 0.13581730769230768 0.0625 0.1346153846153846
0 0.90625 0.16105769230769232 0.10096153846153846 0.1778846153846154
0 0.8040865384615384 0.16947115384615385 0.09615384615384616 0.16826923076923078
0 0.7175480769230769 0.18389423076923078 0.0889423076923077 0.1658653846153846
0 0.6310096153846154 0.19591346153846154 0.08173076923076923 0.15865384615384615
0 0.5528846153846154 0.21875 0.08173076923076923 0.15384615384615385
0 0.47115384615384615 0.22716346153846154 0.07451923076923077 0.15384615384615385
0 0.4014423076923077 0.23918269230769232 0.07451923076923077 0.14903846153846154
0 0.41947115384615385 0.9651442307692307 0.06490384615384616 0.06971153846153846
0 0.5661057692307693 0.9711538461538461 0.07692307692307693 0.057692307692307696
0 0.6382211538461539 0.9747596153846154 0.07211538461538461 0.05048076923076923
0 0.4651442307692308 0.9735576923076923 0.06971153846153846 0.052884615384615384
0 0.2608173076923077 0.020432692307692308 0.057692307692307696 0.040865384615384616
0 0.3233173076923077 0.02283653846153846 0.07692307692307693 0.04567307692307692
0 0.7079326923076923 0.9819711538461539 0.07692307692307693 0.036057692307692304
0 0.8028846153846154 0.9795673076923077 0.08413461538461539 0.040865384615384616
0 0.9014423076923077 0.9807692307692307 0.0889423076923077 0.038461538461538464