0 0.5276442307692307 0.03125 0.06009615384615385 0.0625
0 0.45913461538461536 0.2920673076923077 0.05048076923076923 0.09134615384615384
0 0.038461538461538464 0.30408653846153844 0.06490384615384616 0.11778846153846154
0 0.6634615384615384 0.30408653846153844 0.055288461538461536 0.0985576923076923
0 0.9014423076923077 0.3112980769230769 0.052884615384615384 0.09375
0 0.30528846153846156 0.3161057692307692 0.06490384615384616 0.11538461538461539
0 0.7487980769230769 0.3245192307692308 0.055288461538461536 0.09615384615384616
0 0.9579326923076923 0.3389423076923077 0.055288461538461536 0.0985576923076923
0 0.40384615384615385 0.3401442307692308 0.052884615384615384 0.0985576923076923
0 0.5228365384615384 0.34375 0.055288461538461536 0.0985576923076923
0 0.6129807692307693 0.34375 0.055288461538461536 0.10096153846153846
0 0.24519230769230768 0.3449519230769231 0.055288461538461536 0.0985576923076923
0 0.18629807692307693 0.3485576923076923 0.055288461538461536 0.08653846153846154
0 0.7283653846153846 0.036057692307692304 0.055288461538461536 0.07211538461538461
0 0.8834134615384616 0.3545673076923077 0.0625 0.11538461538461539
0 0.7055288461538461 0.38221153846153844 0.055288461538461536 0.0985576923076923
0 0.4639423076923077 0.3858173076923077 0.057692307692307696 0.09615384615384616
0 0.12980769230769232 0.39663461538461536 0.055288461538461536 0.09375
0 0.28846153846153844 0.39903846153846156 0.055288461538461536 0.09615384615384616
0 0.0829326923076923 0.4014423076923077 0.05048076923076923 0.08173076923076923
0 0.5649038461538461 0.4074519230769231 0.052884615384615384 0.09615384615384616
0 0.7776442307692307 0.4110576923076923 0.055288461538461536 0.0985576923076923
0 0.35216346153846156 0.41225961538461536 0.057692307692307696 0.10336538461538461
0 0.6478365384615384 0.41947115384615385 0.052884615384615384 0.0985576923076923
0 0.9723557692307693 0.4338942307692308 0.05048076923076923 0.0985576923076923
0 0.9723557692307693 0.046875 0.05048076923076923 0.09375
0 0.41947115384615385 0.4387019230769231 0.052884615384615384 0.09615384615384616
0 0.9038461538461539 0.44350961538461536 0.06009615384615385 0.10576923076923077
0 0.1778846153846154 0.44591346153846156 0.0625 0.11057692307692307
0 0.5120192307692307 0.44711538461538464 0.055288461538461536 0.10096153846153846
0 0.7536057692307693 0.47716346153846156 0.06009615384615385 0.10576923076923077
0 0.32572115384615385 0.48197115384615385 0.052884615384615384 0.09615384615384616
0 0.6033653846153846 0.484375 0.052884615384615384 0.09615384615384616
0 0.2644230769230769 0.4855769230769231 0.055288461538461536 0.0985576923076923
0 0.09254807692307693 0.4879807692307692 0.04567307692307692 0.10336538461538461
0 0.12980769230769232 0.49158653846153844 0.06009615384615385 0.0889423076923077
0 0.9302884615384616 0.49399038461538464 0.052884615384615384 0.09375
0 0.8209134615384616 0.49759615384615385 0.055288461538461536 0.09615384615384616
0 0.4639423076923077 0.5 0.052884615384615384 0.09375
0 0.6778846153846154 0.5036057692307693 0.055288461538461536 0.0985576923076923
0 0.37740384615384615 0.5168269230769231 0.055288461538461536 0.09375
0 0.5480769230769231 0.5192307692307693 0.055288461538461536 0.09615384615384616
0 0.8762019230769231 0.5252403846153846 0.055288461538461536 0.08173076923076923
0 0.03485576923076923 0.5444711538461539 0.057692307692307696 0.10336538461538461
0 0.9723557692307693 0.5504807692307693 0.052884615384615384 0.09615384615384616
0 0.3473557692307692 0.057692307692307696 0.055288461538461536 0.10336538461538461
0 0.7704326923076923 0.5540865384615384 0.055288461538461536 0.09134615384615384
0 0.4254807692307692 0.5625 0.052884615384615384 0.09375
0 0.6298076923076923 0.5673076923076923 0.055288461538461536 0.09375
0 0.47836538461538464 0.05889423076923077 0.057692307692307696 0.10096153846153846
0 0.7079326923076923 0.5841346153846154 0.055288461538461536 0.09134615384615384
0 0.921875 0.5877403846153846 0.055288461538461536 0.09375
0 0.13822115384615385 0.5913461538461539 0.06971153846153846 0.125
0 0.5793269230769231 0.6057692307692307 0.052884615384615384 0.09615384615384616
0 0.5012019230769231 0.6201923076923077 0.06490384615384616 0.11057692307692307
0 0.8834134615384616 0.6262019230769231 0.0625 0.10576923076923077
0 0.4579326923076923 0.6346153846153846 0.04807692307692308 0.09134615384615384
0 0.9026442307692307 0.06610576923076923 0.06009615384615385 0.11298076923076923
0 0.9711538461538461 0.6430288461538461 0.05048076923076923 0.0889423076923077
0 0.6706730769230769 0.65625 0.055288461538461536 0.09615384615384616
0 0.5336538461538461 0.6670673076923077 0.052884615384615384 0.09615384615384616
0 0.11658653846153846 0.6682692307692307 0.0985576923076923 0.25721153846153844
0 0.41586538461538464 0.0673076923076923 0.06009615384615385 0.10817307692307693
0 0.6129807692307693 0.6826923076923077 0.055288461538461536 0.09375
0 0.9290865384615384 0.6838942307692307 0.055288461538461536 0.09134615384615384
0 0.7920673076923077 0.07091346153846154 0.06009615384615385 0.11057692307692307
0 0.5745192307692307 0.07091346153846154 0.055288461538461536 0.10336538461538461
0 0.2704326923076923 0.07211538461538461 0.0625 0.11298076923076923
0 0.49158653846153844 0.7223557692307693 0.052884615384615384 0.09134615384615384
0 0.24879807692307693 0.7379807692307693 0.1875 0.3269230769230769
0 0.8581730769230769 0.7403846153846154 0.06971153846153846 0.1201923076923077
0 0.765625 0.7560096153846154 0.06490384615384616 0.11298076923076923
0 0.3701923076923077 0.7800480769230769 0.07451923076923077 0.12740384615384615
0 0.5600961538461539 0.7848557692307693 0.10096153846153846 0.17307692307692307
0 0.9627403846153846 0.7848557692307693 0.06971153846153846 0.17307692307692307
0 0.6490384615384616 0.0829326923076923 0.0673076923076923 0.1201923076923077
0 0.4795673076923077 0.8149038461538461 0.04807692307692308 0.09375
0 0.4230769230769231 0.8269230769230769 0.06490384615384616 0.11298076923076923
0 0.7980769230769231 0.8365384615384616 0.10817307692307693 0.1875
0 0.6887019230769231 0.8473557692307693 0.11057692307692307 0.19471153846153846
0 0.09014423076923077 0.09134615384615384 0.1346153846153846 0.18269230769230768
0 0.2247596153846154 0.9038461538461539 0.15144230769230768 0.1875
0 0.38221153846153844 0.90625 0.15384615384615385 0.18269230769230768
0 0.609375 0.9182692307692307 0.0985576923076923 0.15865384615384615
0 0.8209134615384616 0.9326923076923077 0.10096153846153846 0.12740384615384615
0 0.9338942307692307 0.9326923076923077 0.10336538461538461 0.12740384615384615
0 0.5084134615384616 0.9471153846153846 0.10817307692307693 0.10096153846153846
0 0.5252403846153846 0.11538461538461539 0.055288461538461536 0.10336538461538461
0 0.7163461538461539 0.12379807692307693 0.057692307692307696 0.10096153846153846
0 0.8125 0.15865384615384615 0.055288461538461536 0.10096153846153846
0 0.9242788461538461 0.15865384615384615 0.057692307692307696 0.10336538461538461
0 0.47596153846153844 0.1622596153846154 0.055288461538461536 0.10096153846153846
0 0.39903846153846156 0.16346153846153846 0.06971153846153846 0.12740384615384615
0 0.25721153846153844 0.171875 0.052884615384615384 0.0985576923076923
0 0.5721153846153846 0.17668269230769232 0.055288461538461536 0.09615384615384616
0 0.6742788461538461 0.18028846153846154 0.057692307692307696 0.10096153846153846
0 0.31009615384615385 0.1875 0.057692307692307696 0.10576923076923077
0 0.7560096153846154 0.19471153846153846 0.055288461538461536 0.0985576923076923
0 0.8497596153846154 0.23317307692307693 0.055288461538461536 0.10096153846153846
0 0.6201923076923077 0.23557692307692307 0.057692307692307696 0.10096153846153846
0 0.1658653846153846 0.2439903846153846 0.0625 0.11538461538461539
0 0.9759615384615384 0.24519230769230768 0.04567307692307692 0.10096153846153846
0 0.5060096153846154 0.24639423076923078 0.055288461538461536 0.0985576923076923
0 0.7103365384615384 0.25 0.055288461538461536 0.0985576923076923
0 0.125 0.25240384615384615 0.05048076923076923 0.10576923076923077
0 0.3737980769230769 0.25240384615384615 0.055288461538461536 0.0985576923076923
0 0.9242788461538461 0.25841346153846156 0.055288461538461536 0.09134615384615384
0 0.28365384615384615 0.26322115384615385 0.055288461538461536 0.09134615384615384
0 0.7944711538461539 0.2668269230769231 0.055288461538461536 0.0985576923076923
0 0.5685096153846154 0.2776442307692308 0.057692307692307696 0.0985576923076923