0 0.4579326923076923 0.2932692307692308 0.05048076923076923 0.0889423076923077
0 0.038461538461538464 0.3016826923076923 0.06490384615384616 0.11538461538461539
0 0.6622596153846154 0.30408653846153844 0.055288461538461536 0.10096153846153846
0 0.30528846153846156 0.3161057692307692 0.06490384615384616 0.11298076923076923
0 0.5276442307692307 0.03245192307692308 0.055288461538461536 0.0625
0 0.7487980769230769 0.3245192307692308 0.055288461538461536 0.10096153846153846
0 0.9579326923076923 0.33653846153846156 0.055288461538461536 0.0985576923076923
0 0.40384615384615385 0.34134615384615385 0.055288461538461536 0.0985576923076923
0 0.5228365384615384 0.34375 0.055288461538461536 0.0985576923076923
0 0.6129807692307693 0.3449519230769231 0.055288461538461536 0.0985576923076923
0 0.24519230769230768 0.3449519230769231 0.055288461538461536 0.0985576923076923
0 0.18629807692307693 0.3473557692307692 0.055288461538461536 0.08653846153846154
0 0.8185096153846154 0.036057692307692304 0.052884615384615384 0.07211538461538461
0 0.8834134615384616 0.3557692307692308 0.06490384615384616 0.11298076923076923
0 0.7271634615384616 0.038461538461538464 0.055288461538461536 0.07451923076923077
0 0.7055288461538461 0.38100961538461536 0.057692307692307696 0.0985576923076923
0 0.4639423076923077 0.38461538461538464 0.055288461538461536 0.09615384615384616
0 0.12980769230769232 0.39783653846153844 0.057692307692307696 0.09615384615384616
0 0.28966346153846156 0.39783653846153844 0.055288461538461536 0.09615384615384616
0 0.08173076923076923 0.39903846153846156 0.04807692307692308 0.08413461538461539
0 0.5637019230769231 0.40625 0.055288461538461536 0.09615384615384616
0 0.7788461538461539 0.4110576923076923 0.055288461538461536 0.09615384615384616
0 0.35216346153846156 0.41225961538461536 0.057692307692307696 0.10576923076923077
0 0.6478365384615384 0.41947115384615385 0.055288461538461536 0.0985576923076923
0 0.026442307692307692 0.43149038461538464 0.052884615384615384 0.18028846153846154
0 0.9735576923076923 0.43149038461538464 0.05048076923076923 0.10336538461538461
0 0.9723557692307693 0.046875 0.052884615384615384 0.09375
0 0.41947115384615385 0.4375 0.055288461538461536 0.09375
0 0.9038461538461539 0.44350961538461536 0.0625 0.10817307692307693
0 0.5120192307692307 0.44471153846153844 0.057692307692307696 0.10336538461538461
0 0.1778846153846154 0.44711538461538464 0.0625 0.11298076923076923
0 0.7524038461538461 0.47596153846153844 0.06009615384615385 0.10576923076923077
0 0.32572115384615385 0.48197115384615385 0.052884615384615384 0.09615384615384616
0 0.6021634615384616 0.4831730769230769 0.055288461538461536 0.09615384615384616
0 0.2644230769230769 0.484375 0.057692307692307696 0.10096153846153846
0 0.09254807692307693 0.48677884615384615 0.04567307692307692 0.09615384615384616
0 0.9290865384615384 0.49038461538461536 0.055288461538461536 0.0985576923076923
0 0.1310096153846154 0.49399038461538464 0.0625 0.0985576923076923
0 0.8185096153846154 0.49759615384615385 0.057692307692307696 0.0985576923076923
0 0.4639423076923077 0.4987980769230769 0.055288461538461536 0.09615384615384616
0 0.6778846153846154 0.5036057692307693 0.055288461538461536 0.09615384615384616
0 0.37740384615384615 0.5168269230769231 0.055288461538461536 0.09375
0 0.5480769230769231 0.5192307692307693 0.055288461538461536 0.09615384615384616
0 0.8762019230769231 0.5264423076923077 0.055288461538461536 0.08173076923076923
0 0.03485576923076923 0.5444711538461539 0.057692307692307696 0.10336538461538461
0 0.9723557692307693 0.5528846153846154 0.052884615384615384 0.0985576923076923
0 0.3473557692307692 0.056490384615384616 0.055288461538461536 0.10096153846153846
0 0.7692307692307693 0.5528846153846154 0.055288461538461536 0.09615384615384616
0 0.4254807692307692 0.5612980769230769 0.055288461538461536 0.09134615384615384
0 0.6298076923076923 0.5673076923076923 0.052884615384615384 0.09375
0 0.47836538461538464 0.05889423076923077 0.055288461538461536 0.10096153846153846
0 0.7079326923076923 0.5853365384615384 0.055288461538461536 0.09375
0 0.921875 0.5865384615384616 0.052884615384615384 0.09615384615384616
0 0.13942307692307693 0.5889423076923077 0.07211538461538461 0.12259615384615384
0 0.5793269230769231 0.6045673076923077 0.052884615384615384 0.09134615384615384
0 0.5012019230769231 0.6213942307692307 0.06490384615384616 0.11298076923076923
0 0.8822115384615384 0.6237980769230769 0.0625 0.10817307692307693
0 0.4579326923076923 0.6358173076923077 0.04807692307692308 0.09375
0 0.9711538461538461 0.6418269230769231 0.052884615384615384 0.08653846153846154
0 0.6706730769230769 0.6574519230769231 0.057692307692307696 0.09615384615384616
0 0.11538461538461539 0.6646634615384616 0.09375 0.25721153846153844
0 0.5336538461538461 0.6658653846153846 0.052884615384615384 0.09615384615384616
0 0.9014423076923077 0.0673076923076923 0.0625 0.11298076923076923
0 0.4170673076923077 0.06850961538461539 0.0625 0.10817307692307693
0 0.9290865384615384 0.6814903846153846 0.055288461538461536 0.09615384615384616
0 0.6129807692307693 0.6826923076923077 0.055288461538461536 0.09375
0 0.7920673076923077 0.07091346153846154 0.06009615384615385 0.11057692307692307
0 0.5757211538461539 0.07091346153846154 0.055288461538461536 0.10096153846153846
0 0.2704326923076923 0.07211538461538461 0.06490384615384616 0.11538461538461539
0 0.49158653846153844 0.7211538461538461 0.055288461538461536 0.09134615384615384
0 0.25 0.7367788461538461 0.18990384615384615 0.33413461538461536
0 0.8581730769230769 0.7403846153846154 0.06971153846153846 0.12259615384615384
0 0.7644230769230769 0.7548076923076923 0.06490384615384616 0.11298076923076923
0 0.3701923076923077 0.7776442307692307 0.07451923076923077 0.12740384615384615
0 0.9627403846153846 0.7836538461538461 0.06971153846153846 0.1778846153846154
0 0.5612980769230769 0.7848557692307693 0.10096153846153846 0.17307692307692307
0 0.6490384615384616 0.08413461538461539 0.0673076923076923 0.12259615384615384
0 0.47836538461538464 0.8149038461538461 0.04807692307692308 0.09134615384615384
0 0.42427884615384615 0.8269230769230769 0.06490384615384616 0.11538461538461539
0 0.796875 0.8341346153846154 0.11057692307692307 0.18509615384615385
0 0.6887019230769231 0.8449519230769231 0.11538461538461539 0.19471153846153846
0 0.0889423076923077 0.09254807692307693 0.13221153846153846 0.18269230769230768
0 0.22596153846153846 0.9038461538461539 0.15144230769230768 0.1875
0 0.38461538461538464 0.90625 0.15384615384615385 0.18269230769230768
0 0.051682692307692304 0.9074519230769231 0.10336538461538461 0.18028846153846154
0 0.6081730769230769 0.9182692307692307 0.10096153846153846 0.15865384615384615
0 0.9338942307692307 0.9314903846153846 0.10336538461538461 0.13221153846153846
0 0.8197115384615384 0.9326923076923077 0.10096153846153846 0.12740384615384615
0 0.7211538461538461 0.9350961538461539 0.10336538461538461 0.125
0 0.5084134615384616 0.9459134615384616 0.11057692307692307 0.10336538461538461
0 0.5252403846153846 0.1141826923076923 0.055288461538461536 0.10336538461538461
0 0.7163461538461539 0.12379807692307693 0.055288461538461536 0.10096153846153846
0 0.8125 0.15865384615384615 0.055288461538461536 0.10096153846153846
0 0.9230769230769231 0.15865384615384615 0.06009615384615385 0.10817307692307693
0 0.04807692307692308 0.15985576923076922 0.09615384615384616 0.18028846153846154
0 0.47475961538461536 0.1622596153846154 0.055288461538461536 0.10096153846153846
0 0.40024038461538464 0.16346153846153846 0.07211538461538461 0.12740384615384615
0 0.25721153846153844 0.171875 0.055288461538461536 0.10096153846153846
0 0.5721153846153846 0.17668269230769232 0.055288461538461536 0.0985576923076923
0 0.6742788461538461 0.18028846153846154 0.057692307692307696 0.10096153846153846
0 0.3112980769230769 0.1875 0.06009615384615385 0.10817307692307693
0 0.7560096153846154 0.19471153846153846 0.055288461538461536 0.0985576923076923
0 0.8497596153846154 0.23197115384615385 0.057692307692307696 0.10096153846153846
0 0.6262019230769231 0.02403846153846154 0.06009615384615385 0.04807692307692308
0 0.6201923076923077 0.23557692307692307 0.055288461538461536 0.10096153846153846
0 0.9747596153846154 0.2439903846153846 0.04807692307692308 0.0985576923076923
0 0.1658653846153846 0.24759615384615385 0.06490384615384616 0.11538461538461539
0 0.5048076923076923 0.24759615384615385 0.055288461538461536 0.10096153846153846
0 0.7103365384615384 0.2512019230769231 0.055288461538461536 0.0985576923076923
0 0.3737980769230769 0.2536057692307692 0.055288461538461536 0.0985576923076923
0 0.125 0.2536057692307692 0.04807692307692308 0.10576923076923077
0 0.9242788461538461 0.25721153846153844 0.055288461538461536 0.09615384615384616
0 0.28365384615384615 0.26322115384615385 0.055288461538461536 0.0889423076923077
0 0.7944711538461539 0.2668269230769231 0.055288461538461536 0.0985576923076923
0 0.5685096153846154 0.2776442307692308 0.057692307692307696 0.10096153846153846