0 0.4987980769230769 0.46153846153846156 0.07211538461538461 0.11057692307692307
0 0.578125 0.5228365384615384 0.07451923076923077 0.11057692307692307
0 0.5288461538461539 0.546875 0.0625 0.10576923076923077
0 0.3641826923076923 0.5769230769230769 0.052884615384615384 0.07932692307692307
0 0.5949519230769231 0.6009615384615384 0.06971153846153846 0.10336538461538461
0 0.46153846153846156 0.6177884615384616 0.07211538461538461 0.11298076923076923
0 0.65625 0.6298076923076923 0.057692307692307696 0.09134615384615384
0 0.38221153846153844 0.6298076923076923 0.06009615384615385 0.09375
0 0.3317307692307692 0.6442307692307693 0.055288461538461536 0.08653846153846154
0 0.7271634615384616 0.6442307692307693 0.07211538461538461 0.10576923076923077
0 0.05889423076923077 0.6887019230769231 0.06971153846153846 0.10817307692307693
0 0.23557692307692307 0.7043269230769231 0.057692307692307696 0.0889423076923077
0 0.17548076923076922 0.7091346153846154 0.057692307692307696 0.09134615384615384
0 0.8353365384615384 0.7103365384615384 0.057692307692307696 0.0889423076923077
0 0.43149038461538464 0.71875 0.06009615384615385 0.09615384615384616
0 0.5060096153846154 0.71875 0.06009615384615385 0.09375
0 0.5685096153846154 0.7475961538461539 0.06009615384615385 0.09375
0 0.6370192307692307 0.7512019230769231 0.06009615384615385 0.09134615384615384
0 0.026442307692307692 0.7704326923076923 0.052884615384615384 0.10817307692307693
0 0.8870192307692307 0.7752403846153846 0.07211538461538461 0.10576923076923077
0 0.47475961538461536 0.7860576923076923 0.0625 0.09134615384615384
0 0.2644230769230769 0.7896634615384616 0.057692307692307696 0.09134615384615384
0 0.7572115384615384 0.7908653846153846 0.0625 0.09615384615384616
0 0.08052884615384616 0.7920673076923077 0.0673076923076923 0.10817307692307693
0 0.31971153846153844 0.7932692307692307 0.06009615384615385 0.09134615384615384
0 0.6971153846153846 0.7944711538461539 0.0625 0.09134615384615384
0 0.20192307692307693 0.8004807692307693 0.057692307692307696 0.09134615384615384
0 0.39903846153846156 0.8064903846153846 0.06009615384615385 0.09375
0 0.59375 0.8269230769230769 0.06009615384615385 0.09134615384615384
0 0.125 0.8293269230769231 0.06009615384615385 0.09134615384615384
0 0.6598557692307693 0.8329326923076923 0.057692307692307696 0.0889423076923077
0 0.7367788461538461 0.8870192307692307 0.0625 0.09375