0 0.3734375 0.200390625 0.15 0.25390625
0 0.52578125 0.191796875 0.1515625 0.25234375
0 0.68125 0.199609375 0.15 0.25234375
0 0.83359375 0.197265625 0.1484375 0.25078125
0 0.91640625 0.419140625 0.1546875 0.25703125
0 0.76171875 0.417578125 0.1484375 0.25390625
0 0.60859375 0.413671875 0.1515625 0.25859375
0 0.453125 0.415234375 0.153125 0.25859375
0 0.29296875 0.417578125 0.1546875 0.25703125
0 0.1390625 0.418359375 0.15 0.25546875
0 0.2203125 0.201953125 0.15 0.25078125
0 0.071875 0.193359375 0.14375 0.24921875
0 0.065625 0.647265625 0.13125 0.25703125
0 0.209375 0.645703125 0.15625 0.26015625
0 0.36875 0.641015625 0.15625 0.25703125
0 0.52734375 0.645703125 0.1546875 0.25703125
0 0.68359375 0.641015625 0.1515625 0.25703125
0 0.8375 0.642578125 0.15 0.25703125
0 0.9109375 0.869921875 0.153125 0.25546875
0 0.75703125 0.869921875 0.1484375 0.25546875
0 0.603125 0.869921875 0.153125 0.25859375
0 0.44609375 0.868359375 0.1515625 0.25859375
0 0.2921875 0.867578125 0.153125 0.25703125
0 0.13671875 0.872265625 0.1484375 0.25390625