0 0.1971153846153846 0.16466346153846154 0.125 0.09615384615384616
0 0.3245192307692308 0.16947115384615385 0.12740384615384615 0.09615384615384616
0 0.7463942307692307 0.19471153846153846 0.14182692307692307 0.11298076923076923
0 0.6153846153846154 0.24639423076923078 0.15144230769230768 0.11298076923076923
0 0.11298076923076923 0.24879807692307693 0.12980769230769232 0.09375
0 0.8689903846153846 0.2548076923076923 0.1466346153846154 0.11538461538461539
0 0.24158653846153846 0.25721153846153844 0.1201923076923077 0.09134615384615384
0 0.36177884615384615 0.2620192307692308 0.1201923076923077 0.09375
0 0.7379807692307693 0.3088942307692308 0.1466346153846154 0.11298076923076923
0 0.07211538461538461 0.33533653846153844 0.12259615384615384 0.09134615384615384
0 0.19591346153846154 0.34134615384615385 0.12259615384615384 0.0889423076923077
0 0.6358173076923077 0.03365384615384615 0.16105769230769232 0.0673076923076923
0 0.31971153846153844 0.3449519230769231 0.11778846153846154 0.09134615384615384
0 0.6081730769230769 0.3605769230769231 0.14903846153846154 0.11538461538461539
0 0.8545673076923077 0.36778846153846156 0.14182692307692307 0.11057692307692307
0 0.9651442307692307 0.38100961538461536 0.06971153846153846 0.10817307692307693
0 0.9014423076923077 0.038461538461538464 0.14903846153846154 0.07692307692307693
0 0.7307692307692307 0.41947115384615385 0.14423076923076922 0.11057692307692307
0 0.11298076923076923 0.4230769230769231 0.12259615384615384 0.09134615384615384
0 0.23677884615384615 0.42788461538461536 0.11778846153846154 0.08653846153846154
0 0.35697115384615385 0.43149038461538464 0.11538461538461539 0.08653846153846154
0 0.5985576923076923 0.47115384615384615 0.13942307692307693 0.10096153846153846
0 0.8449519230769231 0.47475961538461536 0.13942307692307693 0.10336538461538461
0 0.9579326923076923 0.49038461538461536 0.08413461538461539 0.10576923076923077
0 0.07692307692307693 0.5060096153846154 0.125 0.08653846153846154
0 0.19831730769230768 0.5084134615384616 0.11778846153846154 0.08653846153846154
0 0.3173076923076923 0.5108173076923077 0.11778846153846154 0.0889423076923077
0 0.7199519230769231 0.5240384615384616 0.13942307692307693 0.10096153846153846
0 0.5913461538461539 0.5733173076923077 0.13942307692307693 0.10096153846153846
0 0.8341346153846154 0.578125 0.1346153846153846 0.0985576923076923
0 0.11778846153846154 0.5889423076923077 0.1201923076923077 0.08653846153846154
0 0.9495192307692307 0.5877403846153846 0.10096153846153846 0.0985576923076923
0 0.23677884615384615 0.5901442307692307 0.11538461538461539 0.08653846153846154
0 0.35336538461538464 0.5925480769230769 0.11057692307692307 0.08413461538461539
0 0.7115384615384616 0.6274038461538461 0.13942307692307693 0.0985576923076923
0 0.07932692307692307 0.6658653846153846 0.11778846153846154 0.08413461538461539
0 0.1935096153846154 0.6706730769230769 0.11538461538461539 0.08173076923076923
0 0.31009615384615385 0.671875 0.11538461538461539 0.08413461538461539
0 0.5877403846153846 0.6754807692307693 0.13942307692307693 0.09615384615384616
0 0.8221153846153846 0.6790865384615384 0.12980769230769232 0.09615384615384616
0 0.9411057692307693 0.6875 0.11778846153846154 0.0985576923076923
0 0.11177884615384616 0.06610576923076923 0.12980769230769232 0.10336538461538461
0 0.703125 0.7283653846153846 0.13701923076923078 0.09615384615384616
0 0.12259615384615384 0.7415865384615384 0.11538461538461539 0.07932692307692307
0 0.23677884615384615 0.7415865384615384 0.11298076923076923 0.07451923076923077
0 0.3485576923076923 0.7451923076923077 0.11057692307692307 0.07451923076923077
0 0.7608173076923077 0.0733173076923077 0.15144230769230768 0.125
0 0.8137019230769231 0.7740384615384616 0.1346153846153846 0.09375
0 0.5805288461538461 0.7740384615384616 0.13942307692307693 0.09615384615384616
0 0.9399038461538461 0.7848557692307693 0.1201923076923077 0.09375
0 0.24278846153846154 0.07572115384615384 0.12740384615384615 0.10096153846153846
0 0.08413461538461539 0.8149038461538461 0.11538461538461539 0.07932692307692307
0 0.31009615384615385 0.8173076923076923 0.11298076923076923 0.07692307692307693
0 0.1971153846153846 0.8185096153846154 0.10817307692307693 0.07451923076923077
0 0.36658653846153844 0.07932692307692307 0.1201923076923077 0.09615384615384616
0 0.6959134615384616 0.8257211538461539 0.1346153846153846 0.09375
0 0.5757211538461539 0.8677884615384616 0.1346153846153846 0.09134615384615384
0 0.8052884615384616 0.8713942307692307 0.12740384615384615 0.09375
0 0.9302884615384616 0.8786057692307693 0.125 0.0889423076923077
0 0.12379807692307693 0.8882211538461539 0.11298076923076923 0.07692307692307693
0 0.234375 0.8918269230769231 0.10817307692307693 0.07451923076923077
0 0.3449519230769231 0.8930288461538461 0.11057692307692307 0.07692307692307693
0 0.6862980769230769 0.9182692307692307 0.12980769230769232 0.0889423076923077
0 0.19831730769230768 0.9591346153846154 0.11057692307692307 0.06971153846153846
0 0.30649038461538464 0.9615384615384616 0.10817307692307693 0.07211538461538461
0 0.08052884615384616 0.9627403846153846 0.11298076923076923 0.07451923076923077
0 0.5673076923076923 0.9579326923076923 0.1346153846153846 0.08413461538461539
0 0.7980769230769231 0.9603365384615384 0.12980769230769232 0.07932692307692307
0 0.9194711538461539 0.9591346153846154 0.12740384615384615 0.08173076923076923
0 0.6766826923076923 0.9819711538461539 0.12980769230769232 0.036057692307692304
0 0.6201923076923077 0.13221153846153846 0.14903846153846154 0.11778846153846154
0 0.8822115384615384 0.140625 0.14903846153846154 0.11778846153846154
0 0.06971153846153846 0.15504807692307693 0.12980769230769232 0.09615384615384616
0 0.9771634615384616 0.15504807692307693 0.04567307692307692 0.11778846153846154
0 0.9855769230769231 0.046875 0.028846153846153848 0.09375
0 0.9735576923076923 0.2704326923076923 0.052884615384615384 0.10817307692307693