0 0.41586538461538464 0.4026442307692308 0.13942307692307693 0.12980769230769232
0 0.9194711538461539 0.40384615384615385 0.1346153846153846 0.12259615384615384
0 0.6814903846153846 0.41466346153846156 0.14182692307692307 0.12740384615384615
0 0.06971153846153846 0.42788461538461536 0.0985576923076923 0.11538461538461539
0 0.1502403846153846 0.4338942307692308 0.14423076923076922 0.13221153846153846
0 0.3004807692307692 0.4639423076923077 0.13221153846153846 0.11778846153846154
0 0.7872596153846154 0.4723557692307692 0.1346153846153846 0.11778846153846154
0 0.5444711538461539 0.4879807692307692 0.14182692307692307 0.12259615384615384
0 0.42427884615384615 0.5096153846153846 0.125 0.10096153846153846
0 0.65625 0.5180288461538461 0.125 0.10096153846153846
0 0.19230769230769232 0.5180288461538461 0.12740384615384615 0.09375
0 0.8810096153846154 0.5192307692307693 0.125 0.10336538461538461
0 0.0829326923076923 0.5408653846153846 0.11538461538461539 0.10096153846153846
0 0.31850961538461536 0.5564903846153846 0.125 0.08653846153846154
0 0.7548076923076923 0.5733173076923077 0.12980769230769232 0.09615384615384616
0 0.953125 0.578125 0.0889423076923077 0.10336538461538461
0 0.5384615384615384 0.578125 0.12740384615384615 0.0889423076923077
0 0.4266826923076923 0.6009615384615384 0.1201923076923077 0.0889423076923077
0 0.20793269230769232 0.6177884615384616 0.1201923076923077 0.09615384615384616
0 0.6418269230769231 0.6189903846153846 0.12259615384615384 0.0985576923076923
0 0.8473557692307693 0.6201923076923077 0.1201923076923077 0.09375
0 0.12740384615384615 0.6225961538461539 0.0985576923076923 0.0889423076923077
0 0.32091346153846156 0.6478365384615384 0.10817307692307693 0.09375
0 0.5288461538461539 0.6526442307692307 0.11538461538461539 0.08413461538461539
0 0.7367788461538461 0.6658653846153846 0.11778846153846154 0.09134615384615384
0 0.42788461538461536 0.6887019230769231 0.11298076923076923 0.08413461538461539
0 0.13822115384615385 0.7079326923076923 0.09615384615384616 0.07932692307692307
0 0.9435096153846154 0.7079326923076923 0.10817307692307693 0.09615384615384616
0 0.23918269230769232 0.7091346153846154 0.11057692307692307 0.08413461538461539
0 0.828125 0.7259615384615384 0.11057692307692307 0.08653846153846154
0 0.6334134615384616 0.7391826923076923 0.11778846153846154 0.0889423076923077
0 0.5216346153846154 0.7572115384615384 0.10576923076923077 0.08173076923076923
0 0.4254807692307692 0.7704326923076923 0.09615384615384616 0.07692307692307693
0 0.31971153846153844 0.7740384615384616 0.10336538461538461 0.07692307692307693
0 0.7247596153846154 0.7788461538461539 0.11057692307692307 0.08413461538461539