0 0.22956730769230768 0.2247596153846154 0.08413461538461539 0.1346153846153846
0 0.47716346153846156 0.23557692307692307 0.10096153846153846 0.1466346153846154
0 0.5877403846153846 0.24278846153846154 0.11298076923076923 0.15144230769230768
0 0.3858173076923077 0.24639423076923078 0.0889423076923077 0.14182692307692307
0 0.14423076923076922 0.27283653846153844 0.07692307692307693 0.13701923076923078
0 0.05889423076923077 0.31850961538461536 0.06971153846153846 0.12980769230769232
0 0.6201923076923077 0.3641826923076923 0.125 0.14182692307692307
0 0.4987980769230769 0.3713942307692308 0.10817307692307693 0.13942307692307693
0 0.38341346153846156 0.38461538461538464 0.10096153846153846 0.14903846153846154
0 0.2860576923076923 0.3954326923076923 0.0889423076923077 0.13942307692307693
0 0.16947115384615385 0.4182692307692308 0.08173076923076923 0.1346153846153846
0 0.0829326923076923 0.4579326923076923 0.07451923076923077 0.13221153846153846
0 0.018028846153846152 0.49158653846153844 0.036057692307692304 0.11778846153846154
0 0.6021634615384616 0.5120192307692307 0.13942307692307693 0.17307692307692307
0 0.46274038461538464 0.5168269230769231 0.11778846153846154 0.16826923076923078
0 0.35216346153846156 0.5324519230769231 0.10336538461538461 0.15865384615384615
0 0.2644230769230769 0.5456730769230769 0.09134615384615384 0.14903846153846154
0 0.16947115384615385 0.5721153846153846 0.07932692307692307 0.14423076923076922
0 0.08052884615384616 0.59375 0.07451923076923077 0.13701923076923078
0 0.6262019230769231 0.6899038461538461 0.13942307692307693 0.17307692307692307
0 0.49038461538461536 0.6959134615384616 0.1201923076923077 0.16826923076923078
0 0.3701923076923077 0.6995192307692307 0.10817307692307693 0.16346153846153846
0 0.2668269230769231 0.7079326923076923 0.09615384615384616 0.15384615384615385
0 0.15264423076923078 0.71875 0.08413461538461539 0.15144230769230768
0 0.0733173076923077 0.734375 0.07692307692307693 0.13701923076923078
0 0.3317307692307692 0.8629807692307693 0.11298076923076923 0.16826923076923078
0 0.2403846153846154 0.8653846153846154 0.09375 0.15865384615384615
0 0.5913461538461539 0.8701923076923077 0.1466346153846154 0.19230769230769232
0 0.4543269230769231 0.8701923076923077 0.125 0.18028846153846154
0 0.1622596153846154 0.8786057692307693 0.07692307692307693 0.15144230769230768
0 0.08052884615384616 0.8822115384615384 0.07451923076923077 0.13942307692307693
0 0.040865384615384616 0.9723557692307693 0.07932692307692307 0.055288461538461536
0 0.11538461538461539 0.9747596153846154 0.08653846153846154 0.05048076923076923
0 0.025240384615384616 0.6153846153846154 0.05048076923076923 0.12259615384615384
0 0.2512019230769231 0.9747596153846154 0.0985576923076923 0.05048076923076923
0 0.35216346153846156 0.9771634615384616 0.10096153846153846 0.04567307692307692
0 0.020432692307692308 0.8798076923076923 0.040865384615384616 0.13942307692307693