0 0.6754807692307693 0.20432692307692307 0.06490384615384616 0.08173076923076923
0 0.4387019230769231 0.22956730769230768 0.07692307692307693 0.08653846153846154
0 0.5216346153846154 0.2548076923076923 0.07451923076923077 0.08413461538461539
0 0.5733173076923077 0.265625 0.052884615384615384 0.08413461538461539
0 0.6694711538461539 0.29086538461538464 0.0673076923076923 0.07932692307692307
0 0.8725961538461539 0.30408653846153844 0.0625 0.08173076923076923
0 0.640625 0.3329326923076923 0.06971153846153846 0.08413461538461539
0 0.4182692307692308 0.33653846153846156 0.07932692307692307 0.09134615384615384
0 0.5192307692307693 0.34134615384615385 0.07211538461538461 0.08173076923076923
0 0.9122596153846154 0.3713942307692308 0.05048076923076923 0.06971153846153846
0 0.9735576923076923 0.37740384615384615 0.05048076923076923 0.06971153846153846
0 0.6490384615384616 0.3870192307692308 0.0673076923076923 0.06490384615384616
0 0.4879807692307692 0.3918269230769231 0.07692307692307693 0.08653846153846154
0 0.859375 0.40384615384615385 0.06009615384615385 0.07692307692307693
0 0.7115384615384616 0.4110576923076923 0.057692307692307696 0.07211538461538461
0 0.5408653846153846 0.42788461538461536 0.07211538461538461 0.08653846153846154
0 0.9375 0.43149038461538464 0.05048076923076923 0.06009615384615385
0 0.265625 0.46274038461538464 0.07211538461538461 0.07692307692307693
0 0.7163461538461539 0.47475961538461536 0.057692307692307696 0.057692307692307696
0 0.6550480769230769 0.47716346153846156 0.057692307692307696 0.07451923076923077
0 0.9314903846153846 0.4831730769230769 0.04326923076923077 0.06009615384615385
0 0.8894230769230769 0.484375 0.052884615384615384 0.06971153846153846
0 0.3713942307692308 0.4987980769230769 0.0673076923076923 0.07211538461538461
0 0.5733173076923077 0.5132211538461539 0.0673076923076923 0.08173076923076923
0 0.4855769230769231 0.5216346153846154 0.07211538461538461 0.08173076923076923
0 0.3425480769230769 0.5348557692307693 0.07692307692307693 0.08653846153846154
0 0.734375 0.5396634615384616 0.06009615384615385 0.07932692307692307
0 0.8305288461538461 0.5396634615384616 0.057692307692307696 0.07451923076923077
0 0.9855769230769231 0.5408653846153846 0.02403846153846154 0.07451923076923077
0 0.8641826923076923 0.5444711538461539 0.036057692307692304 0.07451923076923077
0 0.41346153846153844 0.5817307692307693 0.06971153846153846 0.08173076923076923
0 0.625 0.5949519230769231 0.0625 0.07211538461538461
0 0.6875 0.6009615384615384 0.0625 0.07692307692307693
0 0.8713942307692307 0.6081730769230769 0.052884615384615384 0.06971153846153846
0 0.9423076923076923 0.6129807692307693 0.05048076923076923 0.06490384615384616
0 0.7704326923076923 0.6129807692307693 0.055288461538461536 0.06490384615384616
0 0.29927884615384615 0.6201923076923077 0.07451923076923077 0.08173076923076923
0 0.6225961538461539 0.6634615384615384 0.0673076923076923 0.08173076923076923
0 0.890625 0.6706730769230769 0.052884615384615384 0.06971153846153846
0 0.4206730769230769 0.671875 0.07211538461538461 0.07932692307692307
0 0.765625 0.6754807692307693 0.055288461538461536 0.06009615384615385
0 0.3016826923076923 0.7019230769230769 0.07211538461538461 0.08173076923076923
0 0.9471153846153846 0.7199519230769231 0.04567307692307692 0.057692307692307696
0 0.7019230769230769 0.7295673076923077 0.052884615384615384 0.06971153846153846
0 0.8798076923076923 0.7295673076923077 0.04807692307692308 0.052884615384615384
0 0.46033653846153844 0.7295673076923077 0.06490384615384616 0.07932692307692307
0 0.8305288461538461 0.7307692307692307 0.052884615384615384 0.057692307692307696
0 0.5504807692307693 0.7307692307692307 0.0673076923076923 0.07932692307692307
0 0.5096153846153846 0.07572115384615384 0.07211538461538461 0.08173076923076923
0 0.39663461538461536 0.7451923076923077 0.07211538461538461 0.08173076923076923
0 0.953125 0.7788461538461539 0.04567307692307692 0.06490384615384616
0 0.9026442307692307 0.7800480769230769 0.04807692307692308 0.06490384615384616
0 0.25 0.7872596153846154 0.07211538461538461 0.07932692307692307
0 0.8209134615384616 0.7872596153846154 0.055288461538461536 0.06971153846153846
0 0.4254807692307692 0.7980769230769231 0.0625 0.06490384615384616
0 0.6057692307692307 0.8004807692307693 0.06490384615384616 0.08173076923076923
0 0.6935096153846154 0.8004807692307693 0.0625 0.07692307692307693
0 0.8329326923076923 0.8341346153846154 0.05048076923076923 0.052884615384615384
0 0.8894230769230769 0.8353365384615384 0.04807692307692308 0.06009615384615385
0 0.9567307692307693 0.8353365384615384 0.04567307692307692 0.055288461538461536
0 0.7824519230769231 0.8413461538461539 0.05048076923076923 0.05048076923076923
0 0.7427884615384616 0.8425480769230769 0.036057692307692304 0.0673076923076923
0 0.7103365384615384 0.8485576923076923 0.06009615384615385 0.0673076923076923
0 0.27283653846153844 0.8545673076923077 0.055288461538461536 0.07451923076923077
0 0.43149038461538464 0.8581730769230769 0.04567307692307692 0.06490384615384616
0 0.6502403846153846 0.8581730769230769 0.06009615384615385 0.05048076923076923
0 0.38221153846153844 0.8605769230769231 0.0673076923076923 0.07451923076923077
0 0.2247596153846154 0.8641826923076923 0.07451923076923077 0.07692307692307693
0 0.8485576923076923 0.8966346153846154 0.04807692307692308 0.0673076923076923
0 0.7836538461538461 0.8990384615384616 0.052884615384615384 0.06971153846153846
0 0.6742788461538461 0.9074519230769231 0.057692307692307696 0.06971153846153846
0 0.6165865384615384 0.9134615384615384 0.057692307692307696 0.07451923076923077
0 0.46634615384615385 0.9182692307692307 0.0625 0.07451923076923077
0 0.3918269230769231 0.9230769230769231 0.0625 0.06971153846153846
0 0.3293269230769231 0.9242788461538461 0.06971153846153846 0.07932692307692307
0 0.23557692307692307 0.9254807692307693 0.06971153846153846 0.06971153846153846
0 0.5084134615384616 0.16947115384615385 0.06971153846153846 0.08413461538461539
0 0.5769230769230769 0.1814903846153846 0.0673076923076923 0.08173076923076923
0 0.2860576923076923 0.18990384615384615 0.07211538461538461 0.07932692307692307