0 0.9507211538461539 0.20072115384615385 0.09615384615384616 0.21153846153846154
0 0.8173076923076923 0.33413461538461536 0.15625 0.24519230769230768
0 0.6706730769230769 0.3701923076923077 0.13221153846153846 0.20673076923076922
0 0.9362980769230769 0.41586538461538464 0.12259615384615384 0.1971153846153846
0 0.5673076923076923 0.5408653846153846 0.17067307692307693 0.25961538461538464
0 0.875 0.5637019230769231 0.15625 0.25
0 0.6875 0.5805288461538461 0.12259615384615384 0.20192307692307693
0 0.9723557692307693 0.6069711538461539 0.052884615384615384 0.19471153846153846
0 0.7788461538461539 0.7427884615384616 0.12980769230769232 0.20432692307692307
0 0.9098557692307693 0.7620192307692307 0.12259615384615384 0.19230769230769232
0 0.5060096153846154 0.7764423076923077 0.16826923076923078 0.2620192307692308
0 0.6466346153846154 0.7836538461538461 0.12980769230769232 0.20673076923076922
0 0.3449519230769231 0.8016826923076923 0.13942307692307693 0.21394230769230768
0 0.75 0.8774038461538461 0.14903846153846154 0.09615384615384616
0 0.9110576923076923 0.890625 0.12980769230769232 0.06009615384615385
0 0.4375 0.9146634615384616 0.1346153846153846 0.07692307692307693
0 0.6069711538461539 0.9086538461538461 0.1466346153846154 0.07211538461538461