0 0.27454511249999997 0.13038936875 0.025137299999999963 0.051067734374999986
0 0.25312527031250004 0.166628484375 0.019163193749999995 0.05058734375
0 0.23727328046875 0.2451175015625 0.02391558593750003 0.04736574062500001
0 0.24116757343749998 0.30133187578125 0.016484928125 0.0471463859375
0 0.2572801546875 0.2915353265625 0.01316997187500002 0.050438703124999984
0 0.27694167265625 0.30134332734375 0.021258176562499998 0.05142733593749997
0 0.2662631875 0.35795147812500006 0.01814337499999996 0.05415213125
0 0.2518640171875 0.40031051796875 0.022543378124999958 0.049195926562499936
0 0.23815358984374999 0.3694569578125 0.017058223437499985 0.047245415624999995
0 0.28665800781249995 0.4198855359375 0.024420368750000022 0.05207576874999997
0 0.28952222265625 0.36088118046875 0.025280964062499977 0.05030522343749997
0 0.2507212046875 0.34607887265625 0.009949081250000002 0.04473899531250001
0 0.250450028125 0.22326874140625003 0.013444965625000017 0.052860707812500005
0 0.23626434609375 0.19602841249999997 0.008337376562499976 0.04812869374999999
0 0.26884627578125003 0.18557416171875 0.014055326562500036 0.05470167656249998
0 0.29177593125 0.18520294218749997 0.026017287499999986 0.053820937499999985
0 0.30146809062499996 0.23896018749999998 0.022606921874999974 0.016651978124999987
0 0.31372902500000005 0.33531546640625 0.031593856249999996 0.06163643906249998
0 0.22926064921874997 0.41678559140625 0.01837031718750004 0.049533914062500004
0 0.22987608359375003 0.46859762734375005 0.020930176562500024 0.05123697343750004
0 0.24800713281249998 0.45493999453124995 0.02399154375000001 0.04799609218750005
0 0.27111900312500004 0.46825472187500006 0.018811462499999987 0.04287168750000001
0 0.25137221953125 0.50357857265625 0.010433107812499998 0.03776765156250006
0 0.26805416796875 0.5181106140624999 0.02100917031249998 0.043899978124999975
0 0.29132692109375 0.52373801171875 0.016962889062499986 0.040753789062500004
0 0.319059946875 0.5266303812500001 0.021837153124999988 0.04083926250000003
0 0.2957890765625 0.47268300312499995 0.021907656250000018 0.04237690312500009
0 0.319491153125 0.4715097359375 0.022194978124999976 0.04993137812500006
0 0.31734420390625 0.41821151796875 0.021504826562499968 0.04888955156249999
0 0.31721668750000004 0.133109815625 0.028209684375000023 0.06188215937499999
0 0.699014740625 0.56039071875 0.039314856250000044 0.07037460937500004
0 0.7288301789062499 0.518195784375 0.04092371406249997 0.06789255937499998
0 0.34966355312499997 0.41890448593749996 0.025264115625000017 0.05071109374999998
0 0.34859817265625004 0.3653801734375 0.02156792031250001 0.046409293750000025
0 0.34111109921875 0.3087714640625 0.022775785937500004 0.05270180312500004
0 0.3073019890625 0.2851736671875 0.018176865625000004 0.03735800937500002
0 0.3304216984375 0.26231481093750003 0.019415712500000026 0.043705284374999966
0 0.35539439140624995 0.24942052109375 0.02114857968749999 0.04800704531250002
0 0.3456900953125 0.18356960546874998 0.02378679374999999 0.0540047078125
0 0.34299711796875 0.0896718375 0.030638151562500004 0.0606902625
0 0.36629674921875 0.057509143750000005 0.02538631093750001 0.05515415312500001
0 0.37352729453125 0.130338278125 0.029258907812500023 0.0529965625
0 0.4027112031250001 0.0989467875 0.025847903125000026 0.055897190624999996
0 0.4272773429687501 0.0749050703125 0.02600236718749995 0.059289099999999983
0 0.45559350390625 0.06101311484375001 0.0284043203125 0.047593039062499995
0 0.39965240078125 0.1715705625 0.029456417187500028 0.06059200000000002
0 0.38390996875 0.23761983515625001 0.02410242187499998 0.05429944531249999
0 0.37703298203125 0.30010430703125 0.017660454687499973 0.04250067343749997
0 0.40268792500000006 0.28875853281249997 0.021523124999999955 0.04631102812500001
0 0.41416570546875003 0.22676536171875003 0.022257679687499986 0.05270181093750002
0 0.4395272375 0.2002288375 0.02250717812499996 0.054496021875
0 0.43463302031249995 0.27225033515624997 0.028497553125000064 0.05297113906250002
0 0.37366711953125 0.35483325859375003 0.01973649218750002 0.049801210937499986
0 0.37875486640625 0.41419513828125 0.022008879687499983 0.046409295312499974
0 0.347371653125 0.53155777890625 0.02041402187500001 0.04151804531250001
0 0.35691120781249996 0.47618888125000003 0.021163303124999987 0.04065798437499994
0 0.38477039843750005 0.46886220625 0.017245693750000023 0.04400007500000003
0 0.37092221328125 0.5268120265625 0.017635126562500013 0.04191109687500001
0 0.39500214921875 0.519718884375 0.022716817187500026 0.046605887499999984
0 0.41880883124999996 0.5165216914062499 0.021234149999999997 0.046507564062499986
0 0.4081735109375 0.4558205328125 0.027297715625000007 0.04820354375000004
0 0.40508659765625 0.40064937109375 0.02090114843749995 0.04980121093750003
0 0.4064073453125 0.34417532812499996 0.024968721874999968 0.04820354375
0 0.43527988281249996 0.34161684999999997 0.02503274062500003 0.05400468125
0 0.43169601249999995 0.39544870703125 0.022609837500000028 0.042107573437500004
0 0.44001994921875004 0.45510537734375 0.025030629687500028 0.04530294531250005
0 0.44578613515624993 0.5108661203125 0.024137792187500028 0.04350875937499996
0 0.27028958203125 0.23869710546874998 0.01747025781250002 0.03461050156250001
0 0.46612566796875 0.408523140625 0.027192839062499984 0.054397787499999996
0 0.38428395546875 0.0402028140625 0.015370689062500009 0.018922678125
0 0.42401747578125004 0.14208432734374998 0.027253823437499936 0.062091410937499994
0 0.4567117140625 0.12862409453125 0.03208795312500001 0.060886795312500006
0 0.48340282187499994 0.0986829328125 0.030168381249999942 0.05429951875
0 0.51905037890625 0.08307180234375 0.02645933281249997 0.051202401562499986
0 0.47136899843749996 0.1876657453125 0.024140600000000047 0.05469252500000001
0 0.5040266492187501 0.21394018203125 0.032115801562499956 0.06059200468750001
0 0.49567205078125004 0.15428354140625 0.029633685937499977 0.05759308593750001
0 0.52464698203125 0.13278571171875 0.03289399843749994 0.061698348437499995
0 0.55887262109375 0.11642488359374999 0.030097917187500035 0.06309954531249999
0 0.4694931828125 0.35159422109375005 0.026921978124999947 0.051300660937499964
0 0.47699907109375 0.2808628875 0.026342845312499995 0.056388506250000026
0 0.50908816640625 0.272552378125 0.030578926562500008 0.05609371250000002
0 0.5008432515625 0.3445865546875 0.025770146875000056 0.05420126249999999
0 0.47901983359375 0.46647115625 0.023845092187499972 0.04341050000000006
0 0.4795183343750001 0.52159316484375 0.026866703124999967 0.048694867187500004
0 0.516001903125 0.5303167625 0.025901093749999937 0.051300674999999976
0 0.69437112890625 0.32401133515625 0.03182207031250002 0.05579892968750002
0 0.7334652515625001 0.31208690703125 0.03289815625000001 0.0590925828125
0 0.74718629609375 0.37032967812499995 0.03933001406249996 0.06609836874999994
0 0.70701960703125 0.38610093515625 0.03702714843749995 0.06489369843750001
0 0.72404491484375 0.446740234375 0.03396889843750008 0.06789255937499998
0 0.6021675796875 0.1259837015625 0.032368193749999996 0.056807071875000004
0 0.510344615625 0.46785773359375 0.02911971875000008 0.057298389062500024
0 0.5015166421874999 0.4065051109375 0.027951906249999946 0.060297181249999984
0 0.54131546640625 0.3892344546875 0.02967209843749998 0.05609372187500004
0 0.5421115671875001 0.4799368414062499 0.023242975000000055 0.049801214062499974
0 0.55129207109375 0.54019581796875 0.025268907812499998 0.060002404687499934
0 0.54600860859375 0.32355461328125 0.032052495312500005 0.058306464062499994
0 0.54471794765625 0.2654337640625 0.03254606406249998 0.05720003125000002
0 0.5380165937499999 0.19992677421875 0.031109384375000014 0.060100685937499974
0 0.56976430390625 0.17337751015625 0.029069179687500047 0.059904167187500024
0 0.57905407109375 0.24152668515625 0.033880814062499987 0.06169829218749996
0 0.60855634375 0.18629182265625 0.035287678125 0.06150182343750001
0 0.6170132460937501 0.2465508296875 0.03226266718750006 0.05690530000000003
0 0.6544433734374999 0.221537403125 0.037524378125 0.06538498749999999
0 0.57905562890625 0.30649318828125 0.028241870312499983 0.05869952031250003
0 0.5759718171875 0.3699730609375 0.02938625624999993 0.06270645937499997
0 0.5707384234375 0.43580026406249994 0.030600515624999946 0.053808200000000014
0 0.57592236953125 0.49491651953124993 0.028696260937500016 0.05690528281249998
0 0.58292064453125 0.55382345859375 0.02846572968750003 0.06140360156249995
0 0.6141744585937501 0.54596786171875 0.030878192187500007 0.05341514843749993
0 0.6535291429687501 0.55238044453125 0.03345737343749997 0.0566105453125
0 0.62926271875 0.299496503125 0.035139143750000025 0.06010066562500001
0 0.67150419609375 0.26837433203125 0.039942776562500004 0.0755862171875
0 0.61552865390625 0.380441684375 0.03563859843749997 0.06339429999999995
0 0.65862285390625 0.35575945078125004 0.03475227968750003 0.06619663906249999
0 0.63810971171875 0.43122375625 0.03388234843750002 0.05990418437499993
0 0.6117871234375001 0.4872446828125 0.032246843750000045 0.056708803125
0 0.6487426734375 0.4946162539062501 0.034444159375000005 0.06860586718750002
0 0.67392000546875 0.41895539843749996 0.03260676406250003 0.056905343750000004
0 0.68722395859375 0.48539588984375 0.03444763593750002 0.07170298281249998
0 0.0070540820312500006 0.4528447015625 0.014108164062500001 0.05130924375000001
0 0.038424592968750004 0.45712328203124997 0.0345227515625 0.05198880781249997
0 0.07355096328124999 0.46553661953125003 0.029346989062500006 0.04872977656249997
0 0.114384103125 0.47660951015624997 0.04371061250000001 0.05926559218750001
0 0.00748413046875 0.5175205632812501 0.0149682609375 0.04569642656250004
0 0.0370913859375 0.52398529921875 0.031127065625000006 0.05360594843750004
0 0.07489646953125 0.53303149375 0.039196951562500006 0.0603341125
0 0.11970625937500001 0.54176292421875 0.042848075000000006 0.05648258281250005
0 0.00869583125 0.5774850812500001 0.0173916625 0.05589717812500004
0 0.04155228984375 0.58414500859375 0.03247723281249999 0.05500915781250004
0 0.08050959609375 0.5926122796875 0.0386102328125 0.05389864062500003
0 0.127269846875 0.60381582890625 0.04111963437499999 0.05729471718749997
0 0.011914403125 0.637998590625 0.02382880625 0.05939483125000002
0 0.0446422234375 0.64101216015625 0.028811393750000004 0.05862321406249995
0 0.08175423984375 0.6559299125000001 0.03802237031250001 0.05680346250000001
0 0.13075057265624998 0.667577734375 0.04274420156249999 0.06668429062500003
0 0.009363563281249999 0.6981214890625 0.018727126562499998 0.04651801249999998
0 0.047157519531250004 0.70504327265625 0.03668932968750001 0.05287306406249996
0 0.08801740468750001 0.71889013828125 0.03690493437500001 0.05599748281250001
0 0.13362564375 0.72607033359375 0.043526834375000004 0.05303561718749998
0 0.01325718671875 0.7520812390625 0.0265143734375 0.048915274999999966
0 0.048324225 0.7639457375 0.035002871874999994 0.049810293750000054
0 0.08690738515625 0.779796103125 0.03284231093750001 0.056941715624999924
0 0.1328908265625 0.79251201484375 0.045153225000000005 0.058295695312499965
0 0.01318980703125 0.8113695234375001 0.0263796140625 0.060271846875
0 0.051528975 0.8233198835937501 0.037301921875000005 0.058192873437499945
0 0.08969834609375 0.8338484984375001 0.036213970312499996 0.055172265624999994
0 0.1326699734375 0.8508565140624998 0.03876334374999999 0.061364056250000056
0 0.012960719531250001 0.86898572734375 0.025921439062500003 0.050392151562499876
0 0.046672358593750005 0.8826749859374999 0.03368516406250001 0.06125619999999987
0 0.08722594609375 0.9014041390624999 0.04003162343750001 0.06779062499999995
0 0.13296575390625 0.9134086343749999 0.04651289843749999 0.06678255000000011
0 0.01340545078125 0.9249772562499998 0.0268109015625 0.055560696875000024
0 0.04927957578125 0.94233683515625 0.0353710546875 0.06345859843750006
0 0.09090519609375 0.9621427976562501 0.04217575156250001 0.06775348593749993
0 0.13469023515625 0.9740896296875 0.04128982968749999 0.05182074062499993
0 0.180459975 0.63229642890625 0.01851252187500001 0.04653929218750008
0 0.20741032421875003 0.62994761796875 0.015554970312500017 0.03594399531249994
0 0.22912961171874996 0.6327092101562499 0.014124742187500016 0.033853414062499976
0 0.25075511171875 0.62811846015625 0.019483729687499986 0.038514229687499936
0 0.27697073437499997 0.6303146820312501 0.017172434375000024 0.038555892187499996
0 0.29978166796875005 0.6392504812500001 0.017694295312500018 0.0389637875
0 0.3266310640625 0.644206396875 0.01978175000000002 0.040607503125000034
0 0.35027446640625 0.645843390625 0.021504957812499993 0.042751268750000015
0 0.3765357828125 0.65529190703125 0.021504924999999987 0.04136253906250005
0 0.40390705078125 0.65500068671875 0.021438698437500035 0.04021381406249995
0 0.43357305703125004 0.65671437421875 0.022515592187500034 0.04509998281250001
0 0.46214566484374997 0.664259990625 0.021405620312499974 0.043291453125000066
0 0.4925243015625 0.671277996875 0.024437443749999944 0.044477878125000016
0 0.5208028359375 0.6789922335937499 0.025025490625000035 0.04881617343749998
0 0.55471400703125 0.6932474210937499 0.02724134843749999 0.050066048437499955
0 0.18519915390625 0.6802604773437501 0.0173379859375 0.037797054687499984
0 0.21018033203125 0.68114273359375 0.019450614062500017 0.0339826859375
0 0.23071706328125002 0.68156945546875 0.011381610937500009 0.03533249218750001
0 0.24627489999999996 0.68144496796875 0.013204156249999998 0.0375723265625
0 0.2659626046875 0.68978023671875 0.020171150000000006 0.04242329218750003
0 0.29375640703125 0.69227003828125 0.0202374109375 0.04089420156249997
0 0.31899056796874997 0.70078049609375 0.019160554687499998 0.039654435937500045
0 0.3426339546875 0.704872965625 0.02101618437499999 0.04023541875000003
0 0.37250725859375 0.71346696015625 0.0165923109375 0.042283060937499964
0 0.39637847578125 0.7176332343749999 0.020593667187499998 0.04356628124999995
0 0.42627294765625 0.7228034640625001 0.023303651562499982 0.040768175000000004
0 0.4556733968750001 0.72967399375 0.022871878124999957 0.043551893749999945
0 0.48757653203124995 0.7422009921875 0.02559115156250007 0.04655845624999992
0 0.5211268062500001 0.7454272421875 0.02859229062499997 0.04839192812500004
0 0.56486038515625 0.7469056203125 0.02718198281250004 0.04774075312499999
0 0.18230574296875 0.73038857890625 0.01825856718750001 0.03490698906249996
0 0.20077091640624997 0.73094829296875 0.01229290156249998 0.03718693281250003
0 0.22005267812499998 0.73650254140625 0.01747045625000001 0.04241826718750001
0 0.24152186796875 0.7360814695312501 0.018225439062500026 0.038952132812500026
0 0.2675215875 0.73914271015625 0.020104928124999998 0.03909724531250003
0 0.29020471328125 0.7480439109375 0.019592357812499996 0.04119536874999996
0 0.313334178125 0.75920731015625 0.020369828125000034 0.04403338281250004
0 0.3452326859375 0.75966317890625 0.01842278125000001 0.047528357812499956
0 0.36825554609375005 0.7695928773437499 0.022748682812499997 0.044350964062499984
0 0.39845398437499996 0.77252522265625 0.02111822812499997 0.03696756093750002
0 0.42911356328125 0.78207772734375 0.02132050781250001 0.038774320312500075
0 0.45805220078125003 0.7950713078125 0.026636232812500004 0.04823258437500009
0 0.48869472343750003 0.80367894453125 0.026721665625000047 0.04839192656249995
0 0.52716543515625 0.80735667578125 0.03179471093749999 0.0498535859375
0 0.5758731929687501 0.8019389148437501 0.02949852343749999 0.04590728593750004
0 0.1842209 0.7795416632812501 0.0168150625 0.037370235937499975
0 0.18357200312500002 0.8264251250000001 0.011424028125000008 0.03777863750000012
0 0.1905209421875 0.8757855812500001 0.01659929375 0.0391346562499999
0 0.19127922421875002 0.9260318804687501 0.02022188906250002 0.042067279687499945
0 0.1976755328125 0.972482159375 0.012767106249999993 0.04172101562500004
0 0.21158135390624996 0.93219604296875 0.017692342187499977 0.03526293906249993
0 0.20961743828124998 0.8834460843750002 0.016547239062500017 0.03778894687500003
0 0.20055696249999996 0.8302116726562498 0.014882465624999997 0.032940004687499955
0 0.203472946875 0.7787535437499999 0.013270387500000003 0.034929428124999974
0 0.22099903515625 0.7860329406250001 0.015069110937499986 0.03487708750000005
0 0.21516144609375001 0.97982190546875 0.013202373437500015 0.03389541406249989
0 0.22426400468750002 0.835318065625 0.011789590625000023 0.03694237812499992
0 0.24397353828124996 0.84362069609375 0.020336760937499986 0.03399361406249994
0 0.2426205421875 0.788706603125 0.017702246875000015 0.04215140312500001
0 0.2718812546875 0.792328065625 0.019791003124999974 0.04311573749999988
0 0.29343655234375 0.8012878117187501 0.017404229687500015 0.03778664531249998
0 0.23093652109375 0.8901672953125 0.018744176562500003 0.03457215625000014
0 0.23167531015625 0.94180711953125 0.018495754687500022 0.04654463593750009
0 0.25460547109375 0.9460307703125 0.023666645312499977 0.04481749687499992
0 0.25631746875 0.8932155328124999 0.022277146874999997 0.04617289375000002
0 0.271223640625 0.8477734781249999 0.017977774999999994 0.0415754906250001
0 0.28002045703125 0.9001096890625 0.02152879531249998 0.04633224375000004
0 0.28168295078125 0.9525128039062499 0.023210514062499986 0.048059448437500055
0 0.58172333125 0.8576567992187499 0.029300440625000056 0.04964109218749986
0 0.5864239765624999 0.9184928679687498 0.029578690625000004 0.0480015671875
0 0.5936216734374999 0.97028179140625 0.029236503125000014 0.05039849218749985
0 0.54590892265625 0.919888184375 0.027998298437499968 0.052391334374999946
0 0.358026159375 0.92918238046875 0.024311803124999986 0.05065031093750001
0 0.35372316953125005 0.8734045007812501 0.024663395312499992 0.04876370156249994
0 0.34987203125 0.818709609375 0.02144360624999999 0.04957415312500011
0 0.31582399843750003 0.8142229257812499 0.019353178125000037 0.04175538281249995
0 0.38270240156249996 0.8788566781250001 0.02378389062499999 0.04293088437499985
0 0.39055663906250004 0.9355979734375 0.021731262500000036 0.04557394687500001
0 0.41242803749999996 0.8848203609375 0.02512297499999998 0.052709968750000155
0 0.37433038984375 0.8263808148437499 0.02438729531249999 0.060270082812500105
0 0.40280664687499995 0.8326503593750001 0.030312553124999964 0.05033159062500001
0 0.43566186171875004 0.8384477851562501 0.028192476562499992 0.05417162343750004
0 0.44069770859375 0.89808539609375 0.026242714062500026 0.048657473437500084
0 0.305496034375 0.906538609375 0.019256528125000026 0.046438471875000074
0 0.30031387265625 0.8588991265625001 0.022012751562499978 0.046877150000000076
0 0.30920389296875 0.95907448203125 0.02413772031249999 0.0497335953124999
0 0.2357247375 0.9864122320312501 0.01958500624999999 0.027175535937499974
0 0.26260854375 0.9872217265625001 0.017436603124999995 0.025556546874999954
0 0.28578974453125 0.9914660453125 0.021618139062500007 0.017067909374999957
0 0.31132160546875004 0.99665363671875 0.019248010937499994 0.006692726562500084
0 0.34133657890625 0.9670112640624999 0.026064026562499974 0.044325640625000065
0 0.3303787078125 0.9199433124999998 0.025327750000000027 0.04298400312500004
0 0.32804170078125 0.8638398289062501 0.022857317187499993 0.04390071718749997
0 0.36998542187499994 0.9779570640624999 0.025580462500000012 0.044085871875000036
0 0.403560446875 0.978633771875 0.022001590624999956 0.042732456250000085
0 0.41726853203125 0.9423254421875 0.024541467187499943 0.046279125000000046
0 0.42792159140625 0.9871627249999999 0.022637410937499956 0.025674549999999918
0 0.45334104218750004 0.9481691367187499 0.024900840624999976 0.04774075781249998
0 0.46467921562500003 0.8524633453124999 0.025795725000000047 0.049680387499999944
0 0.5033158375 0.8562207351562501 0.029758074999999985 0.04904307343749999
0 0.47758552109375 0.9056031484375001 0.02783784843749997 0.05174013750000004
0 0.50966058046875 0.9150212703125 0.02492562031250003 0.04812631874999997
0 0.48523965312499995 0.95948068984375 0.02905158124999998 0.05168702343750002
0 0.459002228125 0.98818468203125 0.025960715624999953 0.023630635937499988
0 0.55889271328125 0.96886927421875 0.028394064062500047 0.04169547968750002
0 0.5398133078125 0.8580118679687502 0.026152306250000024 0.04920241093750004
0 0.5200923515625 0.96848668515625 0.029829390625000052 0.04802008906249995