0 0.3486550515625 0.20813904374999997 0.06683420625000003 0.044390628124999984
0 0.16541792500000002 0.224930290625 0.052353459375 0.04168860624999997
0 0.29351682421874997 0.21682416953125 0.0501256609375 0.04246061718749998
0 0.21387274140625 0.26538901953125 0.06015079218750001 0.041060270312499994
0 0.11640617499999999 0.23496643046875 0.038986615625 0.03860055781249998
0 0.10248237656249999 0.2749180078125 0.05123954687500001 0.037442534375
0 0.1005330515625 0.31583458984375 0.05402430937500001 0.04130259843749999
0 0.10166985625 0.36027185234375 0.053978528125 0.04284661406249999
0 0.09886218124999999 0.40157445234375 0.055138225 0.038214545312500015
0 0.09802675546874999 0.44364905703125 0.0534673734375 0.04053060156250003
0 0.1033178046875 0.48712129453125 0.045113090625 0.04246059843749998
0 0.10640547734374999 0.52904951953125 0.04339334531250001 0.03744252968750006
0 0.10359627890625 0.57228214140625 0.05569516718749999 0.03667051406250001
0 0.21484375 0.653125 0.053125 0.0390625
0 0.38671875 0.571875 0.053125 0.0359375
0 0.62734375 0.490625 0.059375 0.0390625
0 0.696875 0.53671875 0.0578125 0.034375
0 0.51875 0.31015625 0.05625 0.0390625
0 0.353125 0.2625 0.05625 0.04375
0 0.63828125 0.35859375 0.059375 0.0421875
0 0.43984375 0.4 0.0578125 0.0390625
0 0.284375 0.40078125 0.053125 0.0390625
0 0.2171875 0.3515625 0.0609375 0.0390625
0 0.26953125 0.30859375 0.0578125 0.040625
0 0.21484375 0.440625 0.0609375 0.040625
0 0.2078125 0.5234375 0.05625 0.0421875
0 0.27734375 0.615625 0.059375 0.0421875
0 0.3328125 0.65859375 0.0578125 0.0390625
0 0.34921875 0.5265625 0.0578125 0.040625
0 0.3375 0.7046875 0.0546875 0.040625
0 0.10078125 0.6140625 0.059375 0.0375
0 0.0984375 0.65546875 0.0546875 0.034375
0 0.10546875 0.69609375 0.05625 0.0359375
0 0.10234375 0.73828125 0.0578125 0.0375
0 0.159375 0.27265625 0.0515625 0.0375
0 0.15625 0.31328125 0.053125 0.0375
0 0.1578125 0.35546875 0.053125 0.04375
0 0.15625 0.40234375 0.053125 0.0375
0 0.1546875 0.44296875 0.0484375 0.040625
0 0.15546875 0.48515625 0.053125 0.0390625
0 0.3296875 0.30859375 0.05625 0.040625
0 0.3921875 0.30703125 0.059375 0.040625
0 0.45546875 0.3078125 0.0609375 0.0421875
0 0.58203125 0.31171875 0.0625 0.040625
0 0.70078125 0.315625 0.0640625 0.0421875
0 0.7671875 0.31328125 0.059375 0.040625
0 0.83359375 0.3140625 0.0640625 0.0453125
0 0.70078125 0.35859375 0.059375 0.040625
0 0.765625 0.3578125 0.0625 0.0421875
0 0.83203125 0.3578125 0.065625 0.0390625
0 0.696875 0.403125 0.059375 0.0421875
0 0.7640625 0.403125 0.0671875 0.0453125
0 0.83359375 0.40234375 0.0625 0.04375
0 0.8328125 0.45 0.0671875 0.04375
0 0.846875 0.49609375 0.0640625 0.0421875
0 0.76484375 0.44765625 0.0640625 0.040625
0 0.69921875 0.44765625 0.0609375 0.0390625
0 0.765625 0.49140625 0.0671875 0.0421875
0 0.69296875 0.4921875 0.0640625 0.04375
0 0.63046875 0.40234375 0.0625 0.0390625
0 0.57265625 0.35859375 0.065625 0.04375
0 0.50859375 0.35546875 0.0546875 0.04375
0 0.44921875 0.3546875 0.0515625 0.04375
0 0.390625 0.35390625 0.05625 0.040625
0 0.33203125 0.35390625 0.0546875 0.0390625
0 0.275 0.3546875 0.046875 0.04375
0 0.3671875 0.39921875 0.0640625 0.04375
0 0.50625 0.4015625 0.059375 0.04375
0 0.56796875 0.403125 0.0546875 0.0421875
0 0.21953125 0.3953125 0.05625 0.0421875
0 0.28046875 0.4453125 0.059375 0.0421875
0 0.35234375 0.44375 0.0625 0.0390625
0 0.41875 0.44375 0.059375 0.0421875
0 0.48125 0.44609375 0.0578125 0.04375
0 0.54765625 0.44609375 0.0625 0.0421875
0 0.61328125 0.44609375 0.0640625 0.0390625
0 0.21484375 0.4828125 0.059375 0.0359375
0 0.2796875 0.4875 0.0640625 0.0390625
0 0.3484375 0.48515625 0.0609375 0.0359375
0 0.409375 0.48671875 0.053125 0.0359375
0 0.48125 0.4890625 0.06875 0.0390625
0 0.546875 0.490625 0.0578125 0.0421875
0 0.27109375 0.52890625 0.0609375 0.0390625
0 0.41640625 0.5296875 0.0671875 0.040625
0 0.484375 0.53125 0.0578125 0.0375
0 0.54765625 0.53359375 0.059375 0.0359375
0 0.6125 0.53515625 0.059375 0.040625
0 0.76328125 0.53671875 0.065625 0.040625
0 0.83125 0.540625 0.0609375 0.0421875
0 0.8328125 0.58359375 0.0671875 0.0421875
0 0.7640625 0.58125 0.0640625 0.04375
0 0.70078125 0.57890625 0.0625 0.0453125
0 0.6359375 0.5796875 0.0609375 0.0421875
0 0.56875 0.5765625 0.059375 0.0421875
0 0.5046875 0.57265625 0.0625 0.04375
0 0.44453125 0.57421875 0.05625 0.04375
0 0.15234375 0.52578125 0.04375 0.0359375
0 0.16328125 0.56953125 0.05625 0.0421875
0 0.22109375 0.56953125 0.0546875 0.0390625
0 0.2765625 0.57265625 0.0515625 0.0421875
0 0.33046875 0.5703125 0.053125 0.04375
0 0.1609375 0.61328125 0.053125 0.040625
0 0.15859375 0.65390625 0.05625 0.0375
0 0.16171875 0.6984375 0.05 0.040625
0 0.159375 0.7390625 0.0515625 0.0359375
0 0.2140625 0.6984375 0.05 0.0390625
0 0.2140625 0.73984375 0.046875 0.04375
0 0.271875 0.66015625 0.0546875 0.0421875
0 0.27109375 0.7046875 0.059375 0.0421875
0 0.26796875 0.75 0.05625 0.04375
0 0.33125 0.7484375 0.0625 0.04375
0 0.3359375 0.6125 0.053125 0.0359375
0 0.39609375 0.61796875 0.059375 0.0421875
0 0.3953125 0.66171875 0.0609375 0.0421875
0 0.4 0.70546875 0.0625 0.0421875
0 0.39921875 0.75078125 0.06875 0.0421875
0 0.46328125 0.61953125 0.0609375 0.040625
0 0.4609375 0.6609375 0.0625 0.0390625
0 0.46484375 0.70390625 0.059375 0.040625
0 0.465625 0.74921875 0.0546875 0.04375
0 0.5296875 0.62265625 0.0625 0.0421875
0 0.52890625 0.66640625 0.0625 0.0390625
0 0.5296875 0.7109375 0.065625 0.04375
0 0.53125 0.75859375 0.06875 0.0421875
0 0.596875 0.62265625 0.0609375 0.0421875
0 0.59609375 0.66953125 0.065625 0.04375
0 0.6109375 0.71953125 0.065625 0.0390625
0 0.60390625 0.76171875 0.0609375 0.0390625
0 0.66796875 0.62421875 0.0671875 0.0390625
0 0.73828125 0.62734375 0.059375 0.040625
0 0.81328125 0.628125 0.0703125 0.0421875
0 0.6609375 0.66875 0.05625 0.0390625
0 0.73125 0.671875 0.0703125 0.04375
0 0.8046875 0.67265625 0.0671875 0.040625
0 0.6828125 0.71484375 0.0625 0.0390625
0 0.7515625 0.7203125 0.0640625 0.04375
0 0.82109375 0.72421875 0.0671875 0.046875
0 0.66796875 0.76171875 0.053125 0.0390625
0 0.73203125 0.76640625 0.06875 0.0421875
0 0.80234375 0.77109375 0.059375 0.0421875