0 0.4766762 0.4681913296875 0.05255245937499993 0.15841155937500004
0 0.43321457187500007 0.241818234375 0.05379777812500004 0.17779165
0 0.41940251171875004 0.09338701015625 0.05003984531250003 0.1171233609375
0 0.5414327867187501 0.10425373984375 0.04806930156249996 0.1455977796875
0 0.50457135546875 0.251710009375 0.049065579687500006 0.14089369999999998
0 0.6588670296875 0.29911601484375 0.041842728124999964 0.15251321093749998
0 0.18904274765625 0.5085571203125 0.11738708593750002 0.317334540625
0 0.23041301953125 0.127773575 0.0954892453125 0.25554715
0 0.33399179296875003 0.40992612968750003 0.09452101718749999 0.28016924062500004
0 0.55965548515625 0.8287505898437499 0.0640225328125 0.2544394796875
0 0.6873809109375 0.7429844898437501 0.08067372812500002 0.31733453906250003
0 0.77675893203125 0.61862373515625 0.06923534218749997 0.2916049890625
0 0.97620587890625 0.54286368984375 0.04758824218749993 0.3001815796875
0 0.743351028125 0.8716336453124999 0.06844812187500002 0.2201329093749999