0 0.30568435078125 0.58199927421875 0.1702307078125 0.42920535781249997
0 0.12217379453124999 0.6160307062499999 0.0810334671875 0.14041501875
0 0.06906363984375 0.7411639125 0.08171078906249998 0.11087608125
0 0.048753283593749995 0.876853565625 0.0406207140625 0.15111183124999988
0 0.29391687734375005 0.817219021875 0.13929187656250003 0.10483544374999995
0 0.867445684375 0.71438212578125 0.027237015625000006 0.04109190156249998
0 0.81512728125 0.69917297265625 0.03654452500000005 0.05528025156250003
0 0.7559445195312501 0.6790971875 0.052771620312500024 0.07595593124999996
0 0.67678734453125 0.651113434375 0.06809228281249995 0.10920172187499996
0 0.6178386874999999 0.7113501171875 0.06342327499999997 0.11207573750000002
0 0.7532144328125 0.8225698515625 0.193709440625 0.2596792593749999
0 0.45293387109375 0.81985344140625 0.05617605781249999 0.08982853281249996
0 0.48357538515625 0.903409665625 0.039153114062500015 0.062293784375000175
0 0.5082589171875 0.8358740765625001 0.017023068750000016 0.07726315312500001
0 0.5669884578125 0.8620513578125 0.06979469374999994 0.17422436562499993
0 0.9553831609374999 0.83474231796875 0.03628556249999999 0.16067644531250008
0 0.3137037875 0.8842436640625 0.20866560624999994 0.136331634375