0 0.7898166578125 0.77606627109375 0.021157237499999936 0.025383570312500048
0 0.7906463734375 0.7466078367187501 0.021157240625000018 0.02562308281250001
0 0.7912033140625 0.7197221593750001 0.021702728124999914 0.02586406874999998
0 0.7906463734375 0.6909716359375 0.021157240625000018 0.02880540937499996
0 0.79230575625 0.66085155859375 0.023646318750000006 0.02727985468750003
0 0.79230575625 0.6320275625 0.02115727187499994 0.02727986250000001
0 0.7930704648437501 0.6038822984375 0.021287220312500032 0.026951840625000046
0 0.7974273609375 0.57699663359375 0.017551590624999936 0.027192857812500026
0 0.8159520921875 0.77717697578125 0.021157237499999936 0.029338714062499972
0 0.8387687281249999 0.78180941171875 0.021157237500000113 0.0283093015625
0 0.6045870703125 0.77574476953125 0.04397389374999996 0.026026573437500033
0 0.65187973359375 0.7739440640625 0.04231447656249996 0.027569196875000035
0 0.69606103125 0.7727863242187499 0.040240268750000044 0.027825732812500004
0 0.74314628125 0.7727214078125 0.0406551125 0.02383787812499998
0 0.7435611234375 0.74454974140625 0.04065510937500001 0.026650920312499958
0 0.74397596484375 0.7168920125 0.0406551109375 0.02534780937500001
0 0.69660137734375 0.7193365171874999 0.03998925781249998 0.027664806250000052
0 0.69691268203125 0.74499877265625 0.03853696718749999 0.018546926562500055
0 0.65125745625 0.7448704648437501 0.03775118749999997 0.020862326562499957
0 0.60573505546875 0.7462941195312499 0.0408481734375 0.024191573437499957
0 0.60407534296875 0.72081576953125 0.04167855156250004 0.021617982812500002
0 0.65270941796875 0.7203651625 0.041484795312500024 0.024578062500000008
0 0.65204985859375 0.69238593203125 0.041144545312500024 0.023917954687499954
0 0.6047944828125 0.6943079867187499 0.04106995312499997 0.02522098593749993
0 0.60822138671875 0.6114896562500001 0.040646051562499966 0.025128159374999993
0 0.6074286164062499 0.639996796875 0.042231592187499965 0.02580071874999996
0 0.60719931484375 0.66752044296875 0.038463442187499995 0.023196017187499952
0 0.65327092421875 0.6641723109375001 0.041844857812500004 0.022550309375000042
0 0.65482861640625 0.63795101953125 0.04295622343750001 0.02464801718749996
0 0.7038667242187501 0.6379652359375 0.04378599843749997 0.02566841562499995
0 0.7474623031250001 0.63506668125 0.04112989374999998 0.025172437500000023
0 0.7463523546874999 0.664965246875 0.04419512812500006 0.027257534374999982
0 0.7449914429687501 0.6910471164062499 0.041844857812500004 0.024389829687499986
0 0.6980744953125001 0.6899990625 0.03930877812500002 0.02753481250000007
0 0.6559385656250001 0.6107030195312501 0.03989099062500001 0.023554885937500013
0 0.70545226484375 0.6098510242187499 0.04061491718749997 0.02316116718750001
0 0.7492182125 0.6095888039062499 0.039308812500000026 0.022636726562499997
0 0.75094988515625 0.58209966171875 0.04176289531249999 0.02727013593749996
0 0.69934251796875 0.66391009375 0.04015415156250004 0.02097703437499998
0 0.81980496875 0.6656203820312501 0.021556465625000066 0.025947264062499985
0 0.84643352265625 0.667259015625 0.020711060937500036 0.027914253125000066
0 0.8688352921875 0.6660078039062499 0.01817504999999997 0.03146555156249997
0 0.892940209375 0.667324375 0.02237691875000003 0.0267347
0 0.91702027890625 0.6659487429687501 0.020711060937500036 0.030534798437500045
0 0.9441453093750001 0.700222984375 0.018027431249999993 0.032259384375
0 0.9671073234375 0.6960937218750001 0.021133762500000052 0.027931681250000027
0 0.96076719296875 0.75253808046875 0.019443085937500014 0.02936786093750001
0 0.9648068500000001 0.7263167968750001 0.018126478124999856 0.023074706249999986
0 0.95759713046875 0.77954601015625 0.02071106093749986 0.023599167187500037
0 0.9354066453125001 0.7835152046875 0.01775234999999995 0.027198124999999962
0 0.9392107296875001 0.7550734234375 0.019443090625000003 0.02534600624999994
0 0.9437752085937501 0.7286767078125 0.020458310937500102 0.024648062500000022
0 0.915540921875 0.7261079984375 0.019443024999999992 0.027687690625000004
0 0.91702027890625 0.6972111375 0.020711060937500036 0.022550309374999956
0 0.8913021015624999 0.6960937218750001 0.022271784374999902 0.027931681250000027
0 0.8889770375000001 0.7246670359375 0.021849762499999946 0.032667406250000044
0 0.8894000765625 0.7550734234375 0.01846773437499998 0.02534600624999994
0 0.9143419523437499 0.75717111640625 0.017614207812500025 0.02954139218749994
0 0.88871650390625 0.785546765625 0.02412345156249991 0.027330428125000063
0 0.9140615640625 0.7850524773437499 0.023247140625000107 0.023074745312499978
0 0.86334053359375 0.7527796546875 0.020711060937500036 0.024689287500000035
0 0.86334053359375 0.7818112156250001 0.019865789062500028 0.02641068750000004
0 0.8163709046874998 0.7223836046875001 0.022507165624999992 0.026745749999999992
0 0.8403047117187501 0.72159695625 0.020288426562500027 0.02307478749999996
0 0.86545390859375 0.72519065078125 0.018174982812499962 0.028473545312499925
0 0.8684126554687499 0.69694891640625 0.01986572656250001 0.026221292187500023
0 0.8424181203124999 0.6959000734374999 0.01944308750000001 0.025172437499999933
0 0.8181142609375 0.69222670078125 0.01986572500000001 0.024128451562499986
0 0.8155782156250002 0.7483426671875 0.019020387499999993 0.02202590937500002
0 0.8408375445312501 0.751665440625 0.017532085937500063 0.02377113125000001
0 0.81177416328125 0.6226962828125 0.012257554687499983 0.027887321875000027
0 0.8258831289062499 0.61797803671875 0.01616297343749995 0.028933010937499937
0 0.8705259984375001 0.61723619296875 0.020711062500000033 0.030416698437499966
0 0.8935617882812501 0.617498403125 0.021133760937499878 0.029892278124999994
0 0.9123708578125 0.615925128125 0.013948296875000033 0.021501471875
0 0.8122499968750001 0.5978324328125 0.012151293750000037 0.016781628125000038
0 0.8271518125 0.59713646328125 0.010244128124999996 0.016075857812500073
0 0.8229750640625 0.5752821234375001 0.020288425000000034 0.023074746874999975
0 0.8460108546875 0.57764205 0.01986572500000001 0.02569684375000003
0 0.8694693109374999 0.57659319453125 0.01944308750000001 0.026745723437500056
0 0.8910257757812501 0.5768554 0.019443085937500014 0.025172437500000023
0 0.9144842335937501 0.5757082812500001 0.019865723437500017 0.024320125000000026
0 0.93667468515625 0.5747577015625 0.018597751562499987 0.02727015937499999
0 0.9637259078125 0.5755443437500001 0.021979165624999908 0.030941131249999997
0 0.9353203499999999 0.6114675070312501 0.020461018750000014 0.02831900781250001
0 0.7037083125 0.5797397515625 0.04241214375000002 0.02255031562500003
0 0.6560183203125 0.5797397515625 0.039731481250000034 0.024647990625000026
0 0.6095423304687501 0.582099671875 0.04223091406249999 0.02412357187499996
0 0.5967559062500001 0.5548295171875 0.023000228125 0.02622129062499994
0 0.620376853125 0.55456730390625 0.020561868750000035 0.028843414062500017
0 0.6453716835937501 0.5539509460937501 0.01875722656249996 0.022734176562499986
0 0.66952080546875 0.55456730390625 0.019489273437499934 0.024648010937499975
0 0.693775434375 0.554305109375 0.022546387500000088 0.02622129374999993
0 0.71920825859375 0.5536241695312499 0.02071109531250004 0.028631985937499937
0 0.7447801093749999 0.55325624765625 0.021133765625000044 0.029367829687500003
0 0.7697179562500001 0.55168298046875 0.021133762499999965 0.026221295312500014
0 0.79889776953125 0.54496915625 0.02071109531250013 0.028355499999999978
0 0.8232016132812501 0.5437896 0.020288426562500027 0.028616937500000005
0 0.8487734617187501 0.5441825296875 0.022401770312499993 0.02678224687499995
0 0.8720751039062499 0.54236528515625 0.019756689062499964 0.028318985937499975
0 0.8948450570312501 0.54097139375 0.020711060937500036 0.026911343749999973
0 0.919210846875 0.54339588203125 0.021009834375000126 0.025208951562500026
0 0.94260737421875 0.5440518101562499 0.020711060937500036 0.02914135781249998
0 0.9658545140625001 0.54431401875 0.020711062500000033 0.02966577499999996
0 0.9705039351562501 0.5150951460937501 0.02409247656250013 0.03146554843749998
0 0.94556608828125 0.5134477609375001 0.020711060937500036 0.02951606250000003
0 0.9214736117187499 0.5116784093750001 0.02071106093749986 0.02990818124999999
0 0.8004484328124999 0.51415645703125 0.021222753124999903 0.026607260937499967
0 0.80418206796875 0.48551773984375 0.02082974531249997 0.030246007812499975
0 0.805557609375 0.45389180703125 0.019650690625000067 0.024255351562500048
0 0.8077191976562499 0.42627808671875 0.020829745312500057 0.025844070312500023
0 0.81027378046875 0.39551685234375 0.02043673593749986 0.0269011484375
0 0.8124353515625 0.36565908671875 0.0216157625000001 0.028101798437500002
0 0.8161690015625 0.33519215859375 0.023580831250000146 0.030520767187499985
0 0.841321878125 0.33558001171875 0.021222753125000084 0.026819323437499997
0 0.8647062054687499 0.3341171390625 0.020829745312500057 0.02681931249999998
0 0.8884835390625 0.33549673984375 0.021222753125000084 0.029911604687500003
0 0.836409190625 0.3662682484375 0.021615759374999932 0.02688347499999999
0 0.8344441359375001 0.39600447968749997 0.020043699999999907 0.027876403125000015
0 0.86057954765625 0.365719859375 0.022794814062499925 0.027005018749999988
0 0.8863219507812501 0.36434983046875 0.023187823437499942 0.027794576562500017
0 0.858417975 0.39580158515625 0.020043696874999916 0.025356454687499985
0 0.9148154546874998 0.33482608125 0.02515289374999998 0.02735196875000003
0 0.93948029453125 0.334339184375 0.022984873437500043 0.03125146562499999
0 0.9641386890625 0.33555824453125 0.022401774999999978 0.03368958593750002
0 0.9881125281250001 0.3367765671875 0.0216157625000001 0.03125294062500004
0 0.9853614726562501 0.36815724296874996 0.020829745312500057 0.027006492187499998
0 0.97691166796875 0.39702064375 0.01965069218750006 0.030720309375000053
0 0.9759291343750001 0.4284723890625 0.02004373125000001 0.029257443750000077
0 0.9731780179687501 0.45870578281249996 0.020829745312500057 0.025355037500000056
0 0.9721549968750001 0.48576822421875 0.02051768125000013 0.025844073437500014
0 0.8281559203125 0.45699839765625 0.020043699999999907 0.024868835937500045
0 0.8309070070312501 0.4257904617187499 0.020043701562500082 0.024868820312499994
0 0.85586339375 0.42530283515625006 0.020436709375000105 0.025844073437499927
0 0.853151028125 0.4584612671875 0.020359271874999862 0.022918334374999995
0 0.8778721624999999 0.45529172031250004 0.018864678125000013 0.02828219062499997
0 0.8798372304687501 0.42580147187499995 0.01965069218750006 0.027772534375000026
0 0.8812127890625 0.39409489765625 0.020043700000000088 0.026819323437499952
0 0.9095097750000001 0.39458252421875 0.0224018062499999 0.028769804687499966
0 0.91108183671875 0.363374578125 0.023187823437499942 0.02584407187500002
0 0.93525217734375 0.36654414609375 0.022008798437499876 0.026331679687499988
0 0.95981557265625 0.36751938359374997 0.020829745312500057 0.02730694218749998
0 0.9552959078125 0.397264453125 0.021222721874999982 0.028282190625000016
0 0.93092903125 0.39551685234375 0.021222784375000005 0.0269011484375
0 0.92739190078125 0.42530283515625006 0.023580832812499963 0.02974507968750002
0 0.9523483039062501 0.42603426953125006 0.02004372968750001 0.026331704687499968
0 0.9038110710937499 0.42555766328125 0.01965069218750006 0.027284917187500035
0 0.9022390234375 0.45309740078124994 0.021222753124999903 0.026819323437500042
0 0.9256233500000001 0.45480408515625 0.021615759374999932 0.02535645468749994
0 0.9490076921875001 0.45620763671875003 0.022794812499999928 0.02645035781249998
0 0.9472437265625 0.48406152890625 0.020820456250000063 0.02535645468750003
0 0.92297120546875 0.48333009531250004 0.02141787968750002 0.026819321875000045
0 0.8992914046875 0.48435947265625 0.018471637499999895 0.026711145312499962
0 0.87521246640625 0.48528059921875 0.02025392968750008 0.026819323437499952
0 0.849378659375 0.5161062046874999 0.0216157625000001 0.02563345937500001
0 0.87472805390625 0.5147048453125 0.022008770312499946 0.02648571249999998
0 0.8971298476562499 0.51226746171875 0.01965069218750006 0.026484242187500052
0 0.82599433359375 0.51624472734375 0.022008767187499955 0.0263317265625
0 0.8285489281250001 0.48503678984375 0.020043699999999907 0.0243812046875
0 0.85290531640625 0.48691837343749994 0.020850695312499924 0.024519003124999994
0 0.6058225695312499 0.34289438359375 0.023748854687500032 0.030720329687500002
0 0.60286127265625 0.37678424374999997 0.023833229687499992 0.030232687499999987
0 0.59952033203125 0.40652931796875 0.021082742187499993 0.025356454687499985
0 0.5999133546875 0.43573331406250004 0.021868787500000052 0.024488071875000017
0 0.5978782804687499 0.46821375546875005 0.022008801562499958 0.026819323437500042
0 0.623031171875 0.46748231249999994 0.020436709375000018 0.02730693749999995
0 0.6238420757812501 0.435428734375 0.019600914062500065 0.025097231250000008
0 0.6495393773437501 0.437683809375 0.02087020468749996 0.02838906249999997
0 0.6743194742187499 0.43481150859374995 0.023187823437500032 0.028282192187499965
0 0.700000621875 0.43427118359375 0.020559221874999967 0.026437104687500046
0 0.7263366429687499 0.43383625703124995 0.022123101562500035 0.027306957812500077
0 0.7523327156249999 0.43408007421875006 0.021222753124999993 0.026819323437500042
0 0.7766995765625 0.43408007421875006 0.021222784375000005 0.026819323437500042
0 0.775324034375 0.46406895156250005 0.020043728125000014 0.026331687500000013
0 0.77512751640625 0.49259496015625004 0.022008798437500053 0.026819323437500042
0 0.7711973921874999 0.5227484398437501 0.01886470624999994 0.027953017187499984
0 0.74608889765625 0.52445438046875 0.020347942187500044 0.02649160781249993
0 0.72069510546875 0.5242905210937501 0.020829745312500057 0.02194308281249997
0 0.7229957171875 0.49544958515625004 0.019372643749999963 0.026961545312499967
0 0.7478130664062499 0.49410900546875 0.02082974531249997 0.026717039062500003
0 0.7497781187499999 0.46394665937500007 0.020043699999999998 0.028526846875
0 0.7240766523437501 0.46327597109375 0.01956881718750001 0.02596714218749998
0 0.6993126929687501 0.46455656796875006 0.021149060937500064 0.02535645468750003
0 0.6980968093750001 0.49600833203125 0.020436706250000027 0.026819323437499952
0 0.673074775 0.4943016531250001 0.021747084375000014 0.026331743750000046
0 0.6478197046874999 0.49672868046875 0.020379409375 0.023428117187499976
0 0.6482127125 0.46601944453125005 0.02116542500000005 0.02340597343749993
0 0.6275508359374999 0.40636317499999997 0.021615762500000014 0.026663968749999968
0 0.6507187296875 0.4047179984375 0.019297515625000018 0.027028587500000034
0 0.6540792546875001 0.3730320109375 0.022794784375 0.02700943750000002
0 0.6289263640625 0.37337087109375 0.02200876875000004 0.027306951562500004
0 0.6318739835937499 0.34140752578125 0.022401776562500066 0.03076826718750003
0 0.6582850296875 0.3421997296875 0.024601621875000035 0.031134346875000007
0 0.68339311953125 0.3404562640625 0.020761089062500026 0.027794556250000026
0 0.7092976976562501 0.3399686453125 0.022401776562500066 0.03169556249999998
0 0.73445058828125 0.34104217343750004 0.02318779218750002 0.032474209374999986
0 0.7599964890625 0.34140752578125 0.02240177812500006 0.03076826718750003
0 0.78534590078125 0.340066925 0.022008798437500053 0.030523712499999966
0 0.78338083046875 0.3716641890625 0.022008798437499966 0.027794571874999986
0 0.7794506921875 0.40214069218750004 0.021222721875000072 0.028282190625000016
0 0.7529222429687501 0.4021407015625 0.023187823437500032 0.029257443750000035
0 0.75724540546875 0.371176578125 0.023187851562499962 0.02584405937499996
0 0.731699490625 0.37190800390625 0.023973837499999994 0.029257451562500016
0 0.7038329890625 0.37215182109375 0.022326856250000037 0.027794545312499964
0 0.702026946875 0.40238451015625004 0.021222721875000072 0.026819320312500006
0 0.6770705757812501 0.40262831796875 0.021615760937500016 0.030232676562500015
0 0.6786426203125 0.37020131796875 0.020043700000000088 0.0258440796875
0 0.7272210765624999 0.40337740234375 0.021926265624999976 0.026784042187500034
0 0.673762703125 0.4649819203125 0.02115724375000001 0.02450575000000006
0 0.6729439171875 0.5242905203125 0.02358083124999997 0.025844090624999972
0 0.69652476328125 0.5246981875000001 0.022008770312499946 0.026979221875000015
0 0.59711273125 0.5257949859375 0.021181787499999948 0.02673616562500003
0 0.6226381484375001 0.52697245 0.02043674062499994 0.027306940624999942
0 0.64680850546875 0.52672865078125 0.02082971718749995 0.029745079687499933
0 0.62224514140625 0.49813004921875004 0.022008770312500037 0.022575889062499944
0 0.59652666640625 0.49722738203125 0.023235707812500016 0.027306957812499987
0 0.45978165234374996 0.5048106109375 0.046436873437499936 0.02925744374999999
0 0.50832672265625 0.5040791718750001 0.04524208281250006 0.027794565625
0 0.5580508453125 0.5025915890625 0.04640540624999998 0.02784399687499999
0 0.4596340265625001 0.5355309179687501 0.049090171875 0.026331698437499985
0 0.5095549687500001 0.5347994929687501 0.04671573124999995 0.027794548437500045
0 0.5586552375 0.53528711796875 0.042838515625000004 0.02876979843750007
0 0.55372705625 0.4735867984375 0.04562061562499995 0.028313943749999914
0 0.503265809375 0.47360266875 0.04593160312500002 0.03023268437500004
0 0.45619468515625006 0.5625940625 0.0481085796875 0.02389358437500002
0 0.50744228984375 0.56454455546875 0.045438920312500033 0.025844070312500023
0 0.55603656875 0.5638131132812501 0.043359696875000076 0.02535645468749994
0 0.42896066953125 0.584304346875 0.04205249843749996 0.024359181250000007
0 0.4726063140625 0.58832539921875 0.039652168750000084 0.02021804843750008
0 0.5126726164062501 0.58936141484375 0.038122329687499956 0.021071754687499934
0 0.5539241890625 0.5877066976562499 0.03815209374999995 0.01657920781250004
0 0.55210643046875 0.61013739765625 0.035499420312499995 0.02535645468749994
0 0.5511879695312499 0.63573765859375 0.03576425156249998 0.02096782968750004
0 0.51107876640625 0.63354335625 0.03895197968749997 0.02535643437500008
0 0.51014543984375 0.65987507109375 0.03610248281250002 0.023405914062499988
0 0.5102927359375 0.68425627421875 0.03737991874999995 0.018529673437500005
0 0.5097524171875 0.70668696328125 0.03531643749999995 0.0204802328125
0 0.5109040640625 0.7318264546875 0.03930138437500004 0.020914118749999933
0 0.4286310453125 0.6150136374999999 0.037209518749999934 0.01560397499999997
0 0.471426959375 0.61306314375 0.04122485937500002 0.016579224999999996
0 0.5112263765625 0.6116002757812501 0.03629865312499998 0.019504960937500027
0 0.55059845625 0.65730283828125 0.03379921562499995 0.016847392187499997
0 0.5501413617187499 0.68246961953125 0.0315692828125 0.022102982812500026
0 0.55000893203125 0.70717458046875 0.0334061765625 0.022430701562500044
0 0.5515809914062499 0.7291176632812499 0.0373363140625 0.01755445781249998
0 0.4284345421875001 0.63494026875 0.036816512499999995 0.019636871875000052
0 0.4267990984375 0.6584003640625 0.03930138437500004 0.02147909062500002
0 0.42699560078125 0.6835248296875001 0.03812236093749997 0.022918334374999995
0 0.42597773203125 0.70766221484375 0.037799992187500034 0.022430735937500047
0 0.42876416640625 0.73121729375 0.0400873984375 0.022132440624999992
0 0.4702971296875 0.7303367414062499 0.037982350000000054 0.021943079687499978
0 0.4709850578125 0.70717459921875 0.03739250624999997 0.020480198437499996
0 0.46926538671875007 0.68303719453125 0.0369017140625 0.019992598437499964
0 0.4687739625 0.6596312359375001 0.03788456250000003 0.021943084375000053
0 0.47003061953124997 0.634209590625 0.036157260937500005 0.02304881250000008
0 0.28900120625000003 0.59259693359375 0.04789037812500001 0.033646048437500034
0 0.28752724687500003 0.626243028125 0.04690815625 0.036571806250000005
0 0.2874288296875 0.66183956953125 0.04867702500000002 0.02974504218749994
0 0.290868803125 0.69377891328125 0.04179707812500002 0.03120794531249995
0 0.3383326203125 0.6925318382812501 0.044336881249999974 0.028825857812500022
0 0.3832958625 0.68768363203125 0.03930141250000001 0.027794554687499938
0 0.3790167859375 0.656963328125 0.03528307812499998 0.03462128125000001
0 0.37690379140624997 0.62039151796875 0.03793703281249998 0.03462126406249997
0 0.33416913359375 0.6240486875 0.04244547656249997 0.02535645000000004
0 0.336514846875 0.65980984375 0.04168418749999998 0.02795302187500006
0 0.3048895984375 0.5475701195312499 0.03026205312500001 0.039828351562500065
0 0.32414726953125 0.569628109375 0.02711796093750003 0.037648031250000005
0 0.3510687234375 0.5747466859375001 0.029083000000000015 0.03813859375000002
0 0.37779366328124997 0.5793168726562501 0.02829701406249998 0.03875070468750001
0 0.39331771249999997 0.55945172265625 0.026331912499999978 0.035570110937499955
0 0.41159286171875 0.5380636578125 0.028297045312500036 0.035435309375000036
0 0.42240074296875 0.5112524374999999 0.02475982343749994 0.03541910312499992
0 0.4157708109375 0.4736166624999999 0.018368993750000052 0.02779456250000001
0 0.40157099765624993 0.49912702734375003 0.027117932812500013 0.03918972968750003
0 0.3846714203125 0.53093455390625 0.028690021875000006 0.03701530156250001
0 0.36796831640625005 0.54909302421875 0.025938907812499988 0.03678254218750006
0 0.35617790234375 0.5220387234375 0.028297014062500025 0.041153468749999964
0 0.37307749296875004 0.48962130234375 0.02672495156250001 0.03967145156249998
0 0.3380992703125 0.5069860953124999 0.020436737500000034 0.029323065625000044
0 0.32355775625 0.52691349140625 0.026724953125000006 0.041156414062499994
0 0.33849228046875 0.54708175859375 0.025938907812499988 0.03397832968749999
0 0.30413348984375 0.46483943046875 0.0624293609375 0.0765569796875
0 0.34458400546875 0.43094956093750003 0.06641934531250002 0.08094559375000002
0 0.24813027734375 0.41642478828125 0.0653026546875 0.08073769531250004
0 0.28602492109375 0.3826388578125 0.0648472828125 0.08435897187499997
0 0.23434361093750003 0.31900391796875 0.06445427499999998 0.08874757343750002
0 0.29801185625 0.32123944453125 0.06524032187499999 0.08525179218750001
0 0.35598139765625003 0.37217994609375005 0.0648472828125 0.07992032343750002
0 0.196417784375 0.3519185421875 0.0656333 0.08533421562500002
0 0.15378304062499998 0.41043345000000003 0.04478905 0.07850750312499999
0 0.50689871875 0.338247721875 0.108078803125 0.13510655625000006
0 0.5348196890625 0.19274589765625 0.11436699062500004 0.15133000468749996
0 0.43695923515625 0.19502347421875 0.06484728281249996 0.08435895468749999
0 0.3654307140625 0.18061016640625 0.06641934375000003 0.08685386093750003
0 0.41043080078125005 0.2383144421875 0.06366822968750001 0.08164837812499999
0 0.28997206875 0.223076559375 0.026331946874999977 0.053609256249999994
0 0.20744611328125 0.21599130390625 0.049898870312499996 0.0424232953125
0 0.64446599609375 0.25522217734375 0.10335347031249995 0.1306375203125
0 0.6808810109375 0.09603579531249999 0.025807343750000024 0.03267081875
0 0.706164596875 0.0877461859375 0.02554590000000001 0.038522303125000004
0 0.91640284609375 0.21087159609375 0.15880322031249997 0.20098295468750002
0 0.78315835 0.0863245640625 0.026724953125000006 0.0336460375
0 0.75545086328125 0.08949411640625 0.024759882812500057 0.03413368281249999
0 0.730512140625 0.08922116875 0.022759512499999968 0.035654809375000006
0 0.78040725078125 0.14995949453125 0.02122275468749999 0.021455448437500003
0 0.7813897859375001 0.12167730390625 0.02240180624999999 0.0312079265625
0 0.7558438851562499 0.12338398984375001 0.02475985468749995 0.03462129843749999
0 0.75505785390625 0.1584416890625 0.02318779218750002 0.027897025
0 0.72864484296875 0.15765021875000002 0.02492201718749998 0.0324057
0 0.70442183203125 0.1570300375 0.02070420781249993 0.03169556249999998
0 0.6803946953125 0.15971197578125002 0.024740946874999992 0.03120792968749999
0 0.73010146640625 0.12143348671875001 0.02122275468749999 0.0287698265625
0 0.70494858984375 0.12435923203125002 0.02043670781250002 0.029745076562500007
0 0.68005088125 0.1280164109375 0.023070468750000028 0.028282190625000016
0 0.10936272421875 0.59396625390625 0.046370551562499994 0.03462129843749997
0 0.15887991640625 0.592015778125 0.04323152343750001 0.03559659062499998
0 0.2072877890625 0.58762716328125 0.04859937499999998 0.03949757656250004
0 0.20453731796875002 0.62224847265625 0.035235639062500025 0.02974504218749994
0 0.2103647375 0.6534563906249999 0.04008743125000001 0.029745093749999986
0 0.21291931875000003 0.68466433671875 0.04519659375000003 0.02681932031249996
0 0.1139814203125 0.62639325859375 0.04577945 0.026331704687500058
0 0.1612380078125 0.6249303921875 0.04401756875 0.028282209375000013
0 0.16282141171875 0.65513210546875 0.04320880781250001 0.02834413593749998
0 0.1647751234375 0.6882194531250001 0.04244550624999999 0.027511031249999984
0 0.11761758203124999 0.6578449953125001 0.0432232828125 0.033646065624999985
0 0.1209096296875 0.69027200234375 0.042927434375000004 0.02828217031249993