0 0.31976654375 0.58203297421875 0.226749809375 0.3830463734375
0 0.14199912578125 0.65589346171875 0.0997868484375 0.11962530156250004
0 0.1079911375 0.78981198125 0.094006303125 0.09108033124999997
0 0.10503180781249999 0.925042240625 0.060134384374999995 0.13433609375
0 0.34007081875 0.8150533578125 0.15252657187500002 0.07197887499999993
0 0.8941640812500001 0.58810285859375 0.02840289374999987 0.03518546093749997
0 0.8397800046875 0.5848267523437499 0.04388240000000003 0.04607416406249998
0 0.77902821015625 0.5780509046875 0.06153104531249989 0.06303203437500002
0 0.697576096875 0.567888365625 0.07967093749999998 0.09257440937499997
0 0.6452633492187501 0.64033935859375 0.07671838906249998 0.09613263593749996
0 0.79528648359375 0.736431284375 0.22725117968749994 0.24596251250000006
0 0.49871833906249996 0.78246692890625 0.06650821562499995 0.07593519218749992
0 0.54132903359375 0.8573774835937499 0.04454163593750007 0.05301016093750004
0 0.5565896109375 0.785787740625 0.02427749062500002 0.07262872812500003
0 0.61713124453125 0.7987717390625 0.09254899531250001 0.15537494687500003
0 0.98672420390625 0.6856513859375 0.026551592187500007 0.14949569374999996
0 0.37032335703125 0.896460378125 0.2229482515625 0.12902880312500004