0 0.26162428593750003 0.1159088140625 0.02708560937500004 0.053414228125
0 0.24074219218749998 0.1539006453125 0.019076696874999976 0.051157296874999994
0 0.22919297265625 0.23590278593749997 0.024459270312499993 0.04814805937500002
0 0.23531355078125 0.29082167890625 0.01815189531249999 0.048148117187500006
0 0.25006963203125 0.27868539999999997 0.013075989062499982 0.05135576249999998
0 0.270949015625 0.28656735546875 0.02277752187500002 0.05318107968749999
0 0.2627322890625 0.34423591015625 0.01980794375000001 0.05567119531250002
0 0.25028053984375004 0.387870071875 0.02109029218749998 0.04965272187500003
0 0.2346737203125 0.35906531953125 0.017715834375000038 0.0485817671875
0 0.285513171875 0.40442097187500003 0.023175618750000026 0.05115726562499998
0 0.28577654765625005 0.344612075 0.026866926562499983 0.05190954062499999
0 0.24585971015625 0.33377556796874996 0.009717804687499988 0.04499474531250001
0 0.24057900156249995 0.21090295703125 0.013497790625000006 0.05300892031249997
0 0.22644851171874997 0.1857069640625 0.009701529687499998 0.047729718750000004
0 0.2582948578125 0.17113604296874999 0.016028634375000017 0.054302160937499996
0 0.28081948749999996 0.16857074453125 0.027501328125000012 0.056423495312499995
0 0.29257959921875 0.22198498671875 0.02254053906250002 0.01730319843750001
0 0.3089264328125 0.3160241765625 0.03202745624999999 0.06244194062499999
0 0.22718957109375 0.40780638515625 0.01834276093749998 0.05040496718749998
0 0.2310883703125 0.45858750156249994 0.021512106249999975 0.049652665625000036
0 0.24838240156250002 0.44320570859375 0.022355706249999985 0.04580991406250003
0 0.2714862671875 0.4539223726562501 0.018328559374999998 0.04092745156249995
0 0.25365499140625003 0.49145297421875006 0.00927972968749997 0.03686336093750002
0 0.270958840625 0.50386615390625 0.019383412499999995 0.04212953281249998
0 0.29437313046874997 0.5068754195312499 0.015579079687499987 0.039120326562500016
0 0.322620246875 0.5053707859375 0.02235572187499999 0.04062487187499997
0 0.297522796875 0.45445030234374995 0.021933921875000005 0.04260315468749996
0 0.31952675546875 0.45154890234374995 0.022637382812499985 0.047458707812500035
0 0.31544954531249997 0.39854229765625 0.020668490625 0.04664339843749996
0 0.30418061015625 0.11363454453124999 0.028864923437499978 0.06244200781249999
0 0.70172806328125 0.4962525015625 0.0398221859375 0.07071740312500001
0 0.72978258046875 0.45036140625000004 0.04107889843750003 0.06921279687499995
0 0.34809377734374997 0.39544251328125 0.02664644218750003 0.052661929687499984
0 0.3450355234375 0.34202828359375 0.02263963750000002 0.04814800468750002
0 0.33512137109375 0.28635709062500003 0.02390837968749997 0.054166534375000006
0 0.30067695156249996 0.26666352421875 0.01855949374999999 0.03885340156249999
0 0.32267642265625 0.24121829374999998 0.020115529687500012 0.04513879687499998
0 0.3469339734375 0.22541974062500003 0.022217128125000006 0.049652690625000016
0 0.33459394531250003 0.16072078203125 0.024963231249999975 0.055671164062500014
0 0.3281599125 0.06743392499999999 0.03108250937500001 0.061689690625
0 0.34999222890625 0.0320752109375 0.02622393593750001 0.057175796875000004
0 0.36011692578125 0.104297315625 0.029595692187500022 0.054166503125
0 0.38796083359375 0.069690871875 0.02621177656250002 0.057175796875
0 0.41137478515625 0.04260760703125 0.026626176562499947 0.0601850640625
0 0.43890184374999996 0.0250653703125 0.028937678125000053 0.050130740625
0 0.38774961171874994 0.14266525234375 0.030008742187499982 0.0616896921875
0 0.37488283203125 0.210373475 0.02537222968749999 0.05567110937499999
0 0.37055914687499997 0.2735677875 0.018834562499999975 0.043634190625
0 0.39566032890625 0.2592738234375 0.022623426562500003 0.04814799999999999
0 0.40451959609375 0.19607949609375 0.023464323437499955 0.054166532812499966
0 0.42888277265625 0.16673928203125002 0.023667470312499984 0.055671164062499987
0 0.4267730679687499 0.23896138906250003 0.027886879687499987 0.05266192812499999
0 0.36950429453125 0.3284866484375 0.020944267187499976 0.05115726562499998
0 0.37688691093750004 0.3871670796875 0.023051271875 0.04814800000000004
0 0.35073090859375 0.5082895039062499 0.021372179687500027 0.04363419531249999
0 0.357691725 0.4518660375 0.022635584374999997 0.04212953437500007
0 0.38511383203125 0.44133361249999997 0.018408070312500024 0.04513879687499998
0 0.3738286546875 0.5007663703125 0.019044465624999996 0.043634190625
0 0.397453153125 0.49098630468749993 0.024099368750000006 0.048148059375000066
0 0.42097273125 0.48496780234375 0.022615318749999957 0.04814800468750002
0 0.40799965 0.42553507343749997 0.02831472500000003 0.049652665624999946
0 0.40272673984375 0.37061618203125 0.021988314062500035 0.05115726718750002
0 0.401566259375 0.31419268593750005 0.025996468750000012 0.049652665624999995
0 0.43014817031249997 0.30817418671875 0.026198265624999984 0.055671139062499986
0 0.42888277265625 0.36234074765625 0.023667470312499984 0.043634135937500006
0 0.43953486406250003 0.42102117734375 0.02598430937500007 0.04664339843749996
0 0.4475505328124999 0.4759400671874999 0.025138009374999992 0.04513879687500007
0 0.26182129375 0.22466742499999998 0.018658434374999987 0.03611105937499999
0 0.46379241406249994 0.37136848359375 0.028085909375000016 0.05567119218749998
0 0.3669004546875 0.011523721875 0.017715834374999996 0.02304744375
0 0.41084735859374993 0.1103157875 0.02768102968749995 0.06319429687500001
0 0.44290932421875 0.09301258828125 0.03273322968750003 0.0616896953125
0 0.46832735390625 0.059910806250000004 0.030826673437499962 0.055671190625
0 0.50323770390625 0.04035064453124999 0.02680771093749996 0.0526619296875
0 0.459784934375 0.15018842890625 0.024290359375000035 0.05567113593749999
0 0.49353412968750004 0.17275778359375002 0.032717018750000014 0.061689695312500015
0 0.48288200703124995 0.11407738125 0.030400114062500004 0.058680371875000005
0 0.5108308640624999 0.0892510203125 0.03355521250000004 0.063194296875
0 0.5442645625 0.06893855859375 0.030802356250000072 0.06469895781249999
0 0.46474167343749995 0.314192715625 0.027874721874999953 0.052661928125000035
0 0.46948783203125 0.24272292499999998 0.026818517187500036 0.057175796875000004
0 0.5011279992187501 0.23068592500000001 0.03102712031249997 0.057175796875000004
0 0.4957494609375 0.30366028984375 0.026599159374999994 0.05567119531249998
0 0.47898015312500003 0.4277920078125 0.02470611250000001 0.04513879687499998
0 0.4816166078125 0.4827108703125 0.027869315625000012 0.049652665624999946
0 0.51821415546875 0.48722476640625006 0.027224748437500067 0.05266193281250002
0 0.6875959171874999 0.2607784546875 0.03265494062499998 0.057175796875000004
0 0.7259862890625 0.24422755859374998 0.03348631562500008 0.060185064062499995
0 0.74201695078125 0.30065105234375 0.040231182812500065 0.06770819531249997
0 0.7027829156250001 0.32096351640625 0.03771248125 0.06620352968750001
0 0.7221893875000001 0.379643946875 0.034331331249999944 0.06921279687500004
0 0.58771733125 0.07345243984375 0.03331970937499999 0.058680457812499996
0 0.5100928921875 0.4255350453125001 0.029969565624999993 0.058680459375000014
0 0.49891334218749994 0.3653499828125 0.028707512500000032 0.06168966562500002
0 0.5377255453125 0.34353291406249997 0.030382549999999942 0.057175796875000004
0 0.54226116015625 0.43381050703124996 0.02468584843750001 0.05115727031250002
0 0.5538624765625 0.49324323906249995 0.026791434375000023 0.06168966562499998
0 0.5399402015625 0.277329353125 0.03270215937499996 0.06018505937499996
0 0.53614326640625 0.21940123906249998 0.03354710781249999 0.05868037187500001
0 0.5268622 0.15470228203125 0.03186261249999998 0.0616896921875
0 0.55744818984375 0.12460975 0.029743451562499957 0.061689696875
0 0.5693657117187501 0.1915656421875 0.03459115468750005 0.06319424062499998
0 0.596470971875 0.13288518593749998 0.036059056250000054 0.063194296875
0 0.6074399742187501 0.1923179453125 0.03268060781250002 0.05868043125
0 0.6437206421875 0.16297774453125 0.03773139374999994 0.0662035046875
0 0.57200284296875 0.25626455859375 0.0293168921875 0.060185064062499995
0 0.57147541640625 0.320211215625 0.030371745312500042 0.06469892812500003
0 0.5690495390625 0.38641474765625 0.03184910312499998 0.05567119531250002
0 0.57664340859375 0.44509520703125 0.03015920468749993 0.05868039843749999
0 0.5860300687500001 0.50302330625 0.029945184375 0.06319432812499999
0 0.6168266359375 0.49173860703124994 0.0324665875 0.05567119218750003
0 0.6562592515625 0.49324323828125005 0.03458813124999995 0.05868045468750003
0 0.62178337421875 0.24347525781249998 0.0360509515625 0.06168966562499998
0 0.662810265625 0.2073641953125 0.04004566249999995 0.07673593125
0 0.61144745546875 0.32622968593749996 0.03647616093749999 0.06469892812500003
0 0.6532129624999999 0.29613718359375 0.03561898750000001 0.06770819531250001
0 0.635916259375 0.37437774843750005 0.034780856250000006 0.06168972187499997
0 0.6119696382812501 0.4330581765625 0.033744467187499974 0.058680459375000014
0 0.6489942281250001 0.43606744140625003 0.035620337499999974 0.07071740156250002
0 0.67114275 0.35782685000000003 0.033503881250000055 0.058680459375000014
0 0.6869628320312501 0.4225258078125 0.03560817968750003 0.07372666875
0 0.00818990625 0.46916920859375005 0.0163798125 0.04965266406250004
0 0.03875447578125 0.46992153906249995 0.0345501171875 0.048148003125000026
0 0.0750358828125 0.47575891328125 0.03116356250000001 0.04851030781250003
0 0.11595643984375 0.48196496250000004 0.04549412968749998 0.05716300624999997
0 0.0098771359375 0.5331158640625 0.019754271875 0.04513879687500007
0 0.04170781171875 0.5353727687500001 0.0320179703125 0.052661928124999945
0 0.0791483140625 0.5413803515625 0.04149813125 0.05569303437500004
0 0.12355030859375 0.54645686328125 0.043804229687499995 0.05456786093750008
0 0.0124079640625 0.593300984375 0.024815928125 0.05416664687499999
0 0.048015248437500005 0.59631016328125 0.03458813125 0.05115726718750002
0 0.08716398281250001 0.601735675 0.040651831250000006 0.05234353125000002
0 0.13322004765625 0.6060902273437501 0.041336985937499994 0.05266192968750003
0 0.01578242421875 0.65325497421875 0.0315648484375 0.0576377671875
0 0.05349873828125 0.6527337140625 0.026995548437500006 0.055671309375
0 0.09146123046875002 0.66326605390625 0.03711892656250001 0.05266198906249997
0 0.139968934375 0.6692845546875 0.04471144375 0.06168966562499998
0 0.014516993750000002 0.7136710484375 0.029033987500000004 0.04513879687500007
0 0.0582658671875 0.7164298171875 0.03770791875 0.04864910937500007
0 0.09992577890625 0.72545538671875 0.038749260937499995 0.0516626546875
0 0.14548757734375 0.7273350867187499 0.0454846734375 0.047903254687499966
0 0.020297262500000003 0.76663206171875 0.037720078125 0.04754983906250008
0 0.06206280234375 0.77509287578125 0.03686297031249999 0.04567447343750004
0 0.10161368281250001 0.7863754078125 0.03368625312500001 0.05320194375000007
0 0.1464368015625 0.7938963718750001 0.045273418749999995 0.053206278124999964
0 0.0216876796875 0.82529734375 0.043375359375 0.05961724375000008
0 0.0678401109375 0.83394570703125 0.035431665625 0.05435757968750003
0 0.1066462671875 0.8399620109375 0.03543172812499999 0.0513525937499999
0 0.148652134375 0.8521843914062501 0.03915555937500002 0.05700036093750001
0 0.029051610156249998 0.8835831960937501 0.0320220234375 0.04836939843749999
0 0.06512173125000001 0.89392587734375 0.03243230625 0.05777656718749995
0 0.10706806718749999 0.9077678960937501 0.041336921875 0.06319426718750006
0 0.15220131015625 0.91453872734375 0.04555504218749999 0.06168966406250007
0 0.0293677828125 0.93829936484375 0.034764071875000004 0.05629797656249984
0 0.07018409609375001 0.95315374609375 0.0341182171875 0.05969095156250006
0 0.1124763859375 0.9682330828125 0.040643725000000006 0.063533834375
0 0.1564193359375 0.9757010453125 0.04218058437499998 0.04859790937500001
0 0.18889840468750002 0.6288102125 0.01771583124999998 0.046342228125000065
0 0.21467724921875 0.6227917125 0.015087645312499998 0.03430522812500003
0 0.23727417890625002 0.6229216859375001 0.014561485937500018 0.03226889062499998
0 0.25808248046875 0.6159095156250001 0.01854551718749997 0.036533518750000035
0 0.28453522265625 0.6149948249999999 0.01671272343750001 0.036736243749999974
0 0.30733918984375 0.6212962296875 0.016705423437500012 0.03714640625000003
0 0.33484415078124996 0.6227899 0.0191522515625 0.03903898125000005
0 0.3580777421875 0.6220081804687501 0.020109765624999998 0.040602420312499984
0 0.38441629453125004 0.628410946875 0.020329351562499997 0.03918320312499999
0 0.41190922343749997 0.62485358828125 0.020064249999999985 0.0381648078125
0 0.441549634375 0.6232281453125 0.02097631875000001 0.043042349999999986
0 0.47027802812499997 0.62739489453125 0.020064284374999984 0.04121530781249998
0 0.5008303671875 0.6313589171875 0.022800556249999993 0.04304703750000005
0 0.5293308484375 0.6356282164062501 0.02325627812500004 0.047521417187499984
0 0.56359780625 0.6455626203125 0.028595443750000005 0.05205195625000005
0 0.19508665859375002 0.6759756203125 0.016855392187500005 0.03677140000000003
0 0.22005682968749998 0.67353569140625 0.018899740624999994 0.03189154218750003
0 0.24023893984375003 0.6720116109375001 0.01136796093750001 0.034939703125000054
0 0.25591662109374996 0.66967421640625 0.011933039062500006 0.036361229687500086
0 0.27552744531249995 0.67577288125 0.019224021874999987 0.040430131249999945
0 0.30340531718749997 0.6748418421875 0.019101103124999998 0.03903895625000002
0 0.32951587031249996 0.68044767109375 0.018864690625000024 0.03758707031249999
0 0.35285640390625 0.68176899609375 0.019608251562500012 0.03819761718749994
0 0.38236427968750003 0.6870543648437499 0.016225321874999966 0.0406399171875
0 0.40712116171875 0.68826148046875 0.019608251562499967 0.04147887968749995
0 0.43767357109375 0.69029476171875 0.02325631406250004 0.04066558281249995
0 0.46708598046875005 0.69335576875 0.022800314062499983 0.04105008749999994
0 0.4987784390625 0.7024944359375 0.026904412499999975 0.04879869999999995
0 0.53235626953125 0.7016811203125 0.02997369843750004 0.05042533124999995
0 0.5760259789062501 0.69802122734375 0.028363407812499998 0.049611995312499955
0 0.19485021953125 0.72628433828125 0.01824027031250002 0.033751360937499975
0 0.21286246328125 0.7243536078125 0.011400157812500034 0.035986221875
0 0.23185810078125 0.7277082273437501 0.01627351718750001 0.04066335781249997
0 0.253464590625 0.7247602578125 0.01957316874999999 0.036799521875
0 0.27974606484375003 0.7247602578125 0.020818976562500025 0.036799521875
0 0.30312022265625 0.7309602984375 0.019671292187499967 0.039039071875
0 0.3263801875 0.7406163234375001 0.020575990624999995 0.04412636875000002
0 0.357507915625 0.7362469132812499 0.016689353124999994 0.049612060937500056
0 0.38116643828125 0.74346174609375 0.024093067187500018 0.04168878593750005
0 0.4106977687500001 0.74316004921875 0.021575162500000022 0.03578578906250005
0 0.44205313124999995 0.74885323671875 0.022705318750000016 0.040665645312500054
0 0.47141282734375 0.7586129343750001 0.027826810937500036 0.05042532812500004
0 0.5023121906249999 0.7634928249999999 0.02804496875 0.05042532812500004
0 0.5407934734375 0.7626795093750001 0.03316353749999994 0.05205195937500005
0 0.5890810914062501 0.75169980078125 0.030525632812500002 0.04798536718750004
0 0.1978230546875 0.7757809132812501 0.01776666250000001 0.03723546718750006
0 0.19965470234375 0.8221135281249999 0.012279367187500001 0.03728777187500008
0 0.20819884765624996 0.87101279140625 0.01799139218749999 0.0387132453125
0 0.21104907109374998 0.92046194921875 0.021411073437499973 0.04391883906250005
0 0.21924655859374997 0.9660074210937498 0.014136223437499984 0.04229217968750003
0 0.23145881484375003 0.92498024453125 0.018896089062499975 0.034882248437500075
0 0.2274682109375 0.8757298406249999 0.017757168749999996 0.03903898125000005
0 0.21640841796875 0.8239549890625 0.01616443906249998 0.03197825625000004
0 0.21657968828125 0.7712192765625 0.013085835937500035 0.03497242500000004
0 0.23566277968750002 0.77731911328125 0.015048221875000012 0.03415906718750002
0 0.23704616171874998 0.97129395625 0.014105451562500005 0.03497242499999995
0 0.62391430859375 0.97568389296875 0.02834807343749999 0.048632214062499915
0 0.24022285859374998 0.8258868906250001 0.013224189062500002 0.037874165625000164
0 0.2601915890625 0.8322176335937501 0.021623356250000024 0.03497239531250003
0 0.25631517812500004 0.777725778125 0.01843205625000004 0.04310551249999994
0 0.28605147265625 0.7781324265625 0.02097628281249997 0.043918809374999944
0 0.307939771875 0.7834190109375001 0.018240253125000015 0.03659902187500004
0 0.24913179609374997 0.87979636640625 0.020030626562500008 0.03578572656250003
0 0.25192528750000004 0.931441675 0.019915706249999988 0.047985334374999945
0 0.2749568890625 0.93306830625 0.024925196875000034 0.046358799999999964
0 0.27442333203125 0.88020304921875 0.02325631406250004 0.04798539843750014
0 0.28741950546875 0.8330309773437499 0.019152285937500003 0.04310554218749996
0 0.2983881421875 0.8842696054687501 0.022751321874999998 0.04798539843749996
0 0.30209365 0.9363215640625 0.024460434374999986 0.04961199999999995
0 0.59717648671875 0.8065983343750001 0.030751095312499997 0.05205192499999996
0 0.6042456585937501 0.8671900734375001 0.031204867187499995 0.04961199687499995
0 0.6136523406250001 0.9176154023437502 0.03063175625000003 0.05286525468749996
0 0.5640538046875 0.8728832289062499 0.029507440625000037 0.054491917187499975
0 0.37728964375 0.9041957164062501 0.025462528125000005 0.05205195781250005
0 0.37067647031249995 0.84889053125 0.025920750000000003 0.05042529687499986
0 0.36451964531250003 0.79480534140625 0.02273014687499999 0.051238564062500026
0 0.33042788593749994 0.7943986921875 0.020688721874999993 0.042292150000000105
0 0.3998656109375 0.8509238101562501 0.024999225000000003 0.044732139062499954
0 0.4098424828125 0.9066356765625001 0.023285734375000013 0.04717203750000003
0 0.42968168906250004 0.85336377109375 0.026471956249999984 0.05449185781249995
0 0.3894327390625 0.7992785484375 0.02580071874999996 0.061811706250000056
0 0.41799424531249996 0.8025317765625001 0.03160659062500004 0.052051928125000035
0 0.45089777734375003 0.8045650546875001 0.029640410937499962 0.05611848437499996
0 0.4582435421875 0.8635301656250001 0.02771699999999999 0.05042530000000003
0 0.324099790625 0.8875228648437499 0.020576721875000016 0.04798539843749996
0 0.3168593140625 0.8407574132812499 0.02320148125000001 0.048798698437500045
0 0.32991442578125 0.93957479140625 0.025363704687499978 0.05123865781249996
0 0.258880303125 0.9805637820312499 0.02242192812499999 0.038872435937500074
0 0.28539014296875 0.97975045078125 0.019562945312500003 0.04049909843750008
0 0.30976382109375 0.9825970601562499 0.02553634531250002 0.03480587968749997
0 0.33530015 0.98625696796875 0.022800315624999977 0.027486064062500048
0 0.3663085921875 0.9891035468750001 0.024624312500000033 0.021792906249999966
0 0.36223888359374995 0.9440479984374999 0.027291670312499995 0.04554544062500003
0 0.34935469453125 0.8980959101562501 0.026611670312500023 0.04473214218750012
0 0.3446800921875 0.84238404296875 0.024104753125 0.04554543906250004
0 0.39114294609375 0.95299444765625 0.026940370312500007 0.048798698437499864
0 0.42477906953124994 0.9525877648437501 0.023509004687500036 0.05123865781249996
0 0.4368079734375 0.9102955523437501 0.025899574999999952 0.04798539843749996
0 0.4500343375 0.9611275640624999 0.024983159375000064 0.042292181250000026
0 0.39594900312500003 0.98991684609375 0.024624315625000025 0.02016630781249997
0 0.47300922578125004 0.9119222140625001 0.026458079687500025 0.04961200000000012
0 0.4803064320312499 0.8151381320312499 0.027367923437499986 0.051238564062500026
0 0.51907070703125 0.814324803125 0.031008442187499964 0.05123862812500004
0 0.49541392421874997 0.8667833953125001 0.029073382812500003 0.05367855624999986
0 0.5277387265625 0.8724765812499999 0.026440521875000032 0.05042529687500004
0 0.50521949140625 0.9196486500000001 0.0304384265625 0.053678556250000044
0 0.48287155937500004 0.9647874398437501 0.031357796874999976 0.05286525468749996
0 0.514510678125 0.9764972234375 0.03192044062499999 0.04700555312500008
0 0.5477990828125 0.98137708046875 0.03192044062499999 0.03724583906250008
0 0.5867876359374999 0.97771717109375 0.03237647500000005 0.04456565781249999
0 0.5789903921875 0.92046194921875 0.029730712499999968 0.04391883906250005
0 0.55555952109375 0.8118848421875 0.027343826562499986 0.05123862499999996
0 0.54039455234375 0.9245285390625 0.03122531718749997 0.05042529687499986