0 0.88359375 0.2125 0.0765625 0.096875
0 0.77109375 0.228125 0.08125 0.1015625
0 0.6734375 0.22421875 0.075 0.1
0 0.58203125 0.240625 0.0671875 0.090625
0 0.48984375 0.240625 0.065625 0.090625
0 0.39921875 0.2484375 0.0703125 0.090625
0 0.32421875 0.2515625 0.059375 0.090625
0 0.21015625 0.24609375 0.0640625 0.0875
0 0.1765625 0.26484375 0.0515625 0.084375
0 0.07265625 0.2609375 0.0578125 0.0890625
0 0.11875 0.371875 0.0515625 0.078125
0 0.196875 0.37265625 0.0546875 0.0828125
0 0.24375 0.37109375 0.053125 0.0859375
0 0.31328125 0.371875 0.0625 0.09375
0 0.40859375 0.3703125 0.059375 0.096875
0 0.4765625 0.3640625 0.0671875 0.096875
0 0.57421875 0.36171875 0.0765625 0.1015625
0 0.671875 0.359375 0.078125 0.1078125
0 0.76484375 0.3609375 0.078125 0.0921875
0 0.90234375 0.35234375 0.0859375 0.109375
0 0.88125 0.4859375 0.084375 0.115625
0 0.7640625 0.48203125 0.0796875 0.0953125
0 0.66875 0.4859375 0.075 0.096875
0 0.5734375 0.48828125 0.08125 0.0921875
0 0.49296875 0.48125 0.065625 0.0890625
0 0.40546875 0.4859375 0.0625 0.0890625
0 0.32890625 0.48359375 0.0625 0.084375
0 0.2390625 0.4828125 0.059375 0.078125
0 0.18203125 0.47890625 0.05 0.08125
0 0.10859375 0.47578125 0.053125 0.065625
0 0.13046875 0.57578125 0.04375 0.0734375
0 0.159375 0.596875 0.0515625 0.078125
0 0.2703125 0.584375 0.05 0.0796875
0 0.31015625 0.603125 0.05625 0.0859375
0 0.4125 0.59296875 0.0578125 0.078125
0 0.48203125 0.609375 0.0671875 0.0953125
0 0.57265625 0.60859375 0.065625 0.090625
0 0.66640625 0.628125 0.0765625 0.0984375
0 0.7625 0.61171875 0.078125 0.0984375
0 0.8578125 0.61015625 0.075 0.0921875
0 0.8625 0.734375 0.071875 0.0921875
0 0.7671875 0.74296875 0.0796875 0.09375
0 0.66484375 0.73046875 0.075 0.08125
0 0.56796875 0.73671875 0.0703125 0.090625
0 0.49375 0.70546875 0.0609375 0.0859375
0 0.409375 0.7140625 0.059375 0.084375
0 0.3390625 0.7015625 0.05625 0.08125
0 0.25625 0.696875 0.0546875 0.08125
0 0.19453125 0.68125 0.05 0.078125
0 0.12421875 0.6796875 0.0546875 0.0765625