0 0.5085043875 0.28470125625 0.06074443437500001 0.04272133124999997
0 0.583133265625 0.28498270703125 0.05727334375000002 0.04762714531249999
0 0.6516877125 0.28896370078125 0.054669984374999994 0.0402442265625
0 0.54755437890625 0.33659653125 0.06855444531249999 0.045154868750000035
0 0.61892909375 0.33716991328125 0.05683942812500007 0.04342901718749999
0 0.6816260468750001 0.3347089296875 0.05640557812500004 0.044876650000000004
0 0.47270855859375 0.33370257578125 0.06378164218749997 0.048047510937499996
0 0.4427702328125 0.38730308671875 0.061178334375 0.04921955156250002
0 0.5124093929687501 0.388392075 0.054670017187499996 0.04240915000000003
0 0.57836049609375 0.38466561953125 0.05987663593750003 0.042913414062500044
0 0.65212159453125 0.384407825 0.05380222031249993 0.041691849999999954
0 0.71894047890625 0.382381134375 0.05553781406249998 0.041691849999999996
0 0.4733593984375 0.4377725773437501 0.04859553437499997 0.04062038593750002
0 0.5443002140625 0.43173583984375 0.05770722499999996 0.0405337453125
0 0.61328854140625 0.43159107109374995 0.05336833593749999 0.04198138281250001
0 0.682493828125 0.42985391718750005 0.054670015625 0.040244231249999984
0 0.5128432921874999 0.48520532968749996 0.05466998437500008 0.046510196875
0 0.585736609375 0.47963259843749995 0.055537781250000064 0.03970500937499999
0 0.6532063164062499 0.47789674687500006 0.04816165156250003 0.04491386562500006
0 0.8480224171875002 0.47183529531249996 0.04902944999999992 0.036769896875000006
0 0.9011737656250001 0.46749239296875 0.040785521875000084 0.04140233281249994
0 0.8174332421875 0.428293425 0.045124475000000074 0.040469950000000046
0 0.8768759968750001 0.425759846875 0.04078559062499991 0.033956034375000055
0 0.9256884890624999 0.42276050546875005 0.0420872031250001 0.03648037343750001
0 0.9554832015624999 0.4650515125 0.036012784374999995 0.03586112500000001
0 0.9839245132812501 0.4240633765625 0.03215097343750006 0.03271652812500001
0 0.7867004296875001 0.383150003125 0.05336830312500007 0.04024422187500001
0 0.8461432007812502 0.3821366640625 0.04642608906250008 0.03937563124999999
0 0.9027656875 0.3835842890625 0.04252108437500013 0.03705942499999999
0 0.9563509671875 0.38059912578125 0.0490294500000001 0.03839732656249999
0 0.8181573695312501 0.33928669453125 0.04946332968749996 0.03995469218750003
0 0.868488465625 0.3385582640625 0.044256678125000094 0.039674396875000004
0 0.9294498570312498 0.34015527578125 0.04642612343749999 0.03358510781249997
0 0.9808872718749999 0.33986575390625 0.03822545625 0.033585117187500034
0 0.8452754195312501 0.29482135781249996 0.04642612343749999 0.0382827625
0 0.90385041015625 0.29615682187500003 0.0455583609375001 0.03734894687499999
0 0.9619608226562502 0.29964625 0.04422110156250003 0.03955330937499997
0 0.4115781015625 0.67467267578125 0.040821115624999973 0.04265092968749995
0 0.427423146875 0.637901659375 0.04135822499999993 0.04164343750000006
0 0.41372659062500006 0.5796936921875 0.031152937500000012 0.03333224374999997
0 0.38687058750000003 0.52999796640625 0.040821115625000015 0.04587663906250006
0 0.37854523203125 0.57444096015625 0.03491280468750002 0.03440747343749999
0 0.39546450078125 0.62359907265625 0.03115293906249996 0.0401420640625
0 0.38042514296875 0.66123225 0.03222720156249999 0.039425243749999964
0 0.3965387453125 0.7107714875 0.02900444999999996 0.041418746875000065
0 0.3693235890625 0.70137433046875 0.02613769374999997 0.03440746093749993
0 0.32483320703124996 0.69531892734375 0.031690089062499996 0.036482742187499986
0 0.34282674062499996 0.65818575703125 0.031152978124999998 0.04193410468750001
0 0.35652329765625 0.6153556085937499 0.037061292187500025 0.043009351562499985
0 0.34766082890625 0.5256970390625 0.03759840156250003 0.03942523124999999
0 0.332084340625 0.56888558828125 0.035449956250000005 0.04121729531250003
0 0.30845106953125 0.6101028765625001 0.029004492187499988 0.047668693750000025
0 0.29958858046875003 0.6536498625 0.02739311406249998 0.036557921874999975
0 0.27434393515625 0.6061603578125 0.030615826562500014 0.04623504374999996
0 0.29556018125000005 0.56261338515625 0.03437569062499999 0.04372617656250002
0 0.30952529375 0.52084247734375 0.03330146874999999 0.03766517656249997
0 0.80699729921875 0.7280220835937501 0.04443021406249992 0.03883829218750003
0 0.8632015281250001 0.722681690625 0.04132011250000005 0.03706708437500002
0 0.9111861398437501 0.712542859375 0.03154547968750006 0.03382645937499999
0 0.937622103125 0.74370031875 0.03998719375000004 0.033178412500000046
0 0.8887489007812499 0.75551880859375 0.03643276093749996 0.03385242968750006
0 0.8347661671875001 0.76740493984375 0.040431490625000066 0.032019354687500015
0 0.7532367296875 0.8191399031250001 0.04798461249999999 0.03705942812499998
0 0.80810805390625 0.8086150226562501 0.04754031718750005 0.0403206640625001
0 0.8603135734375 0.7996432609375 0.040875815624999846 0.03395318749999996
0 0.9171842460937499 0.7888994078125 0.038210010937499914 0.029944012500000027
0 0.78011700625 0.774043596875 0.042208703124999934 0.03830941562499994
0 0.9629473460937501 0.77893321171875 0.03909860468749997 0.0332738328125
0 0.94717460703125 0.8224011453125 0.03243407031249994 0.03290875624999998
0 0.8907482812499999 0.83277776796875 0.037765681249999974 0.03172286093750003
0 0.9138519804687502 0.8637594507812502 0.03954286406250009 0.03379820156250002
0 0.83787628515625 0.8430643703125 0.04576313281250002 0.037832443749999986
0 0.8656451859375001 0.8760363171875 0.03465561562499993 0.03528057812499998
0 0.8083301867187501 0.8873979765624999 0.04887323593750006 0.03983299062499999
0 0.78056131875 0.8555795265625001 0.045763100000000015 0.03409466249999991
0 0.69258948046875 0.8325287476562501 0.04398592031249997 0.03453897656249989
0 0.66748641953125 0.88035826953125 0.04443021406250001 0.04027451718750008
0 0.6346080625 0.9323106765624999 0.056870671875000056 0.03913478124999994
0 0.57173930078125 0.9428314992187501 0.045763117187499966 0.041811145312500034
0 0.6012854 0.89376886171875 0.056870671875000056 0.04506426718750003
0 0.63371946328125 0.8441121171875 0.0479846453125 0.042890900000000086
0 0.56929565078125 0.8561901335937501 0.056870689062500014 0.0448247109375
0 0.6570453265625 0.7944034726562499 0.04754031562499996 0.036169992187500014
0 0.6003968015625001 0.806558959375 0.05242766562499997 0.04506426562499995
0 0.62527771484375 0.75999079296875 0.049761826562499945 0.04164804218749998
0 0.56707412265625 0.7729649734375 0.05153904218749998 0.04387837187499999
0 0.52642643046875 0.820391171875 0.052871964062500075 0.036189753124999946
0 0.49388130312499995 0.7802286242187499 0.054427031249999924 0.04417484218749994
0 0.45578239921875 0.8350205945312499 0.05820361093750002 0.04387836093749993
0 0.42712490703125 0.8863108453125002 0.05153904218749998 0.042099499999999956
0 0.46155832343750003 0.9288550640625001 0.05464914375000003 0.04773253750000013
0 0.48999366796874994 0.8724909078125 0.05464914531249994 0.04187070312500012
0 0.5337574390625 0.9060264609375001 0.05509350625000007 0.03883828749999996
0 0.50509994765625 0.9579096640625 0.049317532812499995 0.04061714687499993
0 0.20086377421875 0.5114604734375 0.02573089531249999 0.037484850000000056
0 0.21824949687500003 0.5563264960937501 0.024340031249999994 0.04123270156250003
0 0.23789538515625003 0.6014575078125001 0.027469442187500005 0.03921210000000004
0 0.23285354375000003 0.6411697640625 0.02503547500000001 0.03596377500000001
0 0.21268606640624999 0.66967104453125 0.027121757812500015 0.03371889843750005
0 0.18417345703125002 0.66506825078125 0.0264263140625 0.03596375781249996
0 0.19703890390624998 0.6290207140625 0.024340032812500013 0.03125881875000003
0 0.2031239125 0.592560675 0.022601456250000006 0.037123878124999975
0 0.15374843203125002 0.6568268234375 0.026078604687500007 0.035276834375000024
0 0.17513287890625 0.58861626796875 0.023644585937499983 0.03805196406249998
0 0.18617282578125 0.551820775 0.024861595312500005 0.03685894062499999
0 0.16817858515625 0.62384187109375 0.01669028906250001 0.03249533593749998
0 0.13723196875000002 0.6224557125000001 0.02225374687499999 0.03155528437500008
0 0.15792101171875 0.54577168984375 0.028164885937499995 0.03271541406249998
0 0.16956944921875 0.5082153046875 0.022253745312499996 0.029931128124999963
0 0.1445339859375 0.50637311015625 0.026426340625 0.034079554687499944
0 0.1457509828125 0.58435709296875 0.019124309375000002 0.03642432968749994
0 0.12871296953125003 0.5415468828125001 0.0253831578125 0.03248339375000002
0 0.12384497109375 0.576234509375 0.022601457812499982 0.035035656250000005
0 0.0612563078125 0.6052326203125 0.019819756250000008 0.03411741250000002
0 0.07620803828125 0.57205806953125 0.023296876562500003 0.03549970781250007
0 0.04899538671875 0.56965095 0.0206417734375 0.028806353125000062
0 0.04478278046875 0.53551680859375 0.024011870312499996 0.03215330781249994
0 0.034461894531249995 0.49706004140625 0.020220520312499997 0.029234426562499926
0 0.018243353125 0.56550793203125 0.020641774999999998 0.03626194531250002
0 0.028774882031249997 0.5310731625 0.015586626562500002 0.033169809375000005
0 0.03172369375 0.6014144273437501 0.02316933125 0.02910199218749998
0 0.04246583515625 0.63991366953125 0.018535470312499996 0.030249292187499943
0 0.026389259375 0.6342369109374999 0.019240590625 0.028672228124999942
0 0.0079632109375 0.59642894453125 0.015926421875 0.027266717187499977
0 0.00984920390625 0.49406475078125 0.0172095515625 0.030077701562500003