0 0.0328125 0.10234375 0.0609375 0.075
0 0.0796875 0.09375 0.0578125 0.071875
0 0.140625 0.08515625 0.0609375 0.0671875
0 0.19453125 0.07578125 0.059375 0.0734375
0 0.25 0.06875 0.0609375 0.0765625
0 0.29375 0.13125 0.06875 0.084375
0 0.24140625 0.14375 0.059375 0.0703125
0 0.17734375 0.1453125 0.0625 0.075
0 0.12890625 0.15390625 0.059375 0.0703125
0 0.06953125 0.1609375 0.0609375 0.0734375
0 0.025 0.16953125 0.05 0.0671875
0 0.01484375 0.2390625 0.0296875 0.075
0 0.0609375 0.2328125 0.059375 0.06875
0 0.1140625 0.22109375 0.0625 0.0828125
0 0.16484375 0.215625 0.065625 0.078125
0 0.21953125 0.20625 0.0640625 0.0828125
0 0.28125 0.2078125 0.0640625 0.0828125
0 0.3375 0.19375 0.059375 0.0796875
0 0.37265625 0.25546875 0.0609375 0.08125
0 0.325 0.2625 0.0609375 0.0734375
0 0.26328125 0.2703125 0.0640625 0.075
0 0.209375 0.27734375 0.0609375 0.071875
0 0.15859375 0.28515625 0.0609375 0.0703125
0 0.10078125 0.28984375 0.0625 0.071875
0 0.05078125 0.29453125 0.0625 0.0671875
0 0.00625 0.30625 0.0125 0.075
0 0.0109375 0.375 0.021875 0.075
0 0.03515625 0.3609375 0.0609375 0.071875
0 0.0875 0.359375 0.065625 0.075
0 0.13984375 0.35234375 0.0625 0.0734375
0 0.1875 0.34296875 0.065625 0.0765625
0 0.25 0.33671875 0.0625 0.0765625
0 0.3046875 0.3265625 0.059375 0.0765625
0 0.36015625 0.321875 0.053125 0.065625
0 0.41328125 0.32109375 0.0546875 0.071875
0 0.40078125 0.384375 0.0546875 0.075
0 0.34140625 0.38828125 0.0609375 0.071875
0 0.29140625 0.3953125 0.05625 0.0671875
0 0.23515625 0.40703125 0.059375 0.065625
0 0.18359375 0.409375 0.059375 0.0734375
0 0.1328125 0.415625 0.0578125 0.0703125
0 0.078125 0.4234375 0.0609375 0.0734375
0 0.03125 0.4265625 0.05625 0.0734375
0 0.078125 0.48046875 0.05625 0.0671875
0 0.12109375 0.47578125 0.053125 0.065625
0 0.16875 0.4765625 0.0640625 0.0703125
0 0.2234375 0.46640625 0.053125 0.071875
0 0.2734375 0.465625 0.05625 0.06875
0 0.32578125 0.44921875 0.0609375 0.08125
0 0.378125 0.44609375 0.0578125 0.078125
0 0.53828125 0.02890625 0.0640625 0.0578125
0 0.59921875 0.028125 0.0671875 0.05625
0 0.65546875 0.0234375 0.0609375 0.046875
0 0.7203125 0.0125 0.06875 0.025
0 0.771875 0.01328125 0.059375 0.0265625
0 0.80859375 0.0546875 0.0625 0.0828125
0 0.75078125 0.0625 0.065625 0.075
0 0.69296875 0.0703125 0.0640625 0.0796875
0 0.6296875 0.08359375 0.059375 0.0703125
0 0.57578125 0.08203125 0.0640625 0.0765625
0 0.51953125 0.09140625 0.059375 0.075
0 0.49921875 0.16796875 0.059375 0.0796875
0 0.55625 0.1546875 0.0671875 0.075
0 0.615625 0.1484375 0.0671875 0.0828125
0 0.67109375 0.1453125 0.06875 0.0765625
0 0.72890625 0.13515625 0.0640625 0.078125
0 0.7921875 0.12421875 0.06875 0.0765625
0 0.8453125 0.11796875 0.0640625 0.08125
0 0.8796875 0.1796875 0.06875 0.0828125
0 0.8234375 0.19609375 0.053125 0.0703125
0 0.771875 0.19609375 0.0671875 0.078125
0 0.70390625 0.209375 0.0578125 0.06875
0 0.64375 0.2171875 0.0625 0.0703125
0 0.59296875 0.2203125 0.0640625 0.0703125
0 0.53671875 0.22578125 0.0609375 0.0703125
0 0.48359375 0.234375 0.0609375 0.0734375
0 0.465625 0.31171875 0.0671875 0.0828125
0 0.51875 0.29765625 0.065625 0.071875
0 0.57421875 0.2921875 0.065625 0.0703125
0 0.6265625 0.2875 0.05625 0.0734375
0 0.68359375 0.2765625 0.06875 0.078125
0 0.74453125 0.2671875 0.0625 0.071875
0 0.796875 0.26015625 0.0625 0.0765625
0 0.8515625 0.25078125 0.065625 0.071875
0 0.90546875 0.24921875 0.05625 0.0734375
0 0.88046875 0.31796875 0.0625 0.0796875
0 0.82734375 0.32109375 0.0578125 0.0671875
0 0.77734375 0.334375 0.0671875 0.071875
0 0.72421875 0.34296875 0.0625 0.0765625
0 0.66484375 0.346875 0.059375 0.0625
0 0.6078125 0.35 0.0640625 0.0703125
0 0.5546875 0.35625 0.059375 0.0703125
0 0.50234375 0.36875 0.0625 0.0734375
0 0.53359375 0.4203125 0.065625 0.0765625
0 0.5921875 0.42109375 0.0625 0.0765625
0 0.64453125 0.4171875 0.0625 0.0734375
0 0.69609375 0.40625 0.0703125 0.0796875
0 0.75703125 0.4015625 0.0578125 0.071875
0 0.80546875 0.3890625 0.0515625 0.06875
0 0.853125 0.384375 0.065625 0.075
0 0.60703125 0.565625 0.0625 0.06875
0 0.659375 0.56328125 0.0640625 0.065625
0 0.71328125 0.553125 0.0546875 0.06875
0 0.75859375 0.5421875 0.0609375 0.065625
0 0.8140625 0.53203125 0.059375 0.06875
0 0.8453125 0.578125 0.0625 0.0734375
0 0.79453125 0.5921875 0.05625 0.0640625
0 0.74609375 0.60703125 0.0578125 0.06875
0 0.6984375 0.62109375 0.059375 0.0734375
0 0.6421875 0.63125 0.0640625 0.071875
0 0.58515625 0.61953125 0.0546875 0.065625
0 0.56953125 0.69140625 0.059375 0.0671875
0 0.6203125 0.675 0.0578125 0.0734375
0 0.66953125 0.66875 0.059375 0.071875
0 0.72265625 0.6625 0.0625 0.0640625
0 0.77734375 0.653125 0.0625 0.075
0 0.8265625 0.6453125 0.0640625 0.06875
0 0.8734375 0.6296875 0.05 0.0640625
0 0.89765625 0.68046875 0.0578125 0.0625
0 0.853125 0.69140625 0.05 0.059375
0 0.80234375 0.70234375 0.059375 0.0609375
0 0.75390625 0.7078125 0.05 0.0546875
0 0.70859375 0.73125 0.0578125 0.0625
0 0.65546875 0.73203125 0.0546875 0.0625
0 0.60546875 0.74140625 0.05625 0.059375
0 0.55234375 0.7484375 0.0546875 0.0640625
0 0.53984375 0.8015625 0.0578125 0.0609375
0 0.5890625 0.81328125 0.05625 0.059375
0 0.64375 0.80546875 0.0546875 0.0671875
0 0.6921875 0.78203125 0.05625 0.0671875
0 0.734375 0.7671875 0.0546875 0.0578125
0 0.7875 0.76484375 0.05625 0.065625
0 0.83515625 0.75703125 0.0609375 0.059375
0 0.8859375 0.746875 0.0546875 0.05625
0 0.928125 0.7359375 0.05 0.0625
0 0.91796875 0.79921875 0.0546875 0.0625
0 0.86953125 0.81640625 0.0578125 0.0640625
0 0.8953125 0.85546875 0.059375 0.0625
0 0.84609375 0.86796875 0.0546875 0.0671875
0 0.821875 0.81796875 0.053125 0.0578125
0 0.76328125 0.8140625 0.0578125 0.0625
0 0.72734375 0.84140625 0.046875 0.0640625
0 0.79609375 0.871875 0.0546875 0.06875
0 0.7515625 0.8828125 0.059375 0.0640625
0 0.7046875 0.8953125 0.0640625 0.06875
0 0.6703125 0.83359375 0.053125 0.0609375
0 0.6203125 0.85703125 0.05625 0.0578125
0 0.571875 0.8671875 0.05625 0.0578125
0 0.6 0.90234375 0.0609375 0.065625
0 0.653125 0.90390625 0.059375 0.071875
0 0.12734375 0.640625 0.0578125 0.0734375
0 0.17265625 0.634375 0.065625 0.0765625
0 0.22734375 0.63046875 0.0640625 0.0796875
0 0.28359375 0.6203125 0.0671875 0.0734375
0 0.34296875 0.61328125 0.065625 0.078125
0 0.378125 0.67421875 0.0640625 0.075
0 0.32265625 0.67734375 0.06875 0.0765625
0 0.2703125 0.6828125 0.0578125 0.0640625
0 0.21171875 0.69765625 0.0609375 0.0765625
0 0.16640625 0.696875 0.0515625 0.06875
0 0.10390625 0.71640625 0.0578125 0.06875
0 0.0875 0.77734375 0.0609375 0.071875
0 0.14921875 0.75625 0.059375 0.0640625
0 0.20078125 0.7484375 0.0609375 0.06875
0 0.2546875 0.74609375 0.0609375 0.078125
0 0.3078125 0.7453125 0.0625 0.071875
0 0.3625 0.73828125 0.059375 0.078125
0 0.42109375 0.7125 0.0625 0.0671875
0 0.45234375 0.775 0.0546875 0.06875
0 0.40078125 0.77578125 0.0609375 0.0671875
0 0.35 0.7828125 0.059375 0.0703125
0 0.29921875 0.78828125 0.059375 0.0625
0 0.24296875 0.80859375 0.0703125 0.071875
0 0.18515625 0.81796875 0.0609375 0.065625
0 0.12890625 0.825 0.065625 0.065625
0 0.07421875 0.83203125 0.0640625 0.075
0 0.12109375 0.8828125 0.0546875 0.0625
0 0.17265625 0.8765625 0.05625 0.0640625
0 0.228125 0.865625 0.0578125 0.059375
0 0.07578125 0.8890625 0.0484375 0.0609375
0 0.11015625 0.93203125 0.0484375 0.0625
0 0.159375 0.934375 0.0625 0.071875
0 0.15078125 0.971875 0.0578125 0.05625
0 0.20078125 0.97265625 0.0609375 0.0546875
0 0.2125 0.9359375 0.059375 0.0671875
0 0.26171875 0.925 0.059375 0.065625
0 0.25078125 0.9734375 0.0578125 0.053125
0 0.30625 0.9609375 0.059375 0.078125
0 0.35234375 0.953125 0.05625 0.0765625
0 0.40859375 0.93125 0.0515625 0.0640625
0 0.45625 0.928125 0.05 0.0578125
0 0.475 0.88203125 0.053125 0.065625
0 0.4859375 0.8140625 0.059375 0.0765625
0 0.43515625 0.83203125 0.0578125 0.06875
0 0.41875 0.88359375 0.0515625 0.0609375
0 0.38984375 0.83125 0.0484375 0.0609375
0 0.33203125 0.85625 0.0546875 0.06875
0 0.36484375 0.89921875 0.0578125 0.0734375
0 0.31953125 0.89765625 0.053125 0.0640625
0 0.2765625 0.8609375 0.0546875 0.0703125