0 0.27265625 0.815625 0.115625 0.159375
0 0.37734375 0.82734375 0.1171875 0.1546875
0 0.48046875 0.84296875 0.121875 0.1671875
0 0.58984375 0.8734375 0.1375 0.178125
0 0.24375 0.68671875 0.1125 0.146875
0 0.35078125 0.703125 0.1125 0.1484375
0 0.23203125 0.56953125 0.0921875 0.1328125
0 0.30390625 0.57578125 0.109375 0.1515625
0 0.44609375 0.709375 0.1109375 0.1484375
0 0.40078125 0.58046875 0.11875 0.153125
0 0.1921875 0.44609375 0.1015625 0.13125
0 0.28671875 0.4640625 0.1046875 0.134375
0 0.37109375 0.4640625 0.1125 0.1453125
0 0.54296875 0.7203125 0.1265625 0.1625
0 0.50546875 0.5875 0.1203125 0.15625
0 0.61328125 0.60078125 0.125 0.1609375
0 0.70625 0.88125 0.134375 0.18125
0 0.65625 0.73984375 0.1359375 0.16875
0 0.77421875 0.7578125 0.1296875 0.1671875
0 0.734375 0.61640625 0.1375 0.171875
0 0.846875 0.6359375 0.13125 0.1609375
0 0.47421875 0.4765625 0.10625 0.1390625
0 0.57265625 0.4859375 0.115625 0.14375
0 0.6875 0.48359375 0.1296875 0.1578125
0 0.79140625 0.51171875 0.1203125 0.153125
0 0.91640625 0.5125 0.1328125 0.1578125
0 0.95078125 0.40390625 0.0984375 0.1453125
0 0.85703125 0.39453125 0.128125 0.1515625
0 0.909375 0.2921875 0.1203125 0.1390625
0 0.7453125 0.38125 0.1234375 0.146875
0 0.80234375 0.2875 0.115625 0.134375
0 0.8546875 0.2 0.1140625 0.128125
0 0.75859375 0.18046875 0.109375 0.1296875
0 0.7046875 0.25546875 0.1171875 0.1359375
0 0.63828125 0.3640625 0.1140625 0.1359375
0 0.66484375 0.146875 0.1109375 0.1296875
0 0.60390625 0.25 0.1125 0.1359375
0 0.5375 0.35859375 0.1125 0.1375
0 0.50546875 0.2578125 0.1046875 0.1265625
0 0.565625 0.16171875 0.103125 0.1234375
0 0.446875 0.3703125 0.1015625 0.1296875
0 0.415625 0.2609375 0.1015625 0.128125
0 0.47265625 0.15703125 0.103125 0.1234375
0 0.35625 0.36328125 0.103125 0.1296875
0 0.2609375 0.35078125 0.096875 0.128125
0 0.16171875 0.32734375 0.0984375 0.128125
0 0.2359375 0.24921875 0.096875 0.121875
0 0.33046875 0.2671875 0.096875 0.1234375
0 0.38671875 0.15703125 0.0953125 0.1171875
0 0.30703125 0.17734375 0.0890625 0.1140625