0 0.2515625 0.8640625 0.13125 0.1546875
0 0.3625 0.90703125 0.125 0.165625
0 0.48359375 0.921875 0.1234375 0.15625
0 0.59765625 0.93125 0.1234375 0.1375
0 0.71953125 0.9390625 0.1359375 0.121875
0 0.215625 0.73046875 0.1421875 0.165625
0 0.33671875 0.75078125 0.128125 0.159375
0 0.4484375 0.775 0.1234375 0.1640625
0 0.5625 0.79296875 0.1234375 0.1546875
0 0.68359375 0.8140625 0.1390625 0.184375
0 0.79453125 0.8375 0.11875 0.15625
0 0.1875 0.58203125 0.1328125 0.171875
0 0.3046875 0.60859375 0.125 0.1578125
0 0.41640625 0.62890625 0.1265625 0.1640625
0 0.5296875 0.646875 0.1265625 0.1546875
0 0.63515625 0.66875 0.1140625 0.1484375
0 0.73671875 0.684375 0.103125 0.1328125
0 0.83984375 0.70625 0.1296875 0.1453125
0 0.1671875 0.4515625 0.1265625 0.159375
0 0.27890625 0.46171875 0.1234375 0.14375
0 0.3875 0.484375 0.11875 0.140625
0 0.49609375 0.5109375 0.1125 0.13125
0 0.60234375 0.5328125 0.1265625 0.1484375
0 0.6953125 0.55859375 0.10625 0.121875
0 0.7953125 0.5828125 0.115625 0.1375
0 0.9234375 0.59453125 0.121875 0.1515625
0 0.1390625 0.29921875 0.13125 0.1625
0 0.25078125 0.33125 0.125 0.14375
0 0.36171875 0.35859375 0.1171875 0.1328125
0 0.46484375 0.37890625 0.1171875 0.14375
0 0.57109375 0.39921875 0.109375 0.134375
0 0.665625 0.4265625 0.1125 0.1375
0 0.76875 0.44296875 0.1125 0.128125
0 0.8703125 0.46875 0.115625 0.134375
0 0.96640625 0.47421875 0.0671875 0.1328125
0 0.2390625 0.21953125 0.1109375 0.121875
0 0.334375 0.23671875 0.125 0.121875
0 0.4359375 0.2453125 0.1234375 0.128125
0 0.5375 0.2828125 0.11875 0.1203125
0 0.6375 0.30546875 0.1234375 0.1359375
0 0.7453125 0.30390625 0.1140625 0.1390625
0 0.83671875 0.34453125 0.1140625 0.1234375
0 0.946875 0.3609375 0.10625 0.1375
0 0.31484375 0.12734375 0.1109375 0.128125
0 0.415625 0.14375 0.1046875 0.1125
0 0.51484375 0.146875 0.1109375 0.134375
0 0.61875 0.1546875 0.11875 0.1453125
0 0.70625 0.2 0.1015625 0.115625
0 0.8203125 0.19609375 0.1203125 0.1359375
0 0.90859375 0.2359375 0.1046875 0.1203125
0 0.08515625 0.12265625 0.0671875 0.103125
0 0.06171875 0.31484375 0.0921875 0.134375
0 0.0796875 0.2125 0.084375 0.090625
0 0.03046875 0.44140625 0.0609375 0.1421875
0 0.70078125 0.053125 0.0828125 0.0609375
0 0.7828125 0.075 0.0859375 0.0765625