0 0.4943913714285714 0.43153144 0.037585628571428546 0.27759350000000005
0 0.5288242864285714 0.39936900000000003 0.034653781428571374 0.27307059999999994
0 0.5477389142857143 0.6399316349999999 0.03385952571428577 0.26816966999999997
0 0.5125733271428572 0.663458615 0.03509369999999998 0.27216444999999995
0 0.47739597714285714 0.71047321 0.03936917714285715 0.28471256000000006
0 0.4406353592857143 0.6882156150000001 0.02408495 0.29639529000000003
0 0.3627514857142857 0.43153144 0.037585628571428546 0.27759350000000005
0 0.6484657714285714 0.43153144 0.037585628571428546 0.27759350000000005
0 0.20867708571428573 0.43153144 0.037585628571428546 0.27759350000000005
0 0.7801056571428571 0.43153144 0.037585628571428546 0.27759350000000005
0 0.0770372 0.43153144 0.03758562857142858 0.27759350000000005
0 0.9341800571428572 0.43153144 0.037585628571428546 0.27759350000000005
0 0.32831857071428566 0.39936900000000003 0.034653781428571416 0.27307059999999994
0 0.6140328564285715 0.39936900000000003 0.034653781428571374 0.27307059999999994
0 0.24311000071428573 0.39936900000000003 0.034653781428571416 0.27307059999999994
0 0.8145385721428573 0.39936900000000003 0.03465378142857146 0.27307059999999994
0 0.042604285 0.39936900000000003 0.03465378142857143 0.27307059999999994
0 0.899747142142857 0.39936900000000003 0.03465378142857146 0.27307059999999994
0 0.30940394285714284 0.6399316349999999 0.03385952571428573 0.26816966999999997
0 0.5951182285714286 0.6399316349999999 0.03385952571428577 0.26816966999999997
0 0.26202462857142855 0.6399316349999999 0.03385952571428573 0.26816966999999997
0 0.8334532 0.6399316349999999 0.03385952571428561 0.26816966999999997
0 0.023689657142857142 0.6399316349999999 0.03385952571428571 0.26816966999999997
0 0.8808325142857143 0.6399316349999999 0.03385952571428561 0.26816966999999997
0 0.34456953 0.663458615 0.03509370000000002 0.27216444999999995
0 0.6302838157142857 0.663458615 0.03509369999999998 0.27216444999999995
0 0.22685904142857144 0.663458615 0.03509370000000002 0.27216444999999995
0 0.7982876128571429 0.663458615 0.0350936999999999 0.27216444999999995
0 0.05885524428571428 0.663458615 0.0350937 0.27216444999999995
0 0.9159981014285714 0.663458615 0.0350936999999999 0.27216444999999995
0 0.37974688 0.71047321 0.03936917714285719 0.28471256000000006
0 0.6654611657142857 0.71047321 0.03936917714285715 0.28471256000000006
0 0.19168169142857144 0.71047321 0.03936917714285717 0.28471256000000006
0 0.7631102628571429 0.71047321 0.039369177142857224 0.28471256000000006
0 0.0940325942857143 0.71047321 0.03936917714285715 0.28471256000000006
0 0.9511754514285714 0.71047321 0.039369177142857224 0.28471256000000006
0 0.41650749785714286 0.6882156150000001 0.02408495 0.29639529000000003
0 0.7022217835714286 0.6882156150000001 0.02408495 0.29639529000000003
0 0.15492107357142856 0.6882156150000001 0.02408495 0.29639529000000003
0 0.7263496450000001 0.6882156150000001 0.02408495000000008 0.29639529000000003
0 0.13079321214285716 0.6882156150000001 0.02408495 0.29639529000000003
0 0.9879360692857142 0.6882156150000001 0.02408495 0.29639529000000003