0 0.7151442307692307 0.10817307692307693 0.06971153846153846 0.0985576923076923
0 0.6502403846153846 0.13701923076923078 0.0673076923076923 0.09615384615384616
0 0.5853365384615384 0.1658653846153846 0.06490384615384616 0.09615384615384616
0 0.9651442307692307 0.16826923076923078 0.06971153846153846 0.10336538461538461
0 0.5240384615384616 0.1935096153846154 0.06009615384615385 0.09375
0 0.6862980769230769 0.20552884615384615 0.06490384615384616 0.0985576923076923
0 0.6189903846153846 0.23197115384615385 0.06490384615384616 0.0985576923076923
0 0.5552884615384616 0.2620192307692308 0.06009615384615385 0.09615384615384616
0 0.4483173076923077 0.26802884615384615 0.057692307692307696 0.09134615384615384
0 0.9362980769230769 0.2692307692307692 0.07451923076923077 0.10096153846153846
0 0.7223557692307693 0.27403846153846156 0.06971153846153846 0.10096153846153846
0 0.3918269230769231 0.28846153846153844 0.052884615384615384 0.0889423076923077
0 0.6550480769230769 0.30288461538461536 0.06490384615384616 0.10096153846153846
0 0.3389423076923077 0.3112980769230769 0.052884615384615384 0.08653846153846154
0 0.5889423076923077 0.3293269230769231 0.06490384615384616 0.10096153846153846
0 0.28365384615384615 0.3293269230769231 0.05048076923076923 0.08653846153846154
0 0.5252403846153846 0.35336538461538464 0.0625 0.09615384615384616
0 0.36177884615384615 0.3737980769230769 0.052884615384615384 0.0889423076923077
0 0.3076923076923077 0.39302884615384615 0.05048076923076923 0.08653846153846154
0 0.44350961538461536 0.4206730769230769 0.057692307692307696 0.09375
0 0.3870192307692308 0.43990384615384615 0.055288461538461536 0.09134615384615384
0 0.9362980769230769 0.4411057692307692 0.07932692307692307 0.11298076923076923
0 0.3329326923076923 0.4579326923076923 0.052884615384615384 0.0889423076923077
0 0.859375 0.46033653846153844 0.07451923076923077 0.11057692307692307
0 0.27884615384615385 0.47596153846153844 0.052884615384615384 0.08653846153846154
0 0.7848557692307693 0.4795673076923077 0.07451923076923077 0.10576923076923077
0 0.7151442307692307 0.5012019230769231 0.06971153846153846 0.10576923076923077
0 0.9014423076923077 0.546875 0.07932692307692307 0.11057692307692307
0 0.5600961538461539 0.5480769230769231 0.06490384615384616 0.10096153846153846
0 0.8233173076923077 0.5649038461538461 0.07451923076923077 0.11057692307692307
0 0.49759615384615385 0.5685096153846154 0.06009615384615385 0.10096153846153846
0 0.7512019230769231 0.5817307692307693 0.07451923076923077 0.10576923076923077
0 0.4362980769230769 0.5865384615384616 0.06009615384615385 0.09615384615384616
0 0.38100961538461536 0.6081730769230769 0.055288461538461536 0.09615384615384616
0 0.9423076923076923 0.6334134615384616 0.08173076923076923 0.11538461538461539
0 0.5288461538461539 0.6442307692307693 0.0625 0.10336538461538461
0 0.8641826923076923 0.6502403846153846 0.07692307692307693 0.11298076923076923
0 0.46634615384615385 0.6622596153846154 0.0625 0.10096153846153846
0 0.7908653846153846 0.6682692307692307 0.07451923076923077 0.11057692307692307
0 0.3605769230769231 0.6682692307692307 0.038461538461538464 0.07451923076923077
0 0.31490384615384615 0.6730769230769231 0.05048076923076923 0.09134615384615384
0 0.4074519230769231 0.6802884615384616 0.057692307692307696 0.0985576923076923
0 0.7175480769230769 0.6850961538461539 0.06971153846153846 0.11057692307692307
0 0.265625 0.6875 0.05048076923076923 0.0889423076923077
0 0.9807692307692307 0.06971153846153846 0.036057692307692304 0.10096153846153846
0 0.21634615384615385 0.6995192307692307 0.05048076923076923 0.08413461538461539
0 0.5600961538461539 0.7235576923076923 0.06490384615384616 0.10576923076923077
0 0.4963942307692308 0.7415865384615384 0.0625 0.10576923076923077
0 0.33653846153846156 0.7439903846153846 0.052884615384615384 0.09375
0 0.43509615384615385 0.7572115384615384 0.06009615384615385 0.10096153846153846
0 0.23798076923076922 0.7704326923076923 0.05048076923076923 0.0889423076923077
0 0.3737980769230769 0.7716346153846154 0.06009615384615385 0.0985576923076923
0 0.359375 0.828125 0.052884615384615384 0.08173076923076923
0 0.30649038461538464 0.8317307692307693 0.052884615384615384 0.09375
0 0.25600961538461536 0.8425480769230769 0.04807692307692308 0.09134615384615384
0 0.20673076923076922 0.8521634615384616 0.05048076923076923 0.09134615384615384
0 0.921875 0.8557692307692307 0.07932692307692307 0.10096153846153846
0 0.84375 0.8617788461538461 0.07451923076923077 0.0889423076923077
0 0.7704326923076923 0.8677884615384616 0.07211538461538461 0.07451923076923077
0 0.6971153846153846 0.8737980769230769 0.06971153846153846 0.06490384615384616
0 0.9266826923076923 0.09495192307692307 0.07211538461538461 0.10096153846153846