0 0.08888888888888889 0.47333333333333333 0.12444444444444444 0.10222222222222223
0 0.21777777777777776 0.4888888888888889 0.13777777777777778 0.10222222222222223
0 0.3466666666666667 0.5088888888888888 0.14222222222222222 0.10222222222222223
0 0.47555555555555556 0.5244444444444445 0.1511111111111111 0.1111111111111111
0 0.6244444444444445 0.5511111111111111 0.1688888888888889 0.11555555555555555
0 0.07777777777777778 0.5511111111111111 0.13333333333333333 0.09333333333333334
0 0.19555555555555557 0.5711111111111111 0.14222222222222222 0.10666666666666667
0 0.3422222222222222 0.5888888888888889 0.14222222222222222 0.10222222222222223
0 0.47555555555555556 0.6066666666666667 0.14666666666666667 0.1111111111111111
0 0.08666666666666667 0.62 0.12 0.09777777777777778
0 0.6222222222222222 0.6288888888888889 0.16444444444444445 0.10666666666666667
0 0.20666666666666667 0.6422222222222222 0.14222222222222222 0.10222222222222223
0 0.33555555555555555 0.66 0.13777777777777778 0.10222222222222223
0 0.4666666666666667 0.6844444444444444 0.14666666666666667 0.09777777777777778
0 0.09333333333333334 0.6866666666666666 0.10666666666666667 0.09333333333333334
0 0.6155555555555555 0.7111111111111111 0.15555555555555556 0.1111111111111111
0 0.2 0.7155555555555555 0.1288888888888889 0.09777777777777778
0 0.3288888888888889 0.7377777777777778 0.13333333333333333 0.09777777777777778
0 0.08888888888888889 0.76 0.12 0.09777777777777778
0 0.4666666666666667 0.76 0.13777777777777778 0.10222222222222223
0 0.2 0.7844444444444445 0.1111111111111111 0.09333333333333334
0 0.6088888888888889 0.7866666666666666 0.1511111111111111 0.11555555555555555
0 0.31777777777777777 0.82 0.13333333333333333 0.10666666666666667
0 0.4488888888888889 0.8444444444444444 0.14666666666666667 0.1111111111111111
0 0.6 0.8733333333333333 0.15555555555555556 0.11555555555555555
0 0.14666666666666667 0.25333333333333335 0.1288888888888889 0.09777777777777778
0 0.08666666666666667 0.3244444444444444 0.13333333333333333 0.09333333333333334
0 0.21333333333333335 0.3377777777777778 0.1288888888888889 0.09777777777777778
0 0.33555555555555555 0.3422222222222222 0.1511111111111111 0.09333333333333334
0 0.1 0.3977777777777778 0.11555555555555555 0.09333333333333334
0 0.2111111111111111 0.41555555555555557 0.13777777777777778 0.09777777777777778
0 0.3488888888888889 0.4266666666666667 0.14666666666666667 0.10222222222222223
0 0.4911111111111111 0.44222222222222224 0.15555555555555556 0.09777777777777778