0 0.0889423076923077 0.21995192307692307 0.10096153846153846 0.14903846153846154
0 0.19110576923076922 0.22235576923076922 0.10096153846153846 0.15865384615384615
0 0.2980769230769231 0.2247596153846154 0.0985576923076923 0.1466346153846154
0 0.4050480769230769 0.2247596153846154 0.10576923076923077 0.15144230769230768
0 0.6189903846153846 0.22596153846153846 0.10336538461538461 0.14903846153846154
0 0.9399038461538461 0.22596153846153846 0.10336538461538461 0.15144230769230768
0 0.5132211538461539 0.22716346153846154 0.10096153846153846 0.15144230769230768
0 0.7247596153846154 0.22716346153846154 0.10576923076923077 0.15384615384615385
0 0.8329326923076923 0.22716346153846154 0.10336538461538461 0.15384615384615385
0 0.040865384615384616 0.3557692307692308 0.08173076923076923 0.15384615384615385
0 0.1346153846153846 0.3557692307692308 0.10096153846153846 0.15384615384615385
0 0.2439903846153846 0.359375 0.10096153846153846 0.15144230769230768
0 0.35096153846153844 0.36177884615384615 0.10096153846153846 0.14903846153846154
0 0.5637019230769231 0.36177884615384615 0.10096153846153846 0.14903846153846154
0 0.4579326923076923 0.3629807692307692 0.10096153846153846 0.15144230769230768
0 0.671875 0.36538461538461536 0.10096153846153846 0.15144230769230768
0 0.7800480769230769 0.36538461538461536 0.10576923076923077 0.14903846153846154
0 0.8870192307692307 0.36658653846153844 0.10576923076923077 0.15625
0 0.9711538461538461 0.36658653846153844 0.057692307692307696 0.15384615384615385
0 0.08052884615384616 0.49399038461538464 0.10336538461538461 0.15384615384615385
0 0.2980769230769231 0.4963942307692308 0.10096153846153846 0.15144230769230768
0 0.1875 0.49759615384615385 0.10336538461538461 0.15384615384615385
0 0.7235576923076923 0.5 0.10336538461538461 0.15144230769230768
0 0.4050480769230769 0.5 0.0985576923076923 0.1466346153846154
0 0.5108173076923077 0.5012019230769231 0.10096153846153846 0.15144230769230768
0 0.8329326923076923 0.5036057692307693 0.10336538461538461 0.14903846153846154
0 0.9411057692307693 0.5060096153846154 0.10096153846153846 0.15384615384615385
0 0.038461538461538464 0.6298076923076923 0.07692307692307693 0.14903846153846154
0 0.13341346153846154 0.6322115384615384 0.10336538461538461 0.15144230769230768
0 0.24158653846153846 0.6346153846153846 0.10336538461538461 0.15144230769230768
0 0.35096153846153844 0.6370192307692307 0.0985576923076923 0.15144230769230768
0 0.4567307692307692 0.6382211538461539 0.10096153846153846 0.15144230769230768
0 0.5637019230769231 0.640625 0.10096153846153846 0.1466346153846154
0 0.6694711538461539 0.6418269230769231 0.10336538461538461 0.15144230769230768
0 0.7788461538461539 0.6430288461538461 0.10576923076923077 0.15625
0 0.8858173076923077 0.6454326923076923 0.10336538461538461 0.15625
0 0.9699519230769231 0.6454326923076923 0.06009615384615385 0.16346153846153846
0 0.078125 0.7680288461538461 0.10336538461538461 0.15144230769230768
0 0.18629807692307693 0.7704326923076923 0.10096153846153846 0.15384615384615385
0 0.2956730769230769 0.7716346153846154 0.10336538461538461 0.1466346153846154
0 0.4014423076923077 0.7740384615384616 0.10096153846153846 0.15144230769230768
0 0.5120192307692307 0.7764423076923077 0.10096153846153846 0.1466346153846154
0 0.6165865384615384 0.7788461538461539 0.10096153846153846 0.15625
0 0.7247596153846154 0.7800480769230769 0.10576923076923077 0.15384615384615385
0 0.8305288461538461 0.7800480769230769 0.10576923076923077 0.15144230769230768
0 0.9375 0.78125 0.10336538461538461 0.15384615384615385
0 0.140625 0.08533653846153846 0.10096153846153846 0.15144230769230768
0 0.24759615384615385 0.08533653846153846 0.10096153846153846 0.15144230769230768
0 0.46033653846153844 0.08653846153846154 0.10096153846153846 0.14903846153846154
0 0.8870192307692307 0.08774038461538461 0.10096153846153846 0.15144230769230768
0 0.5661057692307693 0.0889423076923077 0.10096153846153846 0.15144230769230768
0 0.9699519230769231 0.0889423076923077 0.057692307692307696 0.15865384615384615
0 0.6730769230769231 0.0889423076923077 0.10336538461538461 0.14903846153846154
0 0.037259615384615384 0.9026442307692307 0.07451923076923077 0.15384615384615385
0 0.04447115384615385 0.09014423076923077 0.0889423076923077 0.14903846153846154
0 0.7800480769230769 0.09134615384615384 0.10336538461538461 0.15625
0 0.3557692307692308 0.09134615384615384 0.10096153846153846 0.15625
0 0.2403846153846154 0.90625 0.10336538461538461 0.15625
0 0.12980769230769232 0.9074519230769231 0.10336538461538461 0.15384615384615385
0 0.34615384615384615 0.9110576923076923 0.10336538461538461 0.15625
0 0.4567307692307692 0.9110576923076923 0.0985576923076923 0.15144230769230768
0 0.5625 0.9158653846153846 0.10576923076923077 0.15625
0 0.7776442307692307 0.9170673076923077 0.10576923076923077 0.15625
0 0.8834134615384616 0.9170673076923077 0.10576923076923077 0.15625
0 0.671875 0.9182692307692307 0.10336538461538461 0.15144230769230768
0 0.9675480769230769 0.9206730769230769 0.06009615384615385 0.15384615384615385