0 0.4639423076923077 0.26802884615384615 0.07932692307692307 0.11778846153846154
0 0.6382211538461539 0.26802884615384615 0.08173076923076923 0.11538461538461539
0 0.2932692307692308 0.2704326923076923 0.07932692307692307 0.11538461538461539
0 0.5480769230769231 0.27403846153846156 0.09615384615384616 0.14182692307692307
0 0.375 0.27524038461538464 0.09375 0.14182692307692307
0 0.11298076923076923 0.29086538461538464 0.08173076923076923 0.1201923076923077
0 0.9711538461538461 0.2932692307692308 0.052884615384615384 0.11538461538461539
0 0.03485576923076923 0.29927884615384615 0.06971153846153846 0.1466346153846154
0 0.8137019230769231 0.3004807692307692 0.08173076923076923 0.11298076923076923
0 0.19591346153846154 0.30288461538461536 0.09375 0.14182692307692307
0 0.9014423076923077 0.3112980769230769 0.09375 0.14423076923076922
0 0.7259615384615384 0.3137019230769231 0.09615384615384616 0.1466346153846154
0 0.2920673076923077 0.03365384615384615 0.07932692307692307 0.0673076923076923
0 0.5480769230769231 0.39783653846153844 0.07932692307692307 0.11778846153846154
0 0.3798076923076923 0.40024038461538464 0.07932692307692307 0.1201923076923077
0 0.6322115384615384 0.4050480769230769 0.09615384615384616 0.1466346153846154
0 0.5480769230769231 0.042067307692307696 0.09615384615384616 0.08413461538461539
0 0.46153846153846156 0.40865384615384615 0.09615384615384616 0.1466346153846154
0 0.29447115384615385 0.4098557692307692 0.09134615384615384 0.13942307692307693
0 0.03365384615384615 0.421875 0.0673076923076923 0.1201923076923077
0 0.20072115384615385 0.421875 0.08413461538461539 0.1201923076923077
0 0.11177884615384616 0.04326923076923077 0.07451923076923077 0.08653846153846154
0 0.3786057692307692 0.04326923076923077 0.09615384615384616 0.08653846153846154
0 0.9038461538461539 0.42788461538461536 0.08173076923076923 0.11298076923076923
0 0.10697115384615384 0.4326923076923077 0.09375 0.1466346153846154
0 0.7307692307692307 0.43509615384615385 0.08173076923076923 0.11538461538461539
0 0.9711538461538461 0.4362980769230769 0.055288461538461536 0.13942307692307693
0 0.8185096153846154 0.4387019230769231 0.09375 0.13942307692307693
0 0.8076923076923077 0.05048076923076923 0.08173076923076923 0.10096153846153846
0 0.03485576923076923 0.054086538461538464 0.06971153846153846 0.10817307692307693
0 0.19471153846153846 0.054086538461538464 0.09615384615384616 0.10817307692307693
0 0.234375 0.5516826923076923 0.08173076923076923 0.12259615384615384
0 0.06370192307692307 0.5552884615384616 0.07932692307692307 0.12259615384615384
0 0.4026442307692308 0.5709134615384616 0.07932692307692307 0.12259615384615384
0 0.14543269230769232 0.5721153846153846 0.09134615384615384 0.13942307692307693
0 0.5745192307692307 0.5757211538461539 0.07932692307692307 0.12259615384615384
0 0.8930288461538461 0.06009615384615385 0.09615384615384616 0.1201923076923077
0 0.48677884615384615 0.5889423076923077 0.09375 0.13701923076923078
0 0.65625 0.5901442307692307 0.09134615384615384 0.14182692307692307
0 0.31490384615384615 0.5913461538461539 0.09134615384615384 0.13942307692307693
0 0.8365384615384616 0.6009615384615384 0.07932692307692307 0.125
0 0.921875 0.6165865384615384 0.09615384615384616 0.14182692307692307
0 0.7223557692307693 0.06370192307692307 0.09615384615384616 0.12740384615384615
0 0.7524038461538461 0.6201923076923077 0.09375 0.14182692307692307
0 0.15144230769230768 0.6887019230769231 0.07932692307692307 0.11298076923076923
0 0.06129807692307692 0.7019230769230769 0.09134615384615384 0.14182692307692307
0 0.32211538461538464 0.703125 0.07932692307692307 0.11057692307692307
0 0.49278846153846156 0.703125 0.07932692307692307 0.11298076923076923
0 0.23076923076923078 0.7043269230769231 0.09134615384615384 0.13942307692307693
0 0.6646634615384616 0.7079326923076923 0.08173076923076923 0.11298076923076923
0 0.40384615384615385 0.7163461538461539 0.09375 0.13701923076923078
0 0.5757211538461539 0.7235576923076923 0.09375 0.13942307692307693
0 0.9206730769230769 0.734375 0.08173076923076923 0.10817307692307693
0 0.7463942307692307 0.734375 0.08413461538461539 0.11538461538461539
0 0.9795673076923077 0.7403846153846154 0.038461538461538464 0.1466346153846154
0 0.8341346153846154 0.7463942307692307 0.09615384615384616 0.14182692307692307
0 0.07211538461538461 0.8161057692307693 0.07932692307692307 0.11778846153846154
0 0.2403846153846154 0.8185096153846154 0.07932692307692307 0.11778846153846154
0 0.4098557692307692 0.8293269230769231 0.08173076923076923 0.11298076923076923
0 0.1502403846153846 0.8401442307692307 0.09375 0.13701923076923078
0 0.5793269230769231 0.8401442307692307 0.07932692307692307 0.11298076923076923
0 0.3233173076923077 0.84375 0.0889423076923077 0.14182692307692307
0 0.49278846153846156 0.8485576923076923 0.09134615384615384 0.13942307692307693
0 0.6610576923076923 0.8509615384615384 0.09134615384615384 0.1466346153846154
0 0.8353365384615384 0.8605769230769231 0.07932692307692307 0.1201923076923077
0 0.9242788461538461 0.8713942307692307 0.09375 0.14182692307692307
0 0.7536057692307693 0.8810096153846154 0.09134615384615384 0.13942307692307693
0 0.16105769230769232 0.9447115384615384 0.08173076923076923 0.10576923076923077
0 0.0673076923076923 0.9447115384615384 0.09615384615384616 0.10576923076923077
0 0.24158653846153846 0.9483173076923077 0.09375 0.10096153846153846
0 0.3317307692307692 0.9483173076923077 0.07932692307692307 0.0985576923076923
0 0.41466346153846156 0.9495192307692307 0.09375 0.09615384615384616
0 0.4987980769230769 0.9507211538461539 0.07692307692307693 0.09615384615384616
0 0.5817307692307693 0.9543269230769231 0.09134615384615384 0.08653846153846154
0 0.6670673076923077 0.9555288461538461 0.08173076923076923 0.08653846153846154
0 0.9182692307692307 0.9615384615384616 0.08173076923076923 0.07211538461538461
0 0.8365384615384616 0.9651442307692307 0.09615384615384616 0.06971153846153846
0 0.75 0.9675480769230769 0.08413461538461539 0.06009615384615385
0 0.5492788461538461 0.13701923076923078 0.07932692307692307 0.11778846153846154
0 0.3786057692307692 0.13822115384615385 0.07932692307692307 0.1201923076923077
0 0.46033653846153844 0.140625 0.09134615384615384 0.1466346153846154
0 0.6322115384615384 0.14302884615384615 0.09375 0.1466346153846154
0 0.28966346153846156 0.14543269230769232 0.09134615384615384 0.14423076923076922
0 0.03365384615384615 0.15625 0.0673076923076923 0.12259615384615384
0 0.19951923076923078 0.16105769230769232 0.08653846153846154 0.1201923076923077
0 0.10697115384615384 0.1658653846153846 0.09375 0.14423076923076922
0 0.9663461538461539 0.17067307692307693 0.06490384615384616 0.1466346153846154
0 0.8966346153846154 0.17067307692307693 0.08173076923076923 0.11778846153846154
0 0.7235576923076923 0.17668269230769232 0.08173076923076923 0.11538461538461539
0 0.8100961538461539 0.1814903846153846 0.09375 0.14182692307692307