0 0.9362980769230769 0.020432692307692308 0.04567307692307692 0.040865384615384616
0 0.5769230769230769 0.19110576923076922 0.052884615384615384 0.07932692307692307
0 0.07451923076923077 0.19831730769230768 0.04567307692307692 0.06971153846153846
0 0.16105769230769232 0.19831730769230768 0.04567307692307692 0.06971153846153846
0 0.7235576923076923 0.19951923076923078 0.04326923076923077 0.06009615384615385
0 0.43509615384615385 0.19951923076923078 0.040865384615384616 0.055288461538461536
0 0.24759615384615385 0.20072115384615385 0.04567307692307692 0.07451923076923077
0 0.8149038461538461 0.203125 0.040865384615384616 0.06009615384615385
0 0.3473557692307692 0.20432692307692307 0.040865384615384616 0.057692307692307696
0 0.5288461538461539 0.20552884615384615 0.04326923076923077 0.04807692307692308
0 0.007211538461538462 0.20552884615384615 0.014423076923076924 0.0673076923076923
0 0.6189903846153846 0.21153846153846154 0.04326923076923077 0.052884615384615384
0 0.9411057692307693 0.2439903846153846 0.057692307692307696 0.08653846153846154
0 0.8377403846153846 0.24639423076923078 0.057692307692307696 0.08413461538461539
0 0.734375 0.2512019230769231 0.057692307692307696 0.08413461538461539
0 0.42788461538461536 0.25721153846153844 0.052884615384615384 0.07932692307692307
0 0.33413461538461536 0.25961538461538464 0.052884615384615384 0.07932692307692307
0 0.5264423076923077 0.25961538461538464 0.055288461538461536 0.07932692307692307
0 0.47475961538461536 0.027644230769230768 0.055288461538461536 0.055288461538461536
0 0.28125 0.027644230769230768 0.052884615384615384 0.055288461538461536
0 0.20432692307692307 0.2644230769230769 0.04567307692307692 0.07451923076923077
0 0.11899038461538461 0.2644230769230769 0.04567307692307692 0.07211538461538461
0 0.6778846153846154 0.265625 0.04326923076923077 0.055288461538461536
0 0.6237980769230769 0.2668269230769231 0.052884615384615384 0.07692307692307693
0 0.7704326923076923 0.2668269230769231 0.040865384615384616 0.0625
0 0.038461538461538464 0.26802884615384615 0.04567307692307692 0.07211538461538461
0 0.8653846153846154 0.2704326923076923 0.038461538461538464 0.0625
0 0.3894230769230769 0.2704326923076923 0.040865384615384616 0.06009615384615385
0 0.48197115384615385 0.27283653846153844 0.040865384615384616 0.05048076923076923
0 0.3016826923076923 0.27403846153846156 0.036057692307692304 0.06009615384615385
0 0.5721153846153846 0.27524038461538464 0.040865384615384616 0.05048076923076923
0 0.2644230769230769 0.27884615384615385 0.036057692307692304 0.04807692307692308
0 0.5721153846153846 0.028846153846153848 0.057692307692307696 0.057692307692307696
0 0.3798076923076923 0.028846153846153848 0.052884615384615384 0.057692307692307696
0 0.7884615384615384 0.31971153846153844 0.057692307692307696 0.08413461538461539
0 0.8882211538461539 0.32091346153846156 0.057692307692307696 0.08173076923076923
0 0.6862980769230769 0.3233173076923077 0.057692307692307696 0.08173076923076923
0 0.9783653846153846 0.3233173076923077 0.040865384615384616 0.08173076923076923
0 0.2860576923076923 0.3269230769230769 0.05048076923076923 0.07692307692307693
0 0.38100961538461536 0.328125 0.05048076923076923 0.07692307692307693
0 0.47596153846153844 0.3293269230769231 0.055288461538461536 0.08173076923076923
0 0.16105769230769232 0.3293269230769231 0.04567307692307692 0.07451923076923077
0 0.2439903846153846 0.3317307692307692 0.04326923076923077 0.07211538461538461
0 0.08052884615384616 0.3329326923076923 0.04567307692307692 0.06971153846153846
0 0.5745192307692307 0.33413461538461536 0.055288461538461536 0.07932692307692307
0 0.010817307692307692 0.33653846153846156 0.021634615384615384 0.06971153846153846
0 0.43509615384615385 0.3389423076923077 0.038461538461538464 0.057692307692307696
0 0.7283653846153846 0.3389423076923077 0.038461538461538464 0.0673076923076923
0 0.8221153846153846 0.3389423076923077 0.038461538461538464 0.06971153846153846
0 0.34375 0.3389423076923077 0.036057692307692304 0.057692307692307696
0 0.9158653846153846 0.3401442307692308 0.03365384615384615 0.0625
0 0.22115384615384615 0.3425480769230769 0.03125 0.06009615384615385
0 0.5252403846153846 0.3425480769230769 0.040865384615384616 0.055288461538461536
0 0.6177884615384616 0.34615384615384615 0.038461538461538464 0.055288461538461536
0 0.33413461538461536 0.39903846153846156 0.05048076923076923 0.07451923076923077
0 0.4266826923076923 0.4026442307692308 0.05048076923076923 0.07692307692307693
0 0.5240384615384616 0.40625 0.055288461538461536 0.08173076923076923
0 0.2980769230769231 0.40625 0.03365384615384615 0.0625
0 0.15264423076923078 0.4074519230769231 0.04567307692307692 0.07451923076923077
0 0.07091346153846154 0.4074519230769231 0.04567307692307692 0.07211538461538461
0 0.8894230769230769 0.40865384615384615 0.057692307692307696 0.0889423076923077
0 0.9855769230769231 0.4098557692307692 0.026442307692307692 0.08653846153846154
0 0.6177884615384616 0.4098557692307692 0.052884615384615384 0.07932692307692307
0 0.38822115384615385 0.4098557692307692 0.038461538461538464 0.0625
0 0.7848557692307693 0.4098557692307692 0.057692307692307696 0.08653846153846154
0 0.47836538461538464 0.41225961538461536 0.038461538461538464 0.06490384615384616
0 0.21875 0.41346153846153844 0.038461538461538464 0.057692307692307696
0 0.6838942307692307 0.41466346153846156 0.057692307692307696 0.08653846153846154
0 0.5685096153846154 0.41586538461538464 0.038461538461538464 0.0625
0 0.7235576923076923 0.4206730769230769 0.036057692307692304 0.0673076923076923
0 0.5252403846153846 0.04447115384615385 0.04326923076923077 0.04567307692307692
0 0.43509615384615385 0.04447115384615385 0.040865384615384616 0.05048076923076923
0 0.18870192307692307 0.4699519230769231 0.04807692307692308 0.07451923076923077
0 0.09375 0.47115384615384615 0.04807692307692308 0.07451923076923077
0 0.019230769230769232 0.47475961538461536 0.038461538461538464 0.07451923076923077
0 0.8353365384615384 0.48677884615384615 0.057692307692307696 0.08653846153846154
0 0.3269230769230769 0.48677884615384615 0.05048076923076923 0.07451923076923077
0 0.2932692307692308 0.4879807692307692 0.028846153846153848 0.0625
0 0.9423076923076923 0.4879807692307692 0.055288461538461536 0.0889423076923077
0 0.38341346153846156 0.4891826923076923 0.036057692307692304 0.06009615384615385
0 0.734375 0.4891826923076923 0.06009615384615385 0.0889423076923077
0 0.42427884615384615 0.4891826923076923 0.055288461538461536 0.07932692307692307
0 0.47475961538461536 0.49158653846153844 0.038461538461538464 0.06009615384615385
0 0.5180288461538461 0.49278846153846156 0.055288461538461536 0.08173076923076923
0 0.7728365384615384 0.49278846153846156 0.036057692307692304 0.06971153846153846
0 0.6730769230769231 0.49399038461538464 0.04567307692307692 0.0673076923076923
0 0.5637019230769231 0.4951923076923077 0.040865384615384616 0.06009615384615385
0 0.6105769230769231 0.49759615384615385 0.055288461538461536 0.08173076923076923
0 0.14903846153846154 0.5372596153846154 0.04567307692307692 0.07451923076923077
0 0.06850961538461539 0.5384615384615384 0.04567307692307692 0.07211538461538461
0 0.21754807692307693 0.5396634615384616 0.038461538461538464 0.057692307692307696
0 0.2764423076923077 0.5552884615384616 0.05048076923076923 0.07932692307692307
0 0.4266826923076923 0.5564903846153846 0.038461538461538464 0.055288461538461536
0 0.3713942307692308 0.5564903846153846 0.052884615384615384 0.07451923076923077
0 0.33774038461538464 0.5576923076923077 0.036057692307692304 0.057692307692307696
0 0.4699519230769231 0.5600961538461539 0.052884615384615384 0.08413461538461539
0 0.5180288461538461 0.5625 0.038461538461538464 0.06009615384615385
0 0.8245192307692307 0.5649038461538461 0.03365384615384615 0.06490384615384616
0 0.8930288461538461 0.5649038461538461 0.06009615384615385 0.0889423076923077
0 0.984375 0.5649038461538461 0.028846153846153848 0.0889423076923077
0 0.609375 0.5661057692307693 0.038461538461538464 0.055288461538461536
0 0.5637019230769231 0.5661057692307693 0.057692307692307696 0.08173076923076923
0 0.7872596153846154 0.5661057692307693 0.057692307692307696 0.08653846153846154
0 0.7247596153846154 0.5685096153846154 0.038461538461538464 0.06490384615384616
0 0.6850961538461539 0.5733173076923077 0.06009615384615385 0.0889423076923077
0 0.028846153846153848 0.6045673076923077 0.04326923076923077 0.07211538461538461
0 0.11057692307692307 0.6057692307692307 0.04326923076923077 0.07451923076923077
0 0.19471153846153846 0.6057692307692307 0.04567307692307692 0.07451923076923077
0 0.421875 0.6262019230769231 0.052884615384615384 0.07692307692307693
0 0.4723557692307692 0.6274038461538461 0.038461538461538464 0.057692307692307696
0 0.375 0.6298076923076923 0.04326923076923077 0.0625
0 0.3173076923076923 0.6298076923076923 0.052884615384615384 0.07692307692307693
0 0.5637019230769231 0.6322115384615384 0.040865384615384616 0.055288461538461536
0 0.5168269230769231 0.6346153846153846 0.055288461538461536 0.08173076923076923
0 0.8786057692307693 0.6382211538461539 0.03125 0.06971153846153846
0 0.6117788461538461 0.6394230769230769 0.052884615384615384 0.07692307692307693
0 0.7788461538461539 0.6418269230769231 0.036057692307692304 0.06971153846153846
0 0.6766826923076923 0.6454326923076923 0.04807692307692308 0.06490384615384616
0 0.9519230769230769 0.6454326923076923 0.06009615384615385 0.08653846153846154
0 0.84375 0.6466346153846154 0.057692307692307696 0.08653846153846154
0 0.7403846153846154 0.6502403846153846 0.06009615384615385 0.0889423076923077
0 0.24759615384615385 0.06490384615384616 0.04807692307692308 0.07451923076923077
0 0.21754807692307693 0.6646634615384616 0.038461538461538464 0.057692307692307696
0 0.07451923076923077 0.6694711538461539 0.04567307692307692 0.07211538461538461
0 0.15384615384615385 0.671875 0.04326923076923077 0.07211538461538461
0 0.33533653846153844 0.6887019230769231 0.036057692307692304 0.06009615384615385
0 0.27403846153846156 0.6971153846153846 0.05048076923076923 0.07692307692307693
0 0.4206730769230769 0.6971153846153846 0.04326923076923077 0.06490384615384616
0 0.5192307692307693 0.6983173076923077 0.040865384615384616 0.055288461538461536
0 0.609375 0.7007211538461539 0.040865384615384616 0.055288461538461536
0 0.47115384615384615 0.703125 0.052884615384615384 0.07932692307692307
0 0.5661057692307693 0.7067307692307693 0.052884615384615384 0.07932692307692307
0 0.3641826923076923 0.7091346153846154 0.052884615384615384 0.07932692307692307
0 0.1658653846153846 0.07091346153846154 0.04567307692307692 0.06971153846153846
0 0.84375 0.7271634615384616 0.038461538461538464 0.07211538461538461
0 0.7367788461538461 0.7283653846153846 0.04326923076923077 0.06971153846153846
0 0.07932692307692307 0.07451923076923077 0.04567307692307692 0.06971153846153846
0 0.18509615384615385 0.7307692307692307 0.028846153846153848 0.055288461538461536
0 0.6887019230769231 0.7355769230769231 0.06009615384615385 0.0889423076923077
0 0.9182692307692307 0.7379807692307693 0.0625 0.09134615384615384
0 0.8076923076923077 0.7403846153846154 0.0625 0.09134615384615384
0 0.11899038461538461 0.7463942307692307 0.04567307692307692 0.06971153846153846
0 0.03125 0.7463942307692307 0.04567307692307692 0.06971153846153846
0 0.20552884615384615 0.7487980769230769 0.04567307692307692 0.06971153846153846
0 0.29086538461538464 0.7536057692307693 0.036057692307692304 0.0625
0 0.4735576923076923 0.7620192307692307 0.040865384615384616 0.052884615384615384
0 0.5625 0.765625 0.038461538461538464 0.055288461538461536
0 0.3762019230769231 0.7716346153846154 0.040865384615384616 0.06490384615384616
0 0.31850961538461536 0.7740384615384616 0.05048076923076923 0.07932692307692307
0 0.5144230769230769 0.7752403846153846 0.052884615384615384 0.07451923076923077
0 0.4206730769230769 0.7776442307692307 0.05048076923076923 0.07932692307692307
0 0.6105769230769231 0.7776442307692307 0.05048076923076923 0.07451923076923077
0 0.2283653846153846 0.7956730769230769 0.038461538461538464 0.055288461538461536
0 0.9699519230769231 0.8028846153846154 0.055288461538461536 0.08173076923076923
0 0.8713942307692307 0.8064903846153846 0.055288461538461536 0.08173076923076923
0 0.7692307692307693 0.8076923076923077 0.052884615384615384 0.08173076923076923
0 0.6694711538461539 0.8088942307692307 0.052884615384615384 0.07451923076923077
0 0.07451923076923077 0.8100961538461539 0.04567307692307692 0.07211538461538461
0 0.16105769230769232 0.8112980769230769 0.04567307692307692 0.06971153846153846
0 0.26322115384615385 0.8509615384615384 0.038461538461538464 0.06490384615384616
0 0.359375 0.8557692307692307 0.040865384615384616 0.0673076923076923
0 0.4567307692307692 0.8581730769230769 0.04326923076923077 0.06490384615384616
0 0.7548076923076923 0.859375 0.038461538461538464 0.057692307692307696
0 0.328125 0.08653846153846154 0.052884615384615384 0.08173076923076923
0 0.6610576923076923 0.8629807692307693 0.04326923076923077 0.055288461538461536
0 0.5552884615384616 0.8665865384615384 0.04326923076923077 0.0673076923076923
0 0.036057692307692304 0.8737980769230769 0.04567307692307692 0.06971153846153846
0 0.9206730769230769 0.8762019230769231 0.055288461538461536 0.08173076923076923
0 0.11899038461538461 0.8762019230769231 0.04567307692307692 0.07211538461538461
0 0.8185096153846154 0.8774038461538461 0.055288461538461536 0.07932692307692307
0 0.20432692307692307 0.8786057692307693 0.04807692307692308 0.06971153846153846
0 0.2920673076923077 0.8798076923076923 0.052884615384615384 0.08173076923076923
0 0.7199519230769231 0.8822115384615384 0.055288461538461536 0.07932692307692307
0 0.39663461538461536 0.8846153846153846 0.055288461538461536 0.08413461538461539
0 0.5036057692307693 0.890625 0.06009615384615385 0.08413461538461539
0 0.5204326923076923 0.09134615384615384 0.052884615384615384 0.07932692307692307
0 0.4254807692307692 0.09134615384615384 0.052884615384615384 0.07932692307692307
0 0.609375 0.8990384615384616 0.057692307692307696 0.08413461538461539
0 0.8377403846153846 0.09254807692307693 0.057692307692307696 0.08413461538461539
0 0.3112980769230769 0.9254807692307693 0.040865384615384616 0.06009615384615385
0 0.4074519230769231 0.9350961538461539 0.04567307692307692 0.055288461538461536
0 0.07932692307692307 0.9375 0.04567307692307692 0.06971153846153846
0 0.16346153846153846 0.9423076923076923 0.04807692307692308 0.07211538461538461
0 0.5024038461538461 0.9447115384615384 0.04567307692307692 0.04567307692307692
0 0.5997596153846154 0.9471153846153846 0.04567307692307692 0.052884615384615384
0 0.9675480769230769 0.9471153846153846 0.055288461538461536 0.07932692307692307
0 0.8701923076923077 0.9519230769230769 0.055288461538461536 0.08173076923076923
0 0.24278846153846154 0.953125 0.055288461538461536 0.08173076923076923
0 0.9387019230769231 0.09615384615384616 0.057692307692307696 0.08173076923076923
0 0.7716346153846154 0.9543269230769231 0.055288461538461536 0.08173076923076923
0 0.6706730769230769 0.9555288461538461 0.052884615384615384 0.08173076923076923
0 0.34615384615384615 0.9567307692307693 0.057692307692307696 0.08413461538461539
0 0.44711538461538464 0.9591346153846154 0.055288461538461536 0.07932692307692307
0 0.5504807692307693 0.9639423076923077 0.057692307692307696 0.0673076923076923
0 0.7307692307692307 0.09735576923076923 0.057692307692307696 0.08173076923076923
0 0.6189903846153846 0.0985576923076923 0.055288461538461536 0.08173076923076923
0 0.038461538461538464 0.9807692307692307 0.04567307692307692 0.03365384615384615
0 0.1201923076923077 0.9831730769230769 0.04807692307692308 0.028846153846153848
0 0.4795673076923077 0.11778846153846154 0.04326923076923077 0.06009615384615385
0 0.390625 0.12139423076923077 0.040865384615384616 0.057692307692307696
0 0.5697115384615384 0.12259615384615384 0.04326923076923077 0.0625
0 0.30408653846153844 0.125 0.04326923076923077 0.06009615384615385
0 0.6742788461538461 0.12740384615384615 0.04567307692307692 0.055288461538461536
0 0.7668269230769231 0.12860576923076922 0.04326923076923077 0.0625
0 0.203125 0.12980769230769232 0.04807692307692308 0.07211538461538461
0 0.11538461538461539 0.1310096153846154 0.04567307692307692 0.07211538461538461
0 0.03125 0.13341346153846154 0.04567307692307692 0.07211538461538461
0 0.2620192307692308 0.14543269230769232 0.040865384615384616 0.040865384615384616
0 0.7331730769230769 0.016826923076923076 0.04807692307692308 0.03365384615384615
0 0.9807692307692307 0.1658653846153846 0.03365384615384615 0.08653846153846154
0 0.8365384615384616 0.019230769230769232 0.04807692307692308 0.038461538461538464
0 0.8894230769230769 0.16947115384615385 0.057692307692307696 0.08173076923076923
0 0.7860576923076923 0.16947115384615385 0.057692307692307696 0.08413461538461539
0 0.6850961538461539 0.17668269230769232 0.057692307692307696 0.08173076923076923
0 0.38100961538461536 0.1814903846153846 0.052884615384615384 0.07932692307692307
0 0.47716346153846156 0.18509615384615385 0.052884615384615384 0.07932692307692307
0 0.28846153846153844 0.18509615384615385 0.052884615384615384 0.07932692307692307