0 0.039663461538461536 0.27403846153846156 0.07932692307692307 0.125
0 0.21634615384615385 0.27524038461538464 0.08413461538461539 0.12259615384615384
0 0.12860576923076922 0.2764423076923077 0.08653846153846154 0.12740384615384615
0 0.3016826923076923 0.2776442307692308 0.08413461538461539 0.12259615384615384
0 0.3858173076923077 0.27884615384615385 0.08173076923076923 0.12259615384615384
0 0.4675480769230769 0.27884615384615385 0.08173076923076923 0.12259615384615384
0 0.9543269230769231 0.2800480769230769 0.07451923076923077 0.11778846153846154
0 0.5492788461538461 0.28125 0.07932692307692307 0.1201923076923077
0 0.8774038461538461 0.28125 0.08173076923076923 0.1201923076923077
0 0.6298076923076923 0.28125 0.07932692307692307 0.1201923076923077
0 0.7139423076923077 0.28125 0.08173076923076923 0.1201923076923077
0 0.7956730769230769 0.2824519230769231 0.07692307692307693 0.11778846153846154
0 0.17427884615384615 0.38221153846153844 0.08653846153846154 0.125
0 0.3449519230769231 0.38341346153846156 0.08413461538461539 0.12259615384615384
0 0.0829326923076923 0.38341346153846156 0.0889423076923077 0.125
0 0.25961538461538464 0.38341346153846156 0.08413461538461539 0.12259615384615384
0 0.6778846153846154 0.38341346153846156 0.08173076923076923 0.1201923076923077
0 0.5961538461538461 0.38341346153846156 0.08173076923076923 0.12259615384615384
0 0.42908653846153844 0.38461538461538464 0.08173076923076923 0.1201923076923077
0 0.8377403846153846 0.38461538461538464 0.07932692307692307 0.11778846153846154
0 0.9206730769230769 0.38461538461538464 0.07932692307692307 0.11778846153846154
0 0.5096153846153846 0.3858173076923077 0.07932692307692307 0.1201923076923077
0 0.7584134615384616 0.3858173076923077 0.07692307692307693 0.1201923076923077
0 0.12980769230769232 0.4891826923076923 0.08653846153846154 0.12259615384615384
0 0.8834134615384616 0.4891826923076923 0.07932692307692307 0.12259615384615384
0 0.30408653846153844 0.4891826923076923 0.08413461538461539 0.12259615384615384
0 0.9603365384615384 0.4891826923076923 0.07451923076923077 0.1201923076923077
0 0.21875 0.4891826923076923 0.08653846153846154 0.12259615384615384
0 0.6358173076923077 0.4891826923076923 0.08173076923076923 0.12259615384615384
0 0.8016826923076923 0.4891826923076923 0.07932692307692307 0.12259615384615384
0 0.47115384615384615 0.4891826923076923 0.08173076923076923 0.12259615384615384
0 0.5528846153846154 0.49038461538461536 0.08173076923076923 0.1201923076923077
0 0.7163461538461539 0.49038461538461536 0.07932692307692307 0.1201923076923077
0 0.3894230769230769 0.49038461538461536 0.08173076923076923 0.1201923076923077
0 0.04326923076923077 0.49158653846153844 0.08653846153846154 0.12740384615384615
0 0.6790865384615384 0.59375 0.08173076923076923 0.12259615384615384
0 0.9819711538461539 0.59375 0.03365384615384615 0.12259615384615384
0 0.7584134615384616 0.59375 0.08173076923076923 0.1201923076923077
0 0.5132211538461539 0.5949519230769231 0.08173076923076923 0.12259615384615384
0 0.9278846153846154 0.5949519230769231 0.08173076923076923 0.12259615384615384
0 0.8425480769230769 0.5949519230769231 0.08173076923076923 0.12259615384615384
0 0.2620192307692308 0.5949519230769231 0.08653846153846154 0.12259615384615384
0 0.5949519230769231 0.5949519230769231 0.08173076923076923 0.12259615384615384
0 0.43028846153846156 0.5949519230769231 0.08173076923076923 0.12259615384615384
0 0.3485576923076923 0.5961538461538461 0.08413461538461539 0.125
0 0.17548076923076922 0.5961538461538461 0.08413461538461539 0.12740384615384615
0 0.0889423076923077 0.5985576923076923 0.08653846153846154 0.125
0 0.3016826923076923 0.06129807692307692 0.08413461538461539 0.1201923076923077
0 0.021634615384615384 0.6009615384615384 0.04326923076923077 0.12740384615384615
0 0.38341346153846156 0.0625 0.07932692307692307 0.125
0 0.8052884615384616 0.0625 0.08173076923076923 0.12259615384615384
0 0.8930288461538461 0.0625 0.08173076923076923 0.12259615384615384
0 0.7223557692307693 0.06370192307692307 0.08173076923076923 0.12259615384615384
0 0.21153846153846154 0.06490384615384616 0.08413461538461539 0.1201923076923077
0 0.9639423076923077 0.06850961538461539 0.06971153846153846 0.12740384615384615
0 0.5504807692307693 0.06971153846153846 0.08173076923076923 0.12259615384615384
0 0.038461538461538464 0.06971153846153846 0.07692307692307693 0.12259615384615384
0 0.6322115384615384 0.06971153846153846 0.07932692307692307 0.12259615384615384
0 0.46634615384615385 0.07091346153846154 0.07932692307692307 0.12259615384615384
0 0.7175480769230769 0.6983173076923077 0.08173076923076923 0.12259615384615384
0 0.8040865384615384 0.6995192307692307 0.08173076923076923 0.12259615384615384
0 0.8870192307692307 0.6995192307692307 0.08173076923076923 0.1201923076923077
0 0.9639423076923077 0.6995192307692307 0.06971153846153846 0.125
0 0.6358173076923077 0.7007211538461539 0.08173076923076923 0.12259615384615384
0 0.5540865384615384 0.7019230769230769 0.08173076923076923 0.1201923076923077
0 0.4723557692307692 0.7019230769230769 0.08173076923076923 0.12259615384615384
0 0.22115384615384615 0.7019230769230769 0.08413461538461539 0.12259615384615384
0 0.3894230769230769 0.703125 0.08413461538461539 0.125
0 0.30408653846153844 0.703125 0.08413461538461539 0.125
0 0.13221153846153846 0.7055288461538461 0.08653846153846154 0.125
0 0.04447115384615385 0.7079326923076923 0.0889423076923077 0.12740384615384615
0 0.12139423076923077 0.07572115384615384 0.08173076923076923 0.1201923076923077
0 0.7596153846153846 0.8064903846153846 0.08173076923076923 0.12259615384615384
0 0.8449519230769231 0.8064903846153846 0.08173076923076923 0.1201923076923077
0 0.6766826923076923 0.8064903846153846 0.07932692307692307 0.125
0 0.9278846153846154 0.8064903846153846 0.07932692307692307 0.1201923076923077
0 0.5949519230769231 0.8076923076923077 0.08173076923076923 0.12259615384615384
0 0.5120192307692307 0.8088942307692307 0.07932692307692307 0.12259615384615384
0 0.43028846153846156 0.8100961538461539 0.08173076923076923 0.12259615384615384
0 0.3473557692307692 0.8112980769230769 0.08173076923076923 0.12259615384615384
0 0.17668269230769232 0.8125 0.08653846153846154 0.125
0 0.2620192307692308 0.8137019230769231 0.08173076923076923 0.12259615384615384
0 0.08774038461538461 0.8173076923076923 0.08653846153846154 0.12740384615384615
0 0.02283653846153846 0.8197115384615384 0.04567307692307692 0.12980769230769232
0 0.9627403846153846 0.9122596153846154 0.07451923076923077 0.11778846153846154
0 0.8040865384615384 0.9122596153846154 0.07932692307692307 0.125
0 0.6358173076923077 0.9134615384615384 0.08173076923076923 0.12259615384615384
0 0.8882211538461539 0.9134615384615384 0.08173076923076923 0.12259615384615384
0 0.7211538461538461 0.9146634615384616 0.08173076923076923 0.12259615384615384
0 0.5552884615384616 0.9170673076923077 0.08173076923076923 0.12740384615384615
0 0.4723557692307692 0.9182692307692307 0.08173076923076923 0.125
0 0.38822115384615385 0.9194711538461539 0.08413461538461539 0.125
0 0.30288461538461536 0.9206730769230769 0.08413461538461539 0.12740384615384615
0 0.21995192307692307 0.9230769230769231 0.08653846153846154 0.12740384615384615
0 0.13341346153846154 0.9242788461538461 0.08653846153846154 0.12740384615384615
0 0.04447115384615385 0.9290865384615384 0.0889423076923077 0.13221153846153846
0 0.9242788461538461 0.9783653846153846 0.08173076923076923 0.04326923076923077
0 0.6754807692307693 0.9771634615384616 0.08173076923076923 0.040865384615384616
0 0.7632211538461539 0.9783653846153846 0.08413461538461539 0.038461538461538464
0 0.08052884615384616 0.16466346153846154 0.0889423076923077 0.12980769230769232
0 0.25841346153846156 0.16706730769230768 0.08413461538461539 0.125
0 0.16947115384615385 0.16947115384615385 0.08413461538461539 0.125
0 0.9254807692307693 0.17067307692307693 0.07932692307692307 0.1201923076923077
0 0.7620192307692307 0.17067307692307693 0.08173076923076923 0.125
0 0.8449519230769231 0.17067307692307693 0.08173076923076923 0.12259615384615384
0 0.6802884615384616 0.171875 0.08173076923076923 0.125
0 0.34375 0.171875 0.08413461538461539 0.125
0 0.4266826923076923 0.17427884615384615 0.08173076923076923 0.12259615384615384
0 0.5084134615384616 0.17548076923076922 0.08413461538461539 0.12259615384615384
0 0.5901442307692307 0.1778846153846154 0.07932692307692307 0.11778846153846154