0 0.92265625 0.175390625 0.1546875 0.15703125
0 0.75234375 0.17578125 0.1734375 0.1734375
0 0.57578125 0.1828125 0.1703125 0.171875
0 0.40234375 0.1859375 0.1703125 0.178125
0 0.23046875 0.183203125 0.1671875 0.17265625
0 0.0703125 0.187890625 0.140625 0.15703125
0 0.1609375 0.336328125 0.165625 0.16640625
0 0.3296875 0.337890625 0.153125 0.16328125
0 0.4921875 0.334375 0.165625 0.171875
0 0.66328125 0.326953125 0.1703125 0.17265625
0 0.83984375 0.3203125 0.1734375 0.175
0 0.08359375 0.479296875 0.1671875 0.16171875
0 0.25 0.479296875 0.15625 0.15859375
0 0.41484375 0.478515625 0.1640625 0.16015625
0 0.5828125 0.476171875 0.1625 0.16171875
0 0.75546875 0.473828125 0.1734375 0.17265625
0 0.92265625 0.471484375 0.1546875 0.17421875
0 0.84453125 0.623046875 0.1640625 0.16796875
0 0.67265625 0.62421875 0.1703125 0.1734375
0 0.5015625 0.623046875 0.1625 0.17734375
0 0.33515625 0.627734375 0.1640625 0.18046875
0 0.165625 0.626953125 0.165625 0.17890625
0 0.0921875 0.779296875 0.16875 0.17109375
0 0.2578125 0.780859375 0.15 0.16796875
0 0.4203125 0.77890625 0.165625 0.1765625
0 0.58984375 0.773046875 0.1640625 0.17421875
0 0.7625 0.771484375 0.171875 0.17421875
0 0.9265625 0.769921875 0.146875 0.16796875
0 0.85546875 0.915625 0.1765625 0.16875
0 0.678125 0.91875 0.171875 0.1625
0 0.50859375 0.91875 0.1578125 0.159375
0 0.34609375 0.9203125 0.1578125 0.15625
0 0.184375 0.921875 0.15625 0.15625