0 0.15625 0.19471153846153846 0.1778846153846154 0.24759615384615385
0 0.8713942307692307 0.2127403846153846 0.16826923076923078 0.23557692307692307
0 0.5144230769230769 0.22355769230769232 0.17307692307692307 0.2403846153846154
0 0.3401442307692308 0.22596153846153846 0.17307692307692307 0.23798076923076922
0 0.6875 0.23076923076923078 0.16826923076923078 0.23317307692307693
0 0.0733173076923077 0.421875 0.1466346153846154 0.2548076923076923
0 0.7860576923076923 0.42908653846153844 0.17548076923076922 0.24759615384615385
0 0.2439903846153846 0.43028846153846156 0.18028846153846154 0.24759615384615385
0 0.9362980769230769 0.4362980769230769 0.12259615384615384 0.24759615384615385
0 0.42908653846153844 0.43990384615384615 0.17307692307692307 0.25
0 0.6033653846153846 0.4495192307692308 0.17067307692307693 0.24278846153846154
0 0.07932692307692307 0.056490384615384616 0.15865384615384615 0.11298076923076923
0 0.25600961538461536 0.0625 0.17307692307692307 0.125
0 0.42788461538461536 0.06610576923076923 0.16826923076923078 0.13221153846153846
0 0.14302884615384615 0.6550480769230769 0.1875 0.2692307692307692
0 0.7043269230769231 0.6550480769230769 0.18028846153846154 0.2620192307692308
0 0.8846153846153846 0.65625 0.18028846153846154 0.25721153846153844
0 0.33413461538461536 0.6586538461538461 0.1778846153846154 0.2620192307692308
0 0.5180288461538461 0.6622596153846154 0.18269230769230768 0.2620192307692308
0 0.765625 0.06971153846153846 0.16346153846153846 0.13942307692307693
0 0.5949519230769231 0.0733173076923077 0.1658653846153846 0.1466346153846154
0 0.06490384615384616 0.8725961538461539 0.12980769230769232 0.25240384615384615
0 0.8052884615384616 0.8737980769230769 0.18509615384615385 0.25
0 0.9483173076923077 0.8737980769230769 0.10096153846153846 0.25
0 0.6189903846153846 0.8737980769230769 0.18269230769230768 0.25
0 0.23557692307692307 0.8737980769230769 0.18509615384615385 0.24759615384615385
0 0.42788461538461536 0.8774038461538461 0.1875 0.2403846153846154
0 0.9230769230769231 0.0733173076923077 0.15384615384615385 0.1466346153846154
0 0.03245192307692308 0.20793269230769232 0.06490384615384616 0.23076923076923078