0 0.9807692307692307 0.41466346153846156 0.016826923076923076 0.055288461538461536
0 0.9651442307692307 0.41586538461538464 0.016826923076923076 0.055288461538461536
0 0.9483173076923077 0.41586538461538464 0.019230769230769232 0.057692307692307696
0 0.9314903846153846 0.41586538461538464 0.019230769230769232 0.057692307692307696
0 0.9134615384615384 0.4170673076923077 0.021634615384615384 0.06009615384615385
0 0.7415865384615384 0.4170673076923077 0.026442307692307692 0.0673076923076923
0 0.8930288461538461 0.4170673076923077 0.021634615384615384 0.06009615384615385
0 0.8737980769230769 0.4170673076923077 0.021634615384615384 0.0625
0 0.765625 0.4170673076923077 0.021634615384615384 0.0673076923076923
0 0.8100961538461539 0.4170673076923077 0.02403846153846154 0.06490384615384616
0 0.6899038461538461 0.4182692307692308 0.026442307692307692 0.06490384615384616
0 0.8329326923076923 0.4182692307692308 0.021634615384615384 0.06009615384615385
0 0.7151442307692307 0.4182692307692308 0.026442307692307692 0.0673076923076923
0 0.6622596153846154 0.4182692307692308 0.028846153846153848 0.0673076923076923
0 0.6358173076923077 0.4182692307692308 0.026442307692307692 0.0673076923076923
0 0.8533653846153846 0.41947115384615385 0.021634615384615384 0.0625
0 0.7884615384615384 0.41947115384615385 0.02403846153846154 0.06490384615384616
0 0.41225961538461536 0.41947115384615385 0.036057692307692304 0.07932692307692307
0 0.6081730769230769 0.41947115384615385 0.028846153846153848 0.06971153846153846
0 0.2932692307692308 0.41947115384615385 0.040865384615384616 0.08653846153846154
0 0.4831730769230769 0.41947115384615385 0.03365384615384615 0.07451923076923077
0 0.24759615384615385 0.41947115384615385 0.04326923076923077 0.0889423076923077
0 0.45072115384615385 0.41947115384615385 0.036057692307692304 0.07692307692307693
0 0.20192307692307693 0.4206730769230769 0.04807692307692308 0.09134615384615384
0 0.5480769230769231 0.4206730769230769 0.03125 0.07451923076923077
0 0.3737980769230769 0.4206730769230769 0.038461538461538464 0.07692307692307693
0 0.15144230769230768 0.4206730769230769 0.05048076923076923 0.0889423076923077
0 0.5805288461538461 0.4206730769230769 0.03125 0.07451923076923077
0 0.33533653846153844 0.421875 0.040865384615384616 0.08173076923076923
0 0.5168269230769231 0.421875 0.03365384615384615 0.07451923076923077
0 0.08413461538461539 0.04567307692307692 0.052884615384615384 0.09134615384615384
0 0.9915865384615384 0.5144230769230769 0.014423076923076924 0.06009615384615385
0 0.9759615384615384 0.515625 0.016826923076923076 0.052884615384615384
0 0.9603365384615384 0.5168269230769231 0.016826923076923076 0.06009615384615385
0 0.9447115384615384 0.5180288461538461 0.016826923076923076 0.06009615384615385
0 0.9278846153846154 0.5192307692307693 0.016826923076923076 0.055288461538461536
0 0.13942307692307693 0.054086538461538464 0.05048076923076923 0.09615384615384616
0 0.9110576923076923 0.5216346153846154 0.021634615384615384 0.055288461538461536
0 0.8882211538461539 0.5264423076923077 0.019230769230769232 0.057692307692307696
0 0.8677884615384616 0.5264423076923077 0.019230769230769232 0.057692307692307696
0 0.8485576923076923 0.5300480769230769 0.021634615384615384 0.057692307692307696
0 0.8257211538461539 0.5324519230769231 0.021634615384615384 0.06009615384615385
0 0.8040865384615384 0.5348557692307693 0.021634615384615384 0.06009615384615385
0 0.78125 0.5360576923076923 0.026442307692307692 0.06009615384615385
0 0.7560096153846154 0.5384615384615384 0.02403846153846154 0.06009615384615385
0 0.7331730769230769 0.5396634615384616 0.026442307692307692 0.06009615384615385
0 0.7079326923076923 0.5420673076923077 0.02403846153846154 0.06490384615384616
0 0.6826923076923077 0.5444711538461539 0.026442307692307692 0.06490384615384616
0 0.65625 0.546875 0.026442307692307692 0.0673076923076923
0 0.6298076923076923 0.5504807692307693 0.028846153846153848 0.06490384615384616
0 0.5997596153846154 0.5516826923076923 0.028846153846153848 0.0673076923076923
0 0.5709134615384616 0.5528846153846154 0.028846153846153848 0.06971153846153846
0 0.5396634615384616 0.5576923076923077 0.028846153846153848 0.06971153846153846
0 0.5096153846153846 0.5588942307692307 0.03125 0.07211538461538461
0 0.19591346153846154 0.05889423076923077 0.05048076923076923 0.09375
0 0.47596153846153844 0.5625 0.036057692307692304 0.07451923076923077
0 0.43990384615384615 0.5637019230769231 0.036057692307692304 0.07451923076923077
0 0.40384615384615385 0.5685096153846154 0.036057692307692304 0.07692307692307693
0 0.36778846153846156 0.5709134615384616 0.038461538461538464 0.08173076923076923
0 0.3269230769230769 0.5745192307692307 0.040865384615384616 0.08413461538461539
0 0.2860576923076923 0.578125 0.04326923076923077 0.08653846153846154
0 0.2439903846153846 0.5817307692307693 0.04326923076923077 0.08173076923076923
0 0.1971153846153846 0.5853365384615384 0.04807692307692308 0.08653846153846154
0 0.14783653846153846 0.5889423076923077 0.05048076923076923 0.08653846153846154
0 0.9699519230769231 0.6141826923076923 0.019230769230769232 0.052884615384615384
0 0.9338942307692307 0.6189903846153846 0.019230769230769232 0.05048076923076923
0 0.9158653846153846 0.6225961538461539 0.016826923076923076 0.052884615384615384
0 0.9002403846153846 0.6274038461538461 0.016826923076923076 0.055288461538461536
0 0.8822115384615384 0.6310096153846154 0.019230769230769232 0.055288461538461536
0 0.8629807692307693 0.6334134615384616 0.019230769230769232 0.06009615384615385
0 0.8425480769230769 0.6394230769230769 0.021634615384615384 0.055288461538461536
0 0.8209134615384616 0.6430288461538461 0.021634615384615384 0.057692307692307696
0 0.8004807692307693 0.6454326923076923 0.021634615384615384 0.057692307692307696
0 0.7788461538461539 0.6490384615384616 0.021634615384615384 0.057692307692307696
0 0.7560096153846154 0.6538461538461539 0.02403846153846154 0.0625
0 0.7307692307692307 0.6574519230769231 0.026442307692307692 0.06009615384615385
0 0.7043269230769231 0.6610576923076923 0.02403846153846154 0.0625
0 0.6790865384615384 0.6658653846153846 0.026442307692307692 0.06490384615384616
0 0.6526442307692307 0.671875 0.026442307692307692 0.0673076923076923
0 0.6262019230769231 0.6754807692307693 0.028846153846153848 0.0673076923076923
0 0.5985576923076923 0.6778846153846154 0.026442307692307692 0.06490384615384616
0 0.24639423076923078 0.06971153846153846 0.04567307692307692 0.09615384615384616
0 0.5697115384615384 0.6850961538461539 0.028846153846153848 0.06971153846153846
0 0.5396634615384616 0.6899038461538461 0.03125 0.07211538461538461
0 0.5072115384615384 0.6935096153846154 0.03125 0.06971153846153846
0 0.47475961538461536 0.6995192307692307 0.03125 0.07211538461538461
0 0.4411057692307692 0.7067307692307693 0.036057692307692304 0.07451923076923077
0 0.9855769230769231 0.7091346153846154 0.016826923076923076 0.052884615384615384
0 0.4050480769230769 0.7139423076923077 0.036057692307692304 0.07692307692307693
0 0.96875 0.7151442307692307 0.016826923076923076 0.052884615384615384
0 0.953125 0.7199519230769231 0.016826923076923076 0.055288461538461536
0 0.36778846153846156 0.7199519230769231 0.038461538461538464 0.07692307692307693
0 0.9350961538461539 0.7247596153846154 0.016826923076923076 0.052884615384615384
0 0.3269230769230769 0.7283653846153846 0.040865384615384616 0.07692307692307693
0 0.9170673076923077 0.7283653846153846 0.016826923076923076 0.055288461538461536
0 0.8990384615384616 0.7331730769230769 0.019230769230769232 0.055288461538461536
0 0.28725961538461536 0.734375 0.04326923076923077 0.07932692307692307
0 0.8798076923076923 0.7379807692307693 0.019230769230769232 0.055288461538461536
0 0.8605769230769231 0.7439903846153846 0.019230769230769232 0.057692307692307696
0 0.2439903846153846 0.7439903846153846 0.04326923076923077 0.08173076923076923
0 0.8401442307692307 0.75 0.021634615384615384 0.057692307692307696
0 0.1971153846153846 0.7512019230769231 0.04807692307692308 0.08413461538461539
0 0.8197115384615384 0.7548076923076923 0.021634615384615384 0.057692307692307696
0 0.7980769230769231 0.7596153846153846 0.021634615384615384 0.06009615384615385
0 0.14543269230769232 0.7596153846153846 0.04807692307692308 0.08173076923076923
0 0.7752403846153846 0.7644230769230769 0.02403846153846154 0.06009615384615385
0 0.7524038461538461 0.7692307692307693 0.02403846153846154 0.06009615384615385
0 0.7283653846153846 0.7752403846153846 0.026442307692307692 0.06009615384615385
0 0.7019230769230769 0.78125 0.02403846153846154 0.06490384615384616
0 0.6766826923076923 0.7872596153846154 0.026442307692307692 0.0625
0 0.6490384615384616 0.7932692307692307 0.028846153846153848 0.06490384615384616
0 0.29086538461538464 0.08173076923076923 0.04326923076923077 0.09134615384615384
0 0.6213942307692307 0.8016826923076923 0.028846153846153848 0.06490384615384616
0 0.5925480769230769 0.8064903846153846 0.028846153846153848 0.06490384615384616
0 0.5637019230769231 0.8149038461538461 0.03125 0.0673076923076923
0 0.5324519230769231 0.8221153846153846 0.03125 0.06971153846153846
0 0.5 0.8317307692307693 0.03365384615384615 0.06971153846153846
0 0.46875 0.8389423076923077 0.03365384615384615 0.07451923076923077
0 0.4338942307692308 0.8497596153846154 0.036057692307692304 0.07451923076923077
0 0.39783653846153844 0.859375 0.038461538461538464 0.07451923076923077
0 0.3605769230769231 0.8701923076923077 0.038461538461538464 0.07692307692307693
0 0.32091346153846156 0.8822115384615384 0.04326923076923077 0.07692307692307693
0 0.27884615384615385 0.8930288461538461 0.04326923076923077 0.07932692307692307
0 0.23557692307692307 0.90625 0.04567307692307692 0.08173076923076923
0 0.18990384615384615 0.9170673076923077 0.04567307692307692 0.08413461538461539
0 0.33413461538461536 0.09254807692307693 0.04326923076923077 0.0889423076923077
0 0.14182692307692307 0.9266826923076923 0.05048076923076923 0.08413461538461539
0 0.3786057692307692 0.0985576923076923 0.040865384615384616 0.08653846153846154
0 0.4170673076923077 0.10576923076923077 0.038461538461538464 0.08653846153846154
0 0.4543269230769231 0.11177884615384616 0.038461538461538464 0.08173076923076923
0 0.49038461538461536 0.11899038461538461 0.036057692307692304 0.08173076923076923
0 0.5252403846153846 0.12620192307692307 0.03125 0.08173076923076923
0 0.5564903846153846 0.13221153846153846 0.03365384615384615 0.07692307692307693
0 0.59375 0.13701923076923078 0.03365384615384615 0.07692307692307693
0 0.625 0.14182692307692307 0.03125 0.07451923076923077
0 0.6538461538461539 0.14543269230769232 0.028846153846153848 0.07211538461538461
0 0.6826923076923077 0.1502403846153846 0.028846153846153848 0.07451923076923077
0 0.7115384615384616 0.1502403846153846 0.026442307692307692 0.07451923076923077
0 0.7632211538461539 0.15865384615384615 0.02403846153846154 0.07211538461538461
0 0.7367788461538461 0.15865384615384615 0.026442307692307692 0.06971153846153846
0 0.7908653846153846 0.1658653846153846 0.026442307692307692 0.06971153846153846
0 0.8173076923076923 0.16826923076923078 0.02403846153846154 0.07211538461538461
0 0.8401442307692307 0.17307692307692307 0.02403846153846154 0.0673076923076923
0 0.8641826923076923 0.17668269230769232 0.02403846153846154 0.0673076923076923
0 0.8858173076923077 0.18389423076923078 0.021634615384615384 0.0625
0 0.90625 0.18629807692307693 0.019230769230769232 0.0625
0 0.9254807692307693 0.18870192307692307 0.021634615384615384 0.0625
0 0.9471153846153846 0.19110576923076922 0.021634615384615384 0.06490384615384616
0 0.9663461538461539 0.19591346153846154 0.021634615384615384 0.0625
0 0.9867788461538461 0.1971153846153846 0.019230769230769232 0.06009615384615385
0 0.14783653846153846 0.23918269230769232 0.05048076923076923 0.09375
0 0.19831730769230768 0.24519230769230768 0.05048076923076923 0.09375
0 0.24879807692307693 0.24879807692307693 0.04567307692307692 0.0889423076923077
0 0.2932692307692308 0.25240384615384615 0.04326923076923077 0.08653846153846154
0 0.38461538461538464 0.2620192307692308 0.040865384615384616 0.08173076923076923
0 0.4230769230769231 0.26802884615384615 0.036057692307692304 0.07932692307692307
0 0.46033653846153844 0.2704326923076923 0.036057692307692304 0.07692307692307693
0 0.49399038461538464 0.27403846153846156 0.03365384615384615 0.07451923076923077
0 0.5288461538461539 0.2776442307692308 0.03365384615384615 0.07451923076923077
0 0.5612980769230769 0.28125 0.028846153846153848 0.07451923076923077
0 0.5901442307692307 0.28125 0.028846153846153848 0.07211538461538461
0 0.6225961538461539 0.28365384615384615 0.03125 0.07211538461538461
0 0.6514423076923077 0.28725961538461536 0.028846153846153848 0.0673076923076923
0 0.703125 0.28966346153846156 0.02403846153846154 0.06971153846153846
0 0.6790865384615384 0.28966346153846156 0.026442307692307692 0.06971153846153846
0 0.7271634615384616 0.2920673076923077 0.02403846153846154 0.06490384615384616
0 0.75 0.2932692307692308 0.02403846153846154 0.0625
0 0.7788461538461539 0.29447115384615385 0.026442307692307692 0.06490384615384616
0 0.796875 0.2956730769230769 0.019230769230769232 0.06009615384615385
0 0.8197115384615384 0.29927884615384615 0.02403846153846154 0.06009615384615385
0 0.84375 0.3016826923076923 0.021634615384615384 0.057692307692307696
0 0.8653846153846154 0.30288461538461536 0.021634615384615384 0.057692307692307696
0 0.8882211538461539 0.30408653846153844 0.021634615384615384 0.06009615384615385
0 0.9110576923076923 0.30649038461538464 0.021634615384615384 0.055288461538461536
0 0.9314903846153846 0.3088942307692308 0.021634615384615384 0.055288461538461536
0 0.9483173076923077 0.3088942307692308 0.019230769230769232 0.055288461538461536
0 0.9675480769230769 0.31009615384615385 0.019230769230769232 0.057692307692307696
0 0.9831730769230769 0.3112980769230769 0.014423076923076924 0.055288461538461536