0 0.9074519230769231 0.22115384615384615 0.11298076923076923 0.11538461538461539
0 0.9471153846153846 0.3173076923076923 0.10576923076923077 0.11057692307692307
0 0.7115384615384616 0.32091346153846156 0.11538461538461539 0.11538461538461539
0 0.8317307692307693 0.32211538461538464 0.11298076923076923 0.11298076923076923
0 0.4675480769230769 0.32211538461538464 0.12259615384615384 0.11778846153846154
0 0.33774038461538464 0.3233173076923077 0.1201923076923077 0.1201923076923077
0 0.5925480769230769 0.328125 0.11538461538461539 0.11538461538461539
0 0.9735576923076923 0.4098557692307692 0.052884615384615384 0.11538461538461539
0 0.8954326923076923 0.4170673076923077 0.11538461538461539 0.11298076923076923
0 0.7680288461538461 0.421875 0.1201923076923077 0.11538461538461539
0 0.5228365384615384 0.4230769230769231 0.12259615384615384 0.11538461538461539
0 0.39903846153846156 0.42427884615384615 0.1201923076923077 0.1201923076923077
0 0.6490384615384616 0.4254807692307692 0.11538461538461539 0.11538461538461539
0 0.27884615384615385 0.42788461538461536 0.1201923076923077 0.11778846153846154
0 0.9399038461538461 0.5048076923076923 0.10817307692307693 0.11057692307692307
0 0.8257211538461539 0.5144230769230769 0.11057692307692307 0.11057692307692307
0 0.7103365384615384 0.5204326923076923 0.11538461538461539 0.11298076923076923
0 0.5829326923076923 0.5204326923076923 0.1201923076923077 0.11298076923076923
0 0.46033653846153844 0.5252403846153846 0.1201923076923077 0.11538461538461539
0 0.3389423076923077 0.5288461538461539 0.12259615384615384 0.11778846153846154
0 0.21153846153846154 0.53125 0.1201923076923077 0.11778846153846154
0 0.96875 0.5973557692307693 0.0625 0.10817307692307693
0 0.8798076923076923 0.6009615384615384 0.10576923076923077 0.10576923076923077
0 0.7704326923076923 0.6177884615384616 0.11538461538461539 0.11057692307692307
0 0.6430288461538461 0.6177884615384616 0.11778846153846154 0.11057692307692307
0 0.5204326923076923 0.6237980769230769 0.1201923076923077 0.11538461538461539
0 0.39903846153846156 0.6286057692307693 0.1201923076923077 0.11538461538461539
0 0.2764423076923077 0.6322115384615384 0.1201923076923077 0.11538461538461539
0 0.1502403846153846 0.6370192307692307 0.12980769230769232 0.11538461538461539
0 0.9459134615384616 0.7043269230769231 0.10576923076923077 0.10576923076923077
0 0.703125 0.7103365384615384 0.11538461538461539 0.11057692307692307
0 0.8341346153846154 0.7115384615384616 0.11298076923076923 0.11057692307692307
0 0.5877403846153846 0.7199519230769231 0.11778846153846154 0.11057692307692307
0 0.46033653846153844 0.7235576923076923 0.11778846153846154 0.11298076923076923
0 0.3401442307692308 0.7367788461538461 0.1201923076923077 0.11538461538461539
0 0.21634615384615385 0.7379807692307693 0.12259615384615384 0.11778846153846154
0 0.0889423076923077 0.7403846153846154 0.12259615384615384 0.11778846153846154
0 0.9711538461538461 0.7920673076923077 0.057692307692307696 0.10817307692307693
0 0.8858173076923077 0.796875 0.11057692307692307 0.10576923076923077
0 0.7680288461538461 0.8040865384615384 0.11057692307692307 0.11057692307692307
0 0.6442307692307693 0.8088942307692307 0.10817307692307693 0.10576923076923077
0 0.5276442307692307 0.8197115384615384 0.11778846153846154 0.11057692307692307
0 0.4026442307692308 0.8269230769230769 0.11778846153846154 0.11057692307692307
0 0.2764423076923077 0.8329326923076923 0.1201923076923077 0.11057692307692307
0 0.15504807692307693 0.8401442307692307 0.12740384615384615 0.11538461538461539
0 0.039663461538461536 0.8401442307692307 0.07932692307692307 0.11538461538461539
0 0.9350961538461539 0.8846153846153846 0.10817307692307693 0.10096153846153846
0 0.8209134615384616 0.890625 0.11057692307692307 0.10336538461538461
0 0.7079326923076923 0.8990384615384616 0.11538461538461539 0.10576923076923077
0 0.5877403846153846 0.9098557692307693 0.11538461538461539 0.10576923076923077
0 0.46875 0.9182692307692307 0.11778846153846154 0.11057692307692307
0 0.34134615384615385 0.9278846153846154 0.1201923076923077 0.11057692307692307
0 0.21634615384615385 0.9362980769230769 0.1201923076923077 0.11057692307692307
0 0.08533653846153846 0.9387019230769231 0.12740384615384615 0.11057692307692307
0 0.9651442307692307 0.9567307692307693 0.06971153846153846 0.08653846153846154
0 0.8689903846153846 0.9615384615384616 0.10576923076923077 0.07451923076923077
0 0.7620192307692307 0.9675480769230769 0.11057692307692307 0.06490384615384616
0 0.6526442307692307 0.9711538461538461 0.11298076923076923 0.057692307692307696