0 0.8762019230769231 0.29447115384615385 0.10576923076923077 0.1201923076923077
0 0.7716346153846154 0.33052884615384615 0.10576923076923077 0.12740384615384615
0 0.38461538461538464 0.33413461538461536 0.12259615384615384 0.14903846153846154
0 0.6634615384615384 0.3401442307692308 0.10096153846153846 0.125
0 0.9242788461538461 0.3786057692307692 0.10336538461538461 0.1201923076923077
0 0.8197115384615384 0.3954326923076923 0.10096153846153846 0.11298076923076923
0 0.7211538461538461 0.421875 0.10096153846153846 0.11778846153846154
0 0.6153846153846154 0.421875 0.0985576923076923 0.11538461538461539
0 0.46033653846153844 0.4723557692307692 0.11778846153846154 0.13942307692307693
0 0.33774038461538464 0.49278846153846156 0.11778846153846154 0.13942307692307693
0 0.8786057692307693 0.5060096153846154 0.10096153846153846 0.11057692307692307
0 0.21754807692307693 0.5228365384615384 0.11538461538461539 0.13701923076923078
0 0.6742788461538461 0.5252403846153846 0.10096153846153846 0.10817307692307693
0 0.0985576923076923 0.5252403846153846 0.11538461538461539 0.1346153846153846
0 0.7800480769230769 0.5492788461538461 0.0985576923076923 0.11538461538461539
0 0.4074519230769231 0.5853365384615384 0.11538461538461539 0.13221153846153846
0 0.29086538461538464 0.6021634615384616 0.11538461538461539 0.12740384615384615
0 0.17548076923076922 0.7824519230769231 0.125 0.12980769230769232
0 0.15144230769230768 0.15384615384615385 0.11778846153846154 0.14423076923076922
0 0.26802884615384615 0.18028846153846154 0.11538461538461539 0.14423076923076922