0 0.19110576923076922 0.18870192307692307 0.1875 0.3389423076923077
0 0.6201923076923077 0.21754807692307693 0.24519230769230768 0.38221153846153844
0 0.38822115384615385 0.2247596153846154 0.21153846153846154 0.3629807692307692
0 0.0985576923076923 0.48677884615384615 0.18028846153846154 0.31971153846153844
0 0.2980769230769231 0.5168269230769231 0.19951923076923078 0.33653846153846156
0 0.5180288461538461 0.5348557692307693 0.22596153846153846 0.35336538461538464
0 0.0625 0.7379807692307693 0.125 0.3004807692307692
0 0.4338942307692308 0.7740384615384616 0.2091346153846154 0.2668269230769231
0 0.23677884615384615 0.7764423076923077 0.18509615384615385 0.28125
0 0.6694711538461539 0.8221153846153846 0.23557692307692307 0.17548076923076922
0 0.8954326923076923 0.8305288461538461 0.2091346153846154 0.15144230769230768