0 0.5515625 0.2140625 0.153125 0.203125
0 0.6979484554687501 0.3473274234375 0.15097808906249996 0.20690765312499998
0 0.8437034609375 0.42931213359375003 0.14384307812500002 0.1945007328125
0 0.55 0.44505920390625003 0.165625 0.2176940921875
0 0.40703125 0.327734375 0.1640625 0.22421875
0 0.253125 0.419921875 0.15625 0.20859375
0 0.66953125 0.547265625 0.1515625 0.19453125
0 0.8132041929687499 0.62265625 0.1454666140625 0.1953125
0 0.38984375 0.541015625 0.1609375 0.21953125
0 0.13515625 0.480078125 0.1390625 0.18828125
0 0.13828125 0.666796875 0.1328125 0.17734375
0 0.25390625 0.625 0.1515625 0.20625
0 0.12578125 0.894140625 0.1453125 0.17578125
0 0.375 0.91484375 0.14375 0.1640625
0 0.38515625 0.743359375 0.1546875 0.18671875
0 0.5171875 0.8140625 0.146875 0.18125
0 0.6453125 0.7234375 0.140625 0.171875
0 0.52734375 0.630078125 0.1484375 0.17890625
0 0.63515625 0.925390625 0.1484375 0.14765625
0 0.75859375 0.757421875 0.1265625 0.15859375
0 0.9078125 0.718359375 0.134375 0.17734375
0 0.9 0.910546875 0.125 0.15859375
0 0.2609375 0.79453125 0.1375 0.1546875
0 0.50234375 0.95078125 0.1359375 0.0984375